~20 km
[1.0004480360735806;
 0.0000000000000000;
 -0.0011861537895647;
 0.0000000000000000;
 0.0143474143448171;
 0.0000000000000000;
 5.0642944079283607];

~50 km
[1.0004480360735806;
 0.0000000000000000;
 -0.0011861537895647;
 0.0000000000000000;
 0.0143474143448171;
 0.0000000000000000;
 5.0642944079283607];

~100 km
[1.0005052110409325;
 0.0000000000000000;
 -0.0013969840975343;
 0.0000000000000000;
 0.0128376565161974;
 0.0000000000000000;
 5.2438051404551604];

~200 km
[1.0005898754180556;
 0.0000000000000000;
 -0.0017992804482555;
 0.0000000000000000;
 0.0107526427886250;
 0.0000000000000000;
 5.5733097329172461];