sa1=[17.4,17.1,17.5]
sm1=[.3,.29,.3]
ra1=[16.1,15.8,15.7]
rm1=[.29,.29,.29]

sa2=[18.1,18.3,18.2]
sm2=[.6,.6,.6]
ra2=[17.3,17.3,17.2]
rm2=[.6,.6,.6]

sa3=[19.5,19.6,19.8]
sm3=[1.02,1,1.02]
ra3=[17.9,18.7,17.7]
rm3=[1.02,1.02,1.02]