x0,y0,z0,xd0,yd0,zd0,Tp,JC,stabilityIndex1,stabilityIndex2,alpha,beta,impactFlag,error
1.0049894119056630,0.0,0.0145226215055684,0.0000000000000000,0.0356421946065901,0.0000000000000000,6.0433996030836497,3.0017867999829138,45.010185,2.107110,-47.1172956036836,96.8414229218128,0,9.0e-13
1.0050249972622776,0.0,0.0145693355355526,0.0000000000000000,0.0354623193099784,0.0000000000000000,6.0423096819828404,3.0017874383232122,44.505609,2.141501,-46.6471105427437,97.3088183775996,0,5.3e-13
1.0050576678404097,0.0,0.0146115033031624,0.0000000000000000,0.0352987933454274,0.0000000000000000,6.0411931925019919,3.0017880923097677,43.989386,2.177472,-46.1668577370560,97.7856614079143,0,2.3e-13
1.0050881543150980,0.0,0.0146502459789766,0.0000000000000000,0.0351475470385947,0.0000000000000000,6.0400544005796757,3.0017887594491035,43.463501,2.214962,-45.6784629342540,98.2700034612543,0,6.0e-13
1.0051169553027894,0.0,0.0146863215345198,0.0000000000000000,0.0350058201205149,0.0000000000000000,6.0388950334689770,3.0017894387339914,42.928758,2.253990,-45.1827478093170,98.7609971020878,0,4.3e-13
1.0051444245812391,0.0,0.0147202637306416,0.0000000000000000,0.0348716635168568,0.0000000000000000,6.0377156548967381,3.0017901298385583,42.385414,2.294617,-44.6800310864411,99.2582950701349,0,5.4e-13
1.0051708219571212,0.0,0.0147524619620111,0.0000000000000000,0.0347436517383346,0.0000000000000000,6.0365162616983428,3.0017908327690539,41.833461,2.336928,-44.1703892320166,99.7617903253202,0,7.8e-13
1.0051963439529066,0.0,0.0147832089411394,0.0000000000000000,0.0346207105521947,0.0000000000000000,6.0352965618617214,3.0017915477010799,41.272752,2.381026,-43.6537776720702,100.2714944188931,0,6.1e-13
1.0052211430295235,0.0,0.0148127303486566,0.0000000000000000,0.0345020095687511,0.0000000000000000,6.0340561115330154,3.0017922748993868,40.703062,2.427028,-43.1300906360303,100.7874782557742,0,9.4e-13
1.0052453400649839,0.0,0.0148412039719387,0.0000000000000000,0.0343868927793450,0.0000000000000000,6.0327943854285229,3.0017930146766543,40.124126,2.475066,-42.5991918020967,101.3098411480204,0,2.0e-13
1.0052690327203013,0.0,0.0148687724773556,0.0000000000000000,0.0342748321309430,0.0000000000000000,6.0315108141102920,3.0017937673716752,39.535648,2.525283,-42.0609306073459,101.8386948301618,0,1.2e-12
1.0052923012090778,0.0,0.0148955521856557,0.0000000000000000,0.0341653955894803,0.0000000000000000,6.0302048040402862,3.0017945333375895,38.937311,2.577840,-41.5151509957464,102.3741542862871,0,2.1e-13
1.0053152123803513,0.0,0.0149216392614797,0.0000000000000000,0.0340582245894497,0.0000000000000000,6.0288757484055466,3.0017953129355828,38.328784,2.632912,-40.9616962826617,102.9163334150463,0,4.4e-13
1.0053378226711200,0.0,0.0149471141773420,0.0000000000000000,0.0339530177557455,0.0000000000000000,6.0275230328429599,3.0017961065315077,37.709717,2.690695,-40.4004116795060,103.4653419543645,0,5.4e-13
1.0053601802851806,0.0,0.0149720449995366,0.0000000000000000,0.0338495189109903,0.0000000000000000,6.0261460383057353,3.0017969144942191,37.079744,2.751402,-39.8311457197468,104.0212843304394,0,3.6e-13
1.0053823268301572,0.0,0.0149964898514950,0.0000000000000000,0.0337475080781008,0.0000000000000000,6.0247441423141606,3.0017977371948459,36.438478,2.815273,-39.2537509155304,104.5842588424206,0,1.5e-13
1.0054042985659764,0.0,0.0150204987886496,0.0000000000000000,0.0336467946272506,0.0000000000000000,6.0233167192771724,3.0017985750066085,35.785511,2.882573,-38.6680840761923,105.1543573349986,0,5.1e-13
1.0054261273714193,0.0,0.0150441152474263,0.0000000000000000,0.0335472119761041,0.0000000000000000,6.0218631402988194,3.0017994283049210,35.120405,2.953601,-38.0740063768858,105.7316649714136,0,7.3e-13
1.0054478415024775,0.0,0.0150673771795708,0.0000000000000000,0.0334486134372479,0.0000000000000000,6.0203827727008825,3.0018002974677014,34.442693,3.028691,-37.4713833449326,106.3162602310019,0,2.1e-13
1.0054694661933810,0.0,0.0150903179500563,0.0000000000000000,0.0333508689293608,0.0000000000000000,6.0188749793967800,3.0018011828757212,33.751865,3.108220,-36.8600848080115,106.9082150156445,0,5.6e-13
1.0054910241389450,0.0,0.0151129670561703,0.0000000000000000,0.0332538623409887,0.0000000000000000,6.0173391182002360,3.0018020849130242,33.047368,3.192617,-36.2399847611793,107.5075944082893,0,1.2e-13
1.0055125358850763,0.0,0.0151353507086591,0.0000000000000000,0.0331574893981284,0.0000000000000000,6.0157745411135952,3.0018030039673507,32.328589,3.282372,-35.6109613284946,108.1144569565773,0,6.8e-13
1.0055340201477330,0.0,0.0151574923057259,0.0000000000000000,0.0330616559237284,0.0000000000000000,6.0141805936223491,3.0018039404305412,31.594851,3.378046,-34.9728966497135,108.7288544099131,0,3.4e-13
1.0055554940761497,0.0,0.0151794128230360,0.0000000000000000,0.0329662764034094,0.0000000000000000,6.0125566140109532,3.0018048946989682,30.845389,3.480288,-34.3256768718808,109.3508319403571,0,7.3e-13
1.0055769734709759,0.0,0.0152011311366962,0.0000000000000000,0.0328712727970166,0.0000000000000000,6.0109019327052780,3.0018058671739043,30.079338,3.589854,-33.6691920679598,109.9804277602006,0,1.8e-13
1.0055984729669027,0.0,0.0152226642927548,0.0000000000000000,0.0327765735450765,0.0000000000000000,6.0092158716443000,3.0018068582619057,29.295705,3.707631,-33.0033362854196,110.6176733396783,0,1.5e-13
1.0056200061864216,0.0,0.0152440277336912,0.0000000000000000,0.0326821127328105,0.0000000000000000,6.0074977436823005,3.0018078683751646,28.493336,3.834672,-32.3280075295315,111.2625930958120,0,2.5e-13
1.0056415858700596,0.0,0.0152652354895738,0.0000000000000000,0.0325878293830241,0.0000000000000000,6.0057468520178210,3.0018088979318498,27.670873,3.972235,-31.6431078230418,111.9152043109341,0,7.2e-14
1.0056632239874317,0.0,0.0152863003406917,0.0000000000000000,0.0324936668534674,0.0000000000000000,6.0039624896498083,3.0018099473564321,26.826697,4.121846,-30.9485432639981,112.5755169223535,0,5.4e-13
1.0056849318321381,0.0,0.0153072339561172,0.0000000000000000,0.0323995723222343,0.0000000000000000,6.0021439388552960,3.0018110170799845,25.958843,4.285381,-30.2442241184519,113.2435333454272,0,4.8e-13
1.0057067201040366,0.0,0.0153280470130571,0.0000000000000000,0.0323054963428247,0.0000000000000000,6.0002904706895501,3.0018121075404980,25.064884,4.465181,-29.5300649275844,113.9192482633413,0,3.7e-13
1.0057285989799145,0.0,0.0153487492993150,0.0000000000000000,0.0322113924615222,0.0000000000000000,5.9984013445026978,3.0018132191831510,24.141757,4.664228,-28.8059846309600,114.6026483625046,0,2.3e-13
1.0057505781752183,0.0,0.0153693498020774,0.0000000000000000,0.0321172168841802,0.0000000000000000,5.9964758074719384,3.0018143524605980,23.185504,4.886403,-28.0719067224948,115.2937120530223,0,2.3e-13
1.0057726669979543,0.0,0.0153898567851570,0.0000000000000000,0.0320229281853516,0.0000000000000000,5.9945130941476954,3.0018155078332320,22.190849,5.136911,-27.3277594079013,115.9924092174558,0,2.5e-13
1.0057948743959402,0.0,0.0154102778562435,0.0000000000000000,0.0319284870537344,0.0000000000000000,5.9925124260103484,3.0018166857694499,21.150497,5.422979,-26.5734757838842,116.6987008078357,0,2.1e-13
1.0058172089984416,0.0,0.0154306200256854,0.0000000000000000,0.0318338560683273,0.0000000000000000,5.9904730110359967,3.0018178867459069,20.053868,5.755126,-25.8089940538286,117.4125386345858,0,9.4e-14
1.0058396791529858,0.0,0.0154508897581769,0.0000000000000000,0.0317389995005441,0.0000000000000000,5.9883940432702953,3.0018191112477699,18.884597,6.149661,-25.0342577261640,118.1338649044120,0,3.2e-13
1.0058622929581011,0.0,0.0154710930182016,0.0000000000000000,0.0316438831387795,0.0000000000000000,5.9862747024080827,3.0018203597689634,17.614918,6.634298,-24.2492158551996,118.8626118964273,0,5.7e-13
1.0058850582921626,0.0,0.0154912353098343,0.0000000000000000,0.0315484741337206,0.0000000000000000,5.9841141533763320,3.0018216328124021,16.190291,7.263532,-23.4538232967755,119.5987015740678,0,9.6e-13
1.0059079828398143,0.0,0.0155113217125474,0.0000000000000000,0.0314527408575102,0.0000000000000000,5.9819115459231593,3.0018229308902491,14.469079,8.178962,-22.6480409506127,120.3420451145828,0,2.5e-13
1.0059310741150183,0.0,0.0155313569122139,0.0000000000000000,0.0313566527806892,0.0000000000000000,5.9796660142058684,3.0018242545241454,11.170327,10.661509,-21.8318360700231,121.0925425873466,0,3.2e-13
1.0059543394821235,0.0,0.0155513452291255,0.0000000000000000,0.0312601803598352,0.0000000000000000,5.9773766763824838,3.0018256042454379,20.828921,0.176262,-21.0051825306961,121.8500823715932,0,5.0e-13
1.0059777861748191,0.0,0.0155712906426181,0.0000000000000000,0.0311632949370508,0.0000000000000000,5.9750426342021914,3.0018269805954247,20.000346,0.167715,-20.1680611544334,122.6145407471657,0,2.6e-13
1.0060014213132764,0.0,0.0155911968130729,0.0000000000000000,0.0310659686489786,0.0000000000000000,5.9726629725957592,3.0018283841255826,19.161216,0.159244,-19.3204600347601,123.3857814213627,0,2.3e-13
1.0060252519197319,0.0,0.0156110671015131,0.0000000000000000,0.0309681743443275,0.0000000000000000,5.9702367592644476,3.0018298153977980,18.311530,0.150845,-18.4623748745089,124.1636549796704,0,3.4e-13
1.0060492849326681,0.0,0.0156309045870847,0.0000000000000000,0.0308698855088773,0.0000000000000000,5.9677630442671337,3.0018312749845988,17.451295,0.142514,-17.5938093405578,124.9479983592235,0,1.4e-13
1.0060735272197525,0.0,0.0156507120825165,0.0000000000000000,0.0307710761973770,0.0000000000000000,5.9652408596041102,3.0018327634693907,16.580525,0.134250,-16.7147754414779,125.7386343474547,0,2.3e-13
1.0060979855897043,0.0,0.0156704921480780,0.0000000000000000,0.0306717209709551,0.0000000000000000,5.9626692187984709,3.0018342814466759,15.699245,0.126049,-15.8252939095955,126.5353709255769,0,1.6e-13
1.0061226668031518,0.0,0.0156902471038341,0.0000000000000000,0.0305717948401015,0.0000000000000000,5.9600471164729507,3.0018358295222956,14.807486,0.117909,-14.9253946083009,127.3380007719020,0,1.3e-13
1.0061475775826549,0.0,0.0157099790406930,0.0000000000000000,0.0304712732120054,0.0000000000000000,5.9573735279230595,3.0018374083136496,13.905290,0.109827,-14.0151169437007,128.1463005959971,0,1.1e-13
1.0061727246219228,0.0,0.0157296898301236,0.0000000000000000,0.0303701318422460,0.0000000000000000,5.9546474086850196,3.0018390184499331,12.992710,0.101800,-13.0945103058134,128.9600305280982,0,1.2e-13
1.0061981145943406,0.0,0.0157493811328449,0.0000000000000000,0.0302683467900027,0.0000000000000000,5.9518676940989108,3.0018406605723587,12.069807,0.093827,-12.1636345085210,129.7789334759476,0,2.2e-13
1.0062237541608625,0.0,0.0157690544064082,0.0000000000000000,0.0301658943768225,0.0000000000000000,5.9490332988657313,3.0018423353343930,11.136655,0.085906,-11.2225602678156,130.6027344667870,0,1.1e-13
1.0062496499773335,0.0,0.0157887109120065,0.0000000000000000,0.0300627511480223,0.0000000000000000,5.9461431165991003,3.0018440434019804,10.193336,0.078033,-10.2713696674253,131.4311399412967,0,4.7e-14
1.0062758087013501,0.0,0.0158083517203350,0.0000000000000000,0.0299588938369209,0.0000000000000000,5.9431960193700908,3.0018457854537721,9.239948,0.070208,-9.3101566678480,132.2638370722294,0,7.2e-13
1.0063022369983843,0.0,0.0158279777166317,0.0000000000000000,0.0298542993321696,0.0000000000000000,5.9401908572452928,3.0018475621813447,8.276599,0.062429,-8.3390276152140,133.1004930052483,0,5.1e-13
1.0063289415479977,0.0,0.0158475896052877,0.0000000000000000,0.0297489446454706,0.0000000000000000,5.9371264578187226,3.0018493742894456,7.303408,0.054693,-7.3581017657510,133.9407541697405,0,4.9e-13
1.0063559290491375,0.0,0.0158671879134901,0.0000000000000000,0.0296428068831534,0.0000000000000000,5.9340016257353208,3.0018512224962026,6.320512,0.047000,-6.3675118356466,134.7842454695041,0,3.6e-13
1.0063832062253260,0.0,0.0158867729944337,0.0000000000000000,0.0295358632185803,0.0000000000000000,5.9308151422074049,3.0018531075333486,5.328058,0.039347,-5.3674045569648,135.6305695277112,0,2.8e-13
1.0064107798294657,0.0,0.0159063450299342,0.0000000000000000,0.0294280908663248,0.0000000000000000,5.9275657645229671,3.0018550301464462,4.326209,0.031732,-4.3579412575312,136.4793058741392,0,2.2e-13
1.0064386566483221,0.0,0.0159259040324957,0.0000000000000000,0.0293194670579177,0.0000000000000000,5.9242522255457226,3.0018569910951087,3.315143,0.024155,-3.3392984486714,137.3300101329333,0,2.2e-13
1.0064668435067128,0.0,0.0159454498469380,0.0000000000000000,0.0292099690188043,0.0000000000000000,5.9208732332067084,3.0018589911532110,2.295054,0.016614,-2.3116684348829,138.1822131927514,0,2.2e-13
1.0064953472714138,0.0,0.0159649821515106,0.0000000000000000,0.0290995739466564,0.0000000000000000,5.9174274699869764,3.0018610311091045,1.266152,0.009108,-1.2752599342143,139.0354203342019,0,2.0e-13
1.0065241748548002,0.0,0.0159845004585941,0.0000000000000000,0.0289882589907621,0.0000000000000000,5.9139135923912152,3.0018631117658297,0.228664,0.001635,-0.2302987136251,139.8891103843029,0,1.6e-13
1.0065533332182450,0.0,0.0160040041149755,0.0000000000000000,0.0288760012324798,0.0000000000000000,5.9103302304119456,3.0018652339413170,-0.817165,-0.005807,0.8229717540888,140.7427348081736,0,1.6e-13
1.0065828293752410,0.0,0.0160234923017284,0.0000000000000000,0.0287627776666777,0.0000000000000000,5.9066759869841610,3.0018673984685860,-1.871072,-0.013217,1.8842896296982,141.5957168185933,0,1.0e-13
1.0066126703943170,0.0,0.0160429640337179,0.0000000000000000,0.0286485651840373,0.0000000000000000,5.9029494374299842,3.0018696061959442,-2.932776,-0.020598,2.9533740271679,142.4474504557323,0,1.4e-13
1.0066428634016980,0.0,0.0160624181587428,0.0000000000000000,0.0285333405542206,0.0000000000000000,5.8991491288931543,3.0018718579871684,-4.001973,-0.027951,4.0299243198495,143.2972996494905,0,1.7e-13
1.0066734155837445,0.0,0.0160818533563151,0.0000000000000000,0.0284170804098409,0.0000000000000000,5.8952735797630940,3.0018741547216865,-5.078343,-0.035276,5.1136194350681,144.1445972754062,0,1.0e-13
1.0067043341891462,0.0,0.0161012681360827,0.0000000000000000,0.0282997612312176,0.0000000000000000,5.8913212790881122,3.0018764972947500,-6.161541,-0.042576,6.2041171423121,144.9886442039275,0,5.0e-14
1.0067356265309071,0.0,0.0161206608359649,0.0000000000000000,0.0281813593317508,0.0000000000000000,5.8872906859778427,3.0018788866175936,-7.251203,-0.049850,7.3010533179432,145.8287083151820,0,3.2e-14
1.0067672999880686,0.0,0.0161400296199253,0.0000000000000000,0.0280618508440780,0.0000000000000000,5.8831802289942274,3.0018813236175821,-8.346941,-0.057100,8.4040412142599,146.6640235362825,0,1.0e-13
1.0067993620072058,0.0,0.0161593724754220,0.0000000000000000,0.0279412117068680,0.0000000000000000,5.8789883055310126,3.0018838092383571,-9.448343,-0.064327,9.5126707100602,147.4937888407881,0,6.8e-14
1.0068318201036830,0.0,0.0161786872105804,0.0000000000000000,0.0278194176522315,0.0000000000000000,5.8747132811814851,3.0018863444399519,-10.554975,-0.071532,10.6265075582018,148.3171672609399,0,1.1e-13
1.0068646818626268,0.0,0.0161979714510230,0.0000000000000000,0.0276964441938251,0.0000000000000000,5.8703534890940654,3.0018889301989078,-11.666376,-0.078716,11.7450926271283,149.1332848873084,0,7.8e-14
1.0068979549396748,0.0,0.0162172226364105,0.0000000000000000,0.0275722666155450,0.0000000000000000,5.8659072293155337,3.0018915675083626,-12.782061,-0.085880,12.8679411299516,149.9412298580884,0,1.6e-13
1.0069316470614020,0.0,0.0162364380166704,0.0000000000000000,0.0274468599608919,0.0000000000000000,5.8613727681216314,3.0018942573781278,-13.901518,-0.093024,13.9945418682507,150.7400513693423,0,1.8e-13
1.0069657660254843,0.0,0.0162556146479415,0.0000000000000000,0.0273201990229522,0.0000000000000000,5.8567483373346798,3.0018970008347376,-15.024207,-0.100150,15.1243564493209,151.5287586576107,0,4.5e-14
1.0070003197005346,0.0,0.0162747493881948,0.0000000000000000,0.0271922583350662,0.0000000000000000,5.8520321336280201,3.0018997989214844,-16.149561,-0.107258,16.2568185323557,152.3063200131536,0,1.1e-13
1.0070353160256276,0.0,0.0162938388925869,0.0000000000000000,0.0270630121621275,0.0000000000000000,5.8472223178168736,3.0019026526984205,-17.276984,-0.114349,17.3913330557872,153.0716617828909,0,2.2e-13
1.0070707630094522,0.0,0.0163128796084941,0.0000000000000000,0.0269324344926213,0.0000000000000000,5.8423170141354435,3.0019055632423384,-18.405851,-0.121425,18.5272754794578,153.8236673882757,0,9.5e-14
1.0071066687291192,0.0,0.0163318677702517,0.0000000000000000,0.0268004990313798,0.0000000000000000,5.8373143094997815,3.0019085316467149,-19.535506,-0.128485,19.6639910390080,154.5611763610544,0,2.1e-13
1.0071430413285440,0.0,0.0163507993936119,0.0000000000000000,0.0266671791930963,0.0000000000000000,5.8322122527563263,3.0019115590216301,-20.665262,-0.135532,20.8007940040273,155.2829833901980,0,6.3e-14
1.0071798890164601,0.0,0.0163696702699006,0.0000000000000000,0.0265324480965362,0.0000000000000000,5.8270088539156344,3.0019146464936433,-21.794403,-0.142564,21.9369669567000,155.9878373876993,0,5.5e-13
1.0072172200637690,0.0,0.0163884759598083,0.0000000000000000,0.0263962785602706,0.0000000000000000,5.8217020833708304,3.0019177952056215,-22.922176,-0.149584,23.0717600802383,156.6744405953728,0,4.3e-13
1.0072550428007856,0.0,0.0164072117870758,0.0000000000000000,0.0262586430979340,0.0000000000000000,5.8162898711011923,3.0019210063165462,-24.047798,-0.156593,24.2043904887500,157.3414476997438,0,4.5e-13
1.0072933656135779,0.0,0.0164258728316722,0.0000000000000000,0.0261195139158837,0.0000000000000000,5.8107701058593761,3.0019242810012510,-14.780300,-10.553741,25.3340415585999,157.9874649960887,0,3.4e-13
1.0073321969399043,0.0,0.0164444539227957,0.0000000000000000,0.0259788629112195,0.0000000000000000,5.8051406343428953,3.0019276204501186,-17.521787,-8.938075,26.4598623112115,158.6110495946078,0,4.0e-13
1.0073715452645124,0.0,0.0164629496315733,0.0000000000000000,0.0258366616710303,0.0000000000000000,5.7993992603490829,3.0019310258687075,-19.532149,-8.048818,27.5809668196739,159.2107086678938,0,4.2e-13
1.0074114191137642,0.0,0.0164813542634617,0.0000000000000000,0.0256928814729059,0.0000000000000000,5.7935437439132613,3.0019344984773340,-21.282655,-7.413779,28.6964336610844,159.7848987550031,0,2.4e-13
1.0074518270495447,0.0,0.0164996618503719,0.0000000000000000,0.0255474932867440,0.0000000000000000,5.7875718004297125,3.0019380395105726,-22.887453,-6.917853,29.8053054192088,160.3320251272120,0,2.8e-13
1.0074927776623930,0.0,0.0165178661425248,0.0000000000000000,0.0254004677779948,0.0000000000000000,5.7814810997551760,3.0019416502166822,-24.394986,-6.511602,30.9065882315898,160.8504412187595,0,2.5e-13
1.0075342795637794,0.0,0.0165359606000396,0.0000000000000000,0.0252517753124505,0.0000000000000000,5.7752692652943551,3.0019453318569624,-25.830677,-6.168574,31.9992514073589,161.3384481501392,0,2.6e-13
1.0075763413774930,0.0,0.0165539383842729,0.0000000000000000,0.0251013859627001,0.0000000000000000,5.7689338730671462,3.0019490857050046,-27.209485,-5.872742,33.0822271002485,161.7942943137165,0,1.6e-13
1.0076189717300326,0.0,0.0165717923489040,0.0000000000000000,0.0249492695164140,0.0000000000000000,5.7624724507571168,3.0019529130458653,-28.540833,-5.613577,34.1544100692959,162.2161750822759,0,1.5e-13
1.0076621792399363,0.0,0.0165895150307970,0.0000000000000000,0.0247953954865816,0.0000000000000000,5.7558824767408261,3.0019568151751184,-29.830904,-5.383753,35.2146575106144,162.6022326084989,0,2.0e-13
1.0077059725059665,0.0,0.0166070986406792,0.0000000000000000,0.0246397331238696,0.0000000000000000,5.7491613790976235,3.0019607933978056,-31.083839,-5.177950,36.2617889869997,162.9505557542274,0,2.4e-13
1.0077503600940456,0.0,0.0166245350535989,0.0000000000000000,0.0244822514313211,0.0000000000000000,5.7423065345993756,3.0019648490272579,-32.302416,-4.992171,37.2945864599789,163.2591801534322,0,2.2e-13
1.0077953505228638,0.0,0.0166418157992559,0.0000000000000000,0.0243229191815117,0.0000000000000000,5.7353152676797299,3.0019689833837844,-33.488458,-4.823336,38.3117944237137,163.5260884187181,0,3.3e-14
1.0078409522480118,0.0,0.0166589320521903,0.0000000000000000,0.0241617049364711,0.0000000000000000,5.7281848493824743,3.0019731977932156,-34.643104,-4.669016,39.3121201749663,163.7492105108748,0,9.2e-14
1.0078871736445696,0.0,0.0166758746218841,0.0000000000000000,0.0239985770704783,0.0000000000000000,5.7209124962883990,3.0019774935852950,-35.766973,-4.527261,40.2942342002253,163.9264243017204,0,1.5e-13
1.0079340229879925,0.0,0.0166926339428499,0.0000000000000000,0.0238335037960582,0.0000000000000000,5.7134953694203254,3.0019818720918852,-36.860290,-4.396481,41.2567707182663,164.0555563201073,0,2.5e-13
1.0079815084331682,0.0,0.0167092000646840,0.0000000000000000,0.0236664531933850,0.0000000000000000,5.7059305731255980,3.0019863346450095,-37.922967,-4.275361,42.1983283763693,164.1343827337616,0,1.5e-13
1.0080296379915166,0.0,0.0167255626422300,0.0000000000000000,0.0234973932434000,0.0000000000000000,5.6982151539356423,3.0019908825746762,-38.954668,-4.162804,43.1174711159853,164.1606305551023,0,5.2e-14
1.0080784195059533,0.0,0.0167417109258638,0.0000000000000000,0.0233262918648832,0.0000000000000000,5.6903460994019968,3.0019955172064994,-39.954849,-4.057880,44.0127292260834,164.1319791336342,0,6.9e-14
1.0081278606235651,0.0,0.0167576337519972,0.0000000000000000,0.0231531169558422,0.0000000000000000,5.6823203369081963,3.0020002398590750,-40.922802,-3.959799,44.8826005919160,164.0460619243837,0,8.7e-14
1.0081779687658374,0.0,0.0167733195339117,0.0000000000000000,0.0229778364394738,0.0000000000000000,5.6741347324569888,3.0020050518411145,-41.857672,-3.867880,45.7255521635198,163.9004685871554,0,1.1e-13
1.0082287510962200,0.0,0.0167887562529948,0.0000000000000000,0.0228004183150895,0.0000000000000000,5.6657860894321939,3.0020099544483019,-42.758486,-3.781536,46.5400216529245,163.6927474310571,0,1.1e-13
1.0082802144848355,0.0,0.0168039314505352,0.0000000000000000,0.0226208307143610,0.0000000000000000,5.6572711473346367,3.0020149489598555,-43.624168,-3.700252,47.3244194795287,163.4204082563674,0,2.2e-14
1.0083323654701666,0.0,0.0168188322201763,0.0000000000000000,0.0224390419631815,0.0000000000000000,5.6485865804914095,3.0020200366347787,-44.453553,-3.623578,48.0771309828076,163.0809256063792,0,1.3e-13
1.0083852102174216,0.0,0.0168334452012299,0.0000000000000000,0.0222550206495980,0.0000000000000000,5.6397289967378406,3.0020252187077650,-45.245401,-3.551118,48.7965189193924,162.6717424965468,0,5.0e-14
1.0084387544734184,0.0,0.0168477565729844,0.0000000000000000,0.0220687356981976,0.0000000000000000,5.6306949360714027,3.0020304963847404,-45.998409,-3.482518,49.4809262640039,162.1902746380367,0,9.3e-14
1.0084930035177191,0.0,0.0168617520502477,0.0000000000000000,0.0218801564512482,0.0000000000000000,5.6214808692768434,3.0020358708380144,-46.711215,-3.417464,50.1286793334620,161.6339152291989,0,1.2e-13
1.0085479621097184,0.0,0.0168754168803151,0.0000000000000000,0.0216892527571617,0.0000000000000000,5.6120831965217581,3.0020413432010069,-47.382415,-3.355676,50.7380912539687,161.0000403482238,0,2.2e-13
1.0086036344315057,0.0,0.0168887358416549,0.0000000000000000,0.0214959950664866,0.0000000000000000,5.6024982459217805,3.0020469145625253,-48.010566,-3.296900,51.3074657927972,160.2860150118561,0,1.8e-13
1.0086600240261485,0.0,0.0169016932445622,0.0000000000000000,0.0213003545359524,0.0000000000000000,5.5927222720745782,3.0020525859605605,-48.594196,-3.240906,51.8351015782546,159.4891999455472,0,1.1e-13
1.0087171337311616,0.0,0.0169142729341399,0.0000000000000000,0.0211023031408547,0.0000000000000000,5.5827514545617927,3.0020583583755687,-49.131811,-3.187486,52.3192967173225,158.6069591748856,0,4.2e-14
1.0087749656068632,0.0,0.0169264582959323,0.0000000000000000,0.0209018137961520,0.0000000000000000,5.5725818964180238,3.0020642327231979,-49.621903,-3.136451,52.7583538521493,157.6366684305681,0,2.3e-13
1.0088335208593204,0.0,0.0169382322646327,0.0000000000000000,0.0206988604865914,0.0000000000000000,5.5622096225659359,3.0020702098464440,-50.062959,-3.087627,53.1505856535529,156.5757245326552,0,7.9e-14
1.0088927997576616,0.0,0.0169495773363055,0.0000000000000000,0.0204934184059333,0.0000000000000000,5.5516305782165842,3.0020762905071745,-50.453468,-3.040853,53.4943207933931,155.4215557474213,0,5.1e-13
1.0089528015452196,0.0,0.0169604755845920,0.0000000000000000,0.0202854641062075,0.0000000000000000,5.5408406272338215,3.0020824753769948,-50.791930,-2.995981,53.7879103914723,154.1716333112070,0,3.9e-13
1.0090135243447909,0.0,0.0169709086815124,0.0000000000000000,0.0200749756553042,0.0000000000000000,5.5298355504622192,3.0020887650274419,-51.076862,-2.952873,54.0297349857994,152.8234840463540,0,3.5e-13
1.0090749650570390,0.0,0.0169808579233632,0.0000000000000000,0.0198619328052628,0.0000000000000000,5.5186110440169447,3.0020951599194299,-51.306811,-2.911401,54.2182120110406,151.3747043577353,0,3.0e-13
1.0091371192523080,0.0,0.0169903042624530,0.0000000000000000,0.0196463171692994,0.0000000000000000,5.5071627175350351,3.0021016603919284,-51.480360,-2.871444,54.3518038243726,149.8229755711770,0,2.8e-13
1.0091999810554597,0.0,0.0169992283453303,0.0000000000000000,0.0194281124079981,0.0000000000000000,5.4954860923868685,3.0021082666498486,-51.596138,-2.832888,54.4290262763908,148.1660807669434,0,1.5e-13
1.0092635430235666,0.0,0.0170076105583467,0.0000000000000000,0.0192073044239732,0.0000000000000000,5.4835765998469013,3.0021149787510919,-51.652833,-2.795624,54.4484578469379,146.4019232152136,0,2.7e-13
1.0093277960163338,0.0,0.0170154310813375,0.0000000000000000,0.0189838815643684,0.0000000000000000,5.4714295792227121,3.0021217965927245,-51.649199,-2.759550,54.4087493405252,144.5285465187919,0,1.4e-13
1.0093927290591806,0.0,0.0170226699503679,0.0000000000000000,0.0187578348300568,0.0000000000000000,5.4590402759414278,3.0021287198962625,-51.584069,-2.724565,54.3086341536673,142.5441565531894,0,1.8e-13
1.0094583291989678,0.0,0.0170293071305265,0.0000000000000000,0.0185291580902931,0.0000000000000000,5.4464038395926986,3.0021357481920257,-51.456365,-2.690574,54.1469390986113,140.4471453341605,0,1.8e-13
1.0095245813524312,0.0,0.0170353225997614,0.0000000000000000,0.0182978483011396,0.0000000000000000,5.4335153219274313,3.0021428808025581,-51.265114,-2.657482,53.9225957788142,138.2361169043388,0,3.2e-13
1.0095914681474751,0.0,0.0170406964449089,0.0000000000000000,0.0180639057256104,0.0000000000000000,5.4203696748116430,3.0021501168250762,-51.009455,-2.625198,53.6346524967480,135.9099153200546,0,1.4e-13
1.0096589697576404,0.0,0.0170454089710320,0.0000000000000000,0.0178273341528071,0.0000000000000000,5.4069617481348926,3.0021574551129646,-50.688656,-2.593631,53.2822866687211,133.4676547976242,0,9.7e-14
1.0097270637300182,0.0,0.0170494408252937,0.0000000000000000,0.0175881411133657,0.0000000000000000,5.3932862876729164,3.0021648942562864,-50.302128,-2.562690,52.8648177021494,130.9087521583635,0,1.2e-13
1.0097957248071756,0.0,0.0170527731365773,0.0000000000000000,0.0173463380873589,0.0000000000000000,5.3793379329043178,3.0021724325613288,-49.849436,-2.532285,52.3817202987281,128.2329614955745,0,2.2e-14
1.0098649247437395,0.0,0.0170553876721245,0.0000000000000000,0.0171019407006159,0.0000000000000000,5.3651112147813445,3.0021800680292108,-49.330314,-2.502324,51.8326381187502,125.4404111456402,0,1.8e-13
1.0099346321183365,0.0,0.0170572670124648,0.0000000000000000,0.0168549689046968,0.0000000000000000,5.3506005534550622,3.0021877983335434,-48.744684,-2.472714,51.2173977309627,122.5316428984113,0,1.6e-13
1.0100048121418412,0.0,0.0170583947458651,0.0000000000000000,0.0166054471352048,0.0000000000000000,5.3358002559555411,3.0021956207972074,-48.092664,-2.443359,50.5360227709149,119.5076533629281,0,7.4e-14
1.0100754264629599,0.0,0.0170587556835481,0.0000000000000000,0.0163534044422919,0.0000000000000000,5.3207045138279438,3.0022035323682621,-47.374586,-2.414162,49.7887481922494,116.3699373334282,0,9.3e-14
1.0101464329723124,0.0,0.0170583360967627,0.0000000000000000,0.0160988745868967,0.0000000000000000,5.3053074007257619,3.0022115295950589,-46.591014,-2.385021,48.9760345056388,113.1205329374147,0,1.3e-13
1.0102177856062715,0.0,0.0170571239768598,0.0000000000000000,0.0158418960954066,0.0000000000000000,5.2896028699628053,3.0022196086005857,-45.742754,-2.355828,48.0985818630440,109.7620682499607,0,1.8e-13
1.0102894341518847,0.0,0.0170551093192123,0.0000000000000000,0.0155825122651799,0.0000000000000000,5.2735847520258510,3.0022277650561286,-44.830871,-2.326473,47.1573438329567,106.2978089597325,0,7.1e-14
1.0103613240542537,0.0,0.0170522844318243,0.0000000000000000,0.0153207711127965,0.0000000000000000,5.2572467520502402,3.0022359941542844,-43.856704,-2.296837,46.1535407043798,102.7317065457934,0,1.4e-13
1.0104333962276866,0.0,0.0170486442691598,0.0000000000000000,0.0150567252568118,0.0000000000000000,5.2405824472609472,3.0022442905814000,-42.821876,-2.266796,45.0886721240199,99.0684462846259,0,9.5e-14
1.0105055868718269,0.0,0.0170441867915982,0.0000000000000000,0.0147904317267848,0.0000000000000000,5.2235852843819242,3.0022526484894621,-41.728314,-2.236215,43.9645288674736,95.3134942758120,0,6.5e-14
1.0105778272938262,0.0,0.0170389133506129,0.0000000000000000,0.0145219516903472,0.0000000000000000,5.2062485770166331,3.0022610614674887,-40.578250,-2.204953,42.7832035232972,91.4731424554025,0,7.1e-14
1.0106500437372017,0.0,0.0170328290994964,0.0000000000000000,0.0142513500909789,0.0000000000000000,5.1885655030027440,3.0022695225124125,-39.374244,-2.172856,41.5470998533319,87.5545504318665,0,1.0e-13
1.0107221572177476,0.0,0.0170259434292453,0.0000000000000000,0.0139786951895631,0.0000000000000000,5.1705291017438446,3.0022780239994322,-38.119184,-2.139757,40.2589405850261,83.5657827332664,0,8.5e-14
1.0107940833661710,0.0,0.0170182704288204,0.0000000000000000,0.0137040580044212,0.0000000000000000,5.1521322715207516,3.0022865576517597,-36.816297,-2.105476,38.9217733746683,79.5158399105835,0,1.0e-13
1.0108657322764658,0.0,0.0170098293688229,0.0000000000000000,0.0134275116458022,0.0000000000000000,5.1333677667845432,3.0022951145096499,-35.469157,-2.069817,37.5389746704185,75.4146816470105,0,1.5e-13
1.0109370083581684,0.0,0.0170006452073316,0.0000000000000000,0.0131491305430978,0.0000000000000000,5.1142281954327533,3.0023036848985036,-34.081686,-2.032565,36.1142512048355,71.2732399253703,0,1.1e-13
1.0110078101895323,0.0,0.0169907491164581,0.0000000000000000,0.0128689895653716,0.0000000000000000,5.0947060160692859,3.0023122583958011,-32.658158,-1.993481,34.6516388241293,67.1034200441609,0,1.1e-13
1.0110780303675666,0.0,0.0169801790280226,0.0000000000000000,0.0125871630386134,0.0000000000000000,5.0747935352475144,3.0023208237964960,-31.203196,-1.952303,33.1554983764312,62.9180871914043,0,1.4e-13
1.0111475553493918,0.0,0.0169689801967397,0.0000000000000000,0.0123037236663773,0.0000000000000000,5.0544829046947219,3.0023293690764414,-29.721772,-1.908737,31.6305083566515,58.7310361582569,0,1.8e-13
1.0112162652779213,0.0,0.0169572057792932,0.0000000000000000,0.0120187413639421,0.0000000000000000,5.0337661185145945,3.0023378813532817,-28.219201,-1.862453,30.0816540165111,54.5569417410200,0,9.6e-14
1.0112840337832656,0.0,0.0169449174279137,0.0000000000000000,0.0117322820196521,0.0000000000000000,5.0126350103629234,3.0023463468441647,-26.701133,-1.813080,28.5142126361211,50.4112875176991,0,5.5e-14
1.0113507277493736,0.0,0.0169321858972474,0.0000000000000000,0.0114444062011161,0.0000000000000000,4.9910812505900415,3.0023547508194928,-25.173543,-1.760192,26.9337346539709,46.3102707474257,0,9.1e-14
1.0114162070337143,0.0,0.0169190916638219,0.0000000000000000,0.0111551678273948,0.0000000000000000,4.9690963433419846,3.0023630775518413,-23.642719,-1.703302,25.3460203472931,42.2706815607033,0,1.7e-13
1.0114803241257593,0.0,0.0169057255579104,0.0000000000000000,0.0108646128321371,0.0000000000000000,4.9466716236108272,3.0023713102590328,-22.115249,-1.641842,23.7570917584779,38.3097550286337,0,5.2e-14
1.0115429237279912,0.0,0.0168921894082192,0.0000000000000000,0.0105727778460614,0.0000000000000000,4.9237982542234526,3.0023794310402923,-20.598007,-1.575152,22.1731595618347,34.4449952877793,0,6.8e-14
1.0116038422411080,0.0,0.0168785967006513,0.0000000000000000,0.0102796889300563,0.0000000000000000,4.9004672227569452,3.0023874208042680,-19.098136,-1.502449,20.6005845844589,30.6939717897942,0,3.0e-13
1.0116629071327792,0.0,0.0168650732531891,0.0000000000000000,0.0099853603932725,0.0000000000000000,4.8766693383681474,3.0023952591876455,-17.623031,-1.422802,19.0458337131098,27.0740886182583,0,2.6e-14
1.0117199361669307,0.0,0.0168517579098812,0.0000000000000000,0.0096897937326895,0.0000000000000000,4.8523952285246281,3.0024029244629871,-16.180332,-1.335098,17.5154299694687,23.6023290577657,0,1.1e-13
1.0117747364678771,0.0,0.0168388032578314,0.0000000000000000,0.0093929767328799,0.0000000000000000,4.8276353356243575,3.0024103934343729,-14.777901,-1.237996,16.0158965922282,20.2949787572423,0,1.4e-13
1.0118271033905826,0.0,0.0168263763720607,0.0000000000000000,0.0090948827664049,0.0000000000000000,4.8023799134918592,3.0024176413193460,-13.423812,-1.129883,14.5536950754458,17.1673323225637,0,1.3e-13
1.0118768191648104,0.0,0.0168146595939975,0.0000000000000000,0.0087954703371247,0.0000000000000000,4.7766190237393715,3.0024246416156277,-12.126328,-1.008829,13.1351572259526,14.2333894793208,0,1.1e-13
1.0119236512766621,0.0,0.0168038513503175,0.0000000000000000,0.0084946829102966,0.0000000000000000,4.7503425319825539,3.0024313659509896,-10.893851,-0.872561,11.7664114990422,11.5055483861891,0,2.2e-14
1.0119673505459745,0.0,0.0167941670196231,0.0000000000000000,0.0081924490751880,0.0000000000000000,4.7235401039014242,3.0024377839146537,-9.734821,-0.718483,10.4533040785031,8.9943049712524,0,2.1e-13
1.0120076488513527,0.0,0.0167858398553754,0.0000000000000000,0.0078886830887306,0.0000000000000000,4.6962012011384262,3.0024438628684935,-8.657514,-0.543801,9.2013154406360,6.7079681915703,0,2.8e-13
1.0120442564469005,0.0,0.0167791219742150,0.0000000000000000,0.0075832858512038,0.0000000000000000,4.6683150770265653,3.0024495677362615,-7.669642,-0.345831,8.0154734603489,4.6524019711894,0,4.8e-13
1.0120768588042297,0.0,0.0167742854196677,0.0000000000000000,0.0072761463701048,0.0000000000000000,4.6398707721412773,3.0024548607689470,-6.777685,-0.122579,6.9002644594653,2.8308050214231,0,8.5e-14
1.0121051129008618,0.0,0.0167716233121468,0.0000000000000000,0.0069671437707521,0.0000000000000000,4.6108571096706559,3.0024597012843008,-5.985917,0.126373,5.8595439960550,1.2435396190557,0,1.2e-13
1.0121286428591689,0.0,0.0167714510971604,0.0000000000000000,0.0066561499237394,0.0000000000000000,4.5812626905975264,3.0024640453782938,-5.295291,0.398841,4.8964495770293,-0.1119798972897,0,2.0e-13
1.0121470348197701,0.0,0.0167741079050102,0.0000000000000000,0.0063430327614924,0.0000000000000000,4.5510758886874614,3.0024678456061822,-4.702584,0.689266,4.0133178699783,-1.2413294020505,0,7.6e-14
1.0121598309058599,0.0,0.0167799580367761,0.0000000000000000,0.0060276603712252,0.0000000000000000,4.5202848452742650,3.0024710506304797,-4.200347,0.988737,3.2116093594287,-2.1530399756001,0,1.8e-13
1.0121665221004279,0.0,0.0167893925937766,0.0000000000000000,0.0057099059620058,0.0000000000000000,4.4888774638324103,3.0024736048327725,-3.777878,1.286034,2.4918436426244,-2.8584797845731,0,1.1e-13
1.0121666082080205,0.0,0.0168025233907570,0.0000000000000000,0.0053960219102051,0.0000000000000000,4.4574821203471000,3.0024754186948530,-3.429339,1.563931,1.8654084619696,-3.3632504277686,0,4.5e-13
1.0121598880102423,0.0,0.0168195433045851,0.0000000000000000,0.0050858172249181,0.0000000000000000,4.4260988155786585,3.0024764744146970,-3.139413,1.813602,1.3258111146559,-3.6936470813956,0,2.1e-13
1.0121461322649630,0.0,0.0168406410457439,0.0000000000000000,0.0047791369762502,0.0000000000000000,4.3947275471626908,3.0024767533479104,-2.895356,2.029163,0.8661925263812,-3.8751506223098,0,3.8e-13
1.0121245730605317,0.0,0.0168665649961990,0.0000000000000000,0.0044697086666669,0.0000000000000000,4.3627283299966448,3.0024762169745696,-2.683134,2.210869,0.4722646407767,-3.9320590763980,0,1.5e-13
1.0121062095768294,0.0,0.0168860193796543,0.0000000000000000,0.0042691538336639,0.0000000000000000,4.3418006105480895,3.0024754070444972,-2.560423,2.308488,0.2519354273722,-3.9107057023560,0,5.4e-13
1.0120857502249678,0.0,0.0169061856688415,0.0000000000000000,0.0040817625849432,0.0000000000000000,4.3221112560058792,3.0024743065971138,-2.454623,2.385302,0.0693212610934,-3.8550166389398,0,2.4e-13
1.0120616078022329,0.0,0.0169286645354064,0.0000000000000000,0.0038919130724627,0.0000000000000000,4.3020278971884904,3.0024728400933025,2.449190,-2.355014,-0.0941756914994,-3.7678777316409,0,7.5e-14
1.0120373880168780,0.0,0.0169502173063717,0.0000000000000000,0.0037248939236728,0.0000000000000000,4.2842441084870622,3.0024712465273615,2.494166,-2.272925,-0.2212404203690,-3.6690525852822,0,2.1e-13
1.0120136492533576,0.0,0.0169706221441305,0.0000000000000000,0.0035778618644626,0.0000000000000000,4.2684966034900969,3.0024696004341043,2.525417,-2.204478,-0.3209395328591,-3.5672268893921,1,2.5e-13
1.0119892967903501,0.0,0.0169909729126128,0.0000000000000000,0.0034402785447026,0.0000000000000000,4.2536809626248040,3.0024678472982522,2.547915,-2.143352,-0.4045631909462,-3.4610768223668,1,3.0e-14
1.0119645531561767,0.0,0.0170111578491299,0.0000000000000000,0.0033115077099918,0.0000000000000000,4.2397420471854561,3.0024660144911550,2.563359,-2.088476,-0.4748831941127,-3.3535128981822,1,7.1e-13
1.0119374378754256,0.0,0.0170328007436582,0.0000000000000000,0.0031808409351360,0.0000000000000000,4.2255242300107758,3.0024639594081424,2.573790,-2.034909,-0.5388811341823,-3.2374289384834,1,5.8e-13
1.0119101531960133,0.0,0.0170541498606246,0.0000000000000000,0.0030585451800377,0.0000000000000000,4.2121477601666513,3.0024618526117579,2.579057,-1.986554,-0.5925024891414,-3.1234359432549,1,3.5e-13
