x0,y0,z0,xd0,yd0,zd0,Tp,JC,stabilityIndex1,stabilityIndex2,alpha,beta,impactFlag,error
1.0004942019380889,0.0,0.0000125042508099,0.0000000000000000,0.0250400120949680,0.0000000000000000,4.1983956496836177,3.0001408954289617,1.978543,-1.677912,-0.3006289776284,-1.3198182081802,0,1.2e-09
1.0004941959977980,0.0,0.0000133925635238,0.0000000000000000,0.0250395479136215,0.0000000000000000,4.1984456496836176,3.0001408917423191,1.975509,-1.678196,-0.2973129407402,-1.3152913284550,0,3.8e-11
1.0004941900579760,0.0,0.0000142255261275,0.0000000000000000,0.0250390837479325,0.0000000000000000,4.1984956496836174,3.0001408880558742,1.972381,-1.678489,-0.2938921612555,-1.3106203938124,0,1.6e-10
1.0004941841186203,0.0,0.0000150123547787,0.0000000000000000,0.0250386195979731,0.0000000000000000,4.1985456496836173,3.0001408843696269,1.969199,-1.678787,-0.2904113768050,-1.3058662459759,0,3.8e-10
1.0004941781797319,0.0,0.0000157599608127,0.0000000000000000,0.0250381554637220,0.0000000000000000,4.1985956496836181,3.0001408806835776,1.966095,-1.679078,-0.2870167381859,-1.3012278920049,0,7.7e-12
1.0004941722413090,0.0,0.0000164736850813,0.0000000000000000,0.0250376913452251,0.0000000000000000,4.1986456496836180,3.0001408769977260,1.962988,-1.679370,-0.2836186917156,-1.2965834315593,0,3.5e-10
1.0004941663033531,0.0,0.0000171577563203,0.0000000000000000,0.0250372272424512,0.0000000000000000,4.1986956496836179,3.0001408733120720,1.959775,-1.679671,-0.2801030286391,-1.2917770780850,0,5.9e-10
1.0004941603658632,0.0,0.0000178155906559,0.0000000000000000,0.0250367631554023,0.0000000000000000,4.1987456496836177,3.0001408696266156,1.956707,-1.679959,-0.2767486203021,-1.2871891267652,0,2.1e-10
1.0004941544288399,0.0,0.0000184499947302,0.0000000000000000,0.0250362990840896,0.0000000000000000,4.1987956496836176,3.0001408659413578,1.953526,-1.680258,-0.2732675286378,-1.2824268070471,0,3.8e-10
1.0004941484922827,0.0,0.0000190633078796,0.0000000000000000,0.0250358350285052,0.0000000000000000,4.1988456496836175,3.0001408622562971,1.950465,-1.680545,-0.2699206023209,-1.2778461165221,0,4.8e-10
1.0004941425561924,0.0,0.0000196575043194,0.0000000000000000,0.0250353709886349,0.0000000000000000,4.1988956496836174,3.0001408585714335,1.947286,-1.680844,-0.2664419859771,-1.2730841107955,0,8.9e-11
1.0004941366205684,0.0,0.0000202342682497,0.0000000000000000,0.0250349069644893,0.0000000000000000,4.1989456496836173,3.0001408548867685,1.944155,-1.681138,-0.2630164809548,-1.2683931201879,0,9.5e-11
1.0004941306854107,0.0,0.0000207950502309,0.0000000000000000,0.0250344429560637,0.0000000000000000,4.1989956496836180,3.0001408512023007,1.941045,-1.681431,-0.2596141629484,-1.2637323072311,0,1.4e-10
1.0004941247507195,0.0,0.0000213411101798,0.0000000000000000,0.0250339789633587,0.0000000000000000,4.1990456496836179,3.0001408475180305,1.937948,-1.681722,-0.2562274209267,-1.2590912402355,0,5.4e-10
1.0004941188164949,0.0,0.0000218735506992,0.0000000000000000,0.0250335149863749,0.0000000000000000,4.1990956496836178,3.0001408438339583,1.934758,-1.682022,-0.2527354477754,-1.2543048293381,0,2.1e-10
1.0004941128827356,0.0,0.0000223933432930,0.0000000000000000,0.0250330510251328,0.0000000000000000,4.1991456496836177,3.0001408401500833,1.931653,-1.682314,-0.2493385036933,-1.2496467969753,0,5.6e-11
1.0004941069494435,0.0,0.0000229013491951,0.0000000000000000,0.0250325870795827,0.0000000000000000,4.1991956496836176,3.0001408364664059,1.928583,-1.682603,-0.2459809877360,-1.2450413081143,0,7.4e-10
1.0004941010166175,0.0,0.0000233983361189,0.0000000000000000,0.0250321231497580,0.0000000000000000,4.1992456496836175,3.0001408327829271,1.925437,-1.682899,-0.2425378790132,-1.2403170972672,0,5.0e-10
1.0004940950842582,0.0,0.0000238849919113,0.0000000000000000,0.0250316592356479,0.0000000000000000,4.1992956496836173,3.0001408290996445,1.922306,-1.683194,-0.2391121872612,-1.2356152386322,0,4.3e-10
1.0004940891523648,0.0,0.0000243619357123,0.0000000000000000,0.0250311953372519,0.0000000000000000,4.1993456496836172,3.0001408254165600,1.919175,-1.683489,-0.2356866903310,-1.2309121215333,0,3.6e-10
1.0004940832209381,0.0,0.0000248297271855,0.0000000000000000,0.0250307314545681,0.0000000000000000,4.1993956496836180,3.0001408217336722,1.916029,-1.683786,-0.2322434332253,-1.2261831155044,0,8.2e-11
1.0004940772899773,0.0,0.0000252888742339,0.0000000000000000,0.0250302675876067,0.0000000000000000,4.1994456496836179,3.0001408180509825,1.912818,-1.684089,-0.2287275791326,-1.2213530333644,0,9.9e-10
1.0004940713594830,0.0,0.0000257398394659,0.0000000000000000,0.0250298037363456,0.0000000000000000,4.1994956496836178,3.0001408143684909,1.909769,-1.684376,-0.2253922021754,-1.2167689243243,0,1.1e-10
1.0004940654294545,0.0,0.0000261830456382,0.0000000000000000,0.0250293399008210,0.0000000000000000,4.1995456496836177,3.0001408106861960,1.906694,-1.684666,-0.2220282010044,-1.2121440750256,0,4.5e-10
1.0004940594998932,0.0,0.0000266188803336,0.0000000000000000,0.0250288760809552,0.0000000000000000,4.1995956496836175,3.0001408070040987,1.903550,-1.684963,-0.2185870295500,-1.2074118299922,0,1.6e-10
1.0004940535707976,0.0,0.0000270476998873,0.0000000000000000,0.0250284122768294,0.0000000000000000,4.1996456496836174,3.0001408033221986,1.900463,-1.685254,-0.2152094575697,-1.2027653745292,0,5.6e-10
1.0004940476421693,0.0,0.0000274698328350,0.0000000000000000,0.0250279484883748,0.0000000000000000,4.1996956496836173,3.0001407996404965,1.897288,-1.685554,-0.2117334484509,-1.1979821679417,0,1.2e-10
1.0004940417140060,0.0,0.0000278855828443,0.0000000000000000,0.0250274847156757,0.0000000000000000,4.1997456496836181,3.0001407959589916,1.894219,-1.685844,-0.2083759014027,-1.1933602232030,0,4.8e-10
1.0004940357863101,0.0,0.0000282952312808,0.0000000000000000,0.0250270209586406,0.0000000000000000,4.1997956496836180,3.0001407922776844,1.891055,-1.686143,-0.2049110600465,-1.1885893372694,0,1.0e-10
1.0004940298590799,0.0,0.0000286990394254,0.0000000000000000,0.0250265572173267,0.0000000000000000,4.1998456496836178,3.0001407885965738,1.887925,-1.686439,-0.2014850166900,-1.1838701925978,0,2.7e-10
1.0004940239323148,0.0,0.0000290972504398,0.0000000000000000,0.0250260934917370,0.0000000000000000,4.1998956496836177,3.0001407849156609,1.884895,-1.686726,-0.1981709445005,-1.1793035890121,0,7.8e-10
1.0004940180060165,0.0,0.0000294900910503,0.0000000000000000,0.0250256297818444,0.0000000000000000,4.1999456496836176,3.0001407812349465,1.881785,-1.687020,-0.1947668140555,-1.1746115819023,0,8.4e-10
1.0004940120801860,0.0,0.0000298777731076,0.0000000000000000,0.0250251660875913,0.0000000000000000,4.1999956496836175,3.0001407775544284,1.878610,-1.687321,-0.1912894234987,-1.1698172038932,0,9.0e-11
1.0004940061548200,0.0,0.0000302604948702,0.0000000000000000,0.0250247024090988,0.0000000000000000,4.2000456496836174,3.0001407738741075,1.875511,-1.687614,-0.1878977538190,-1.1651393477753,0,2.7e-10
1.0004940002299210,0.0,0.0000306384422261,0.0000000000000000,0.0250242387462764,0.0000000000000000,4.2000956496836173,3.0001407701939837,1.872386,-1.687910,-0.1844763926991,-1.1604190264952,0,1.1e-10
1.0004939943054878,0.0,0.0000310117897380,0.0000000000000000,0.0250237750991608,0.0000000000000000,4.2001456496836180,3.0001407665140576,1.869266,-1.688205,-0.1810603444841,-1.1557045391109,0,5.1e-12
1.0004939883815209,0.0,0.0000313807015871,0.0000000000000000,0.0250233114677404,0.0000000000000000,4.2001956496836179,3.0001407628343282,1.866188,-1.688497,-0.1776914558903,-1.1510535411357,0,4.0e-10
1.0004939824580203,0.0,0.0000317453324127,0.0000000000000000,0.0250228478520097,0.0000000000000000,4.2002456496836178,3.0001407591547964,1.863068,-1.688793,-0.1742756977716,-1.1463363738656,0,2.9e-10
1.0004939765349858,0.0,0.0000321058280792,0.0000000000000000,0.0250223842519724,0.0000000000000000,4.2002956496836177,3.0001407554754622,1.859906,-1.689093,-0.1708126834880,-1.1415525092704,0,3.6e-10
1.0004939706124174,0.0,0.0000324623263513,0.0000000000000000,0.0250219206676304,0.0000000000000000,4.2003456496836176,3.0001407517963248,1.856846,-1.689383,-0.1674635467748,-1.1369242368254,0,2.3e-10
1.0004939646903159,0.0,0.0000328149575095,0.0000000000000000,0.0250214570989588,0.0000000000000000,4.2003956496836174,3.0001407481173845,1.853713,-1.689680,-0.1640322626512,-1.1321810495343,0,8.4e-11
1.0004939587686799,0.0,0.0000331638449139,0.0000000000000000,0.0250209935459940,0.0000000000000000,4.2004456496836173,3.0001407444386414,1.850623,-1.689973,-0.1606496819283,-1.1275036332321,0,1.2e-10
1.0004939528475101,0.0,0.0000335091055026,0.0000000000000000,0.0250205300087165,0.0000000000000000,4.2004956496836181,3.0001407407600951,1.847518,-1.690268,-0.1572499889906,-1.1228010577758,0,1.4e-10
1.0004939469268059,0.0,0.0000338508502482,0.0000000000000000,0.0250200664871445,0.0000000000000000,4.2005456496836180,3.0001407370817472,1.844494,-1.690555,-0.1539407594517,-1.1182219892637,0,1.1e-09
1.0004939410065687,0.0,0.0000341891845880,0.0000000000000000,0.0250196029812272,0.0000000000000000,4.2005956496836179,3.0001407334035961,1.841285,-1.690860,-0.1504248954560,-1.1133558197625,0,1.4e-10
1.0004939350867974,0.0,0.0000345242087854,0.0000000000000000,0.0250191394910033,0.0000000000000000,4.2006456496836178,3.0001407297256413,1.838221,-1.691151,-0.1470695910044,-1.1087100639723,0,3.3e-10
1.0004939291674921,0.0,0.0000348560182873,0.0000000000000000,0.0250186760164656,0.0000000000000000,4.2006956496836176,3.0001407260478841,1.835118,-1.691446,-0.1436725761381,-1.1040050943566,0,3.4e-10
1.0004939232486518,0.0,0.0000351847040450,0.0000000000000000,0.0250182125576422,0.0000000000000000,4.2007456496836175,3.0001407223703245,1.832032,-1.691740,-0.1402935305104,-1.0993235011746,0,5.4e-10
1.0004939173302796,0.0,0.0000355103528021,0.0000000000000000,0.0250177491144424,0.0000000000000000,4.2007956496836174,3.0001407186929607,1.828955,-1.692032,-0.1369241318160,-1.0946537892358,0,8.3e-10
1.0004939114123745,0.0,0.0000358330473492,0.0000000000000000,0.0250172856868997,0.0000000000000000,4.2008456496836173,3.0001407150157950,1.825676,-1.692345,-0.1333288093370,-1.0896696152255,0,1.4e-09
1.0004939054949331,0.0,0.0000361528668168,0.0000000000000000,0.0250168222750886,0.0000000000000000,4.2008956496836181,3.0001407113388256,1.822729,-1.692625,-0.1301043519719,-1.0851976413580,0,5.1e-10
1.0004938995779575,0.0,0.0000364698868202,0.0000000000000000,0.0250163588789763,0.0000000000000000,4.2009456496836179,3.0001407076620539,1.819611,-1.692922,-0.1266889889362,-1.0804596479244,0,2.7e-10
1.0004938936614487,0.0,0.0000367841797520,0.0000000000000000,0.0250158954985203,0.0000000000000000,4.2009956496836178,3.0001407039854793,1.816496,-1.693219,-0.1232772780156,-1.0757252194650,0,7.0e-11
1.0004938877454062,0.0,0.0000370958149274,0.0000000000000000,0.0250154321337350,0.0000000000000000,4.2010456496836177,3.0001407003091010,1.813408,-1.693513,-0.1198949246225,-1.0710299728572,0,1.8e-10
1.0004938818298290,0.0,0.0000374048587737,0.0000000000000000,0.0250149687846421,0.0000000000000000,4.2010956496836176,3.0001406966329203,1.810285,-1.693811,-0.1164736102209,-1.0662791262261,0,1.5e-10
1.0004935689836563,0.0,0.0000511847195619,0.0000000000000000,0.0249904346751807,0.0000000000000000,4.2037455422653789,3.0001405020846468,-1.709480,1.647325,0.0621550603365,-0.8160683542384,0,4.7e-11
1.0004932787116876,0.0,0.0000613031525784,0.0000000000000000,0.0249676180579872,0.0000000000000000,4.2062141929821477,3.0001403213383271,-1.724125,1.497485,0.2266402908998,-0.5818507756635,0,8.7e-11
1.0004929953586132,0.0,0.0000698165658505,0.0000000000000000,0.0249452955934806,0.0000000000000000,4.2086333591657068,3.0001401446770188,-1.738515,1.352481,0.3860336826212,-0.3513096876184,0,3.6e-11
1.0004927141214359,0.0,0.0000773785652194,0.0000000000000000,0.0249230906352692,0.0000000000000000,4.2110437019342424,3.0001399691129951,-1.752883,1.209809,0.5430740949227,-0.1206533303332,0,7.4e-11
1.0004924327606097,0.0,0.0000842983871092,0.0000000000000000,0.0249008262493813,0.0000000000000000,4.2134644173462545,3.0001397932467122,-1.767336,1.068301,0.6990353664047,0.1119534806878,0,4.3e-11
1.0004921500125405,0.0,0.0000907513750887,0.0000000000000000,0.0248784013945478,0.0000000000000000,4.2159065548004104,3.0001396162825844,-1.781931,0.927332,0.8545994680236,0.3475586184808,0,1.1e-11
1.0004918650765837,0.0,0.0000968482946445,0.0000000000000000,0.0248557509299586,0.0000000000000000,4.2183773169113392,3.0001394377110069,-1.796699,0.786526,1.0101730962517,0.5868486280228,0,8.1e-11
1.0004915774030112,0.0,0.0001026643966385,0.0000000000000000,0.0248328290906524,0.0000000000000000,4.2208818356657538,3.0001392571769556,-1.811658,0.645622,1.1660360851250,0.8303526385119,0,8.7e-11
1.0004912865910911,0.0,0.0001082535688173,0.0000000000000000,0.0248096015448408,0.0000000000000000,4.2234240260072076,3.0001390744168122,-1.826813,0.504452,1.3223610452804,1.0784602318065,0,7.4e-11
1.0004909923347394,0.0,0.0001136559777161,0.0000000000000000,0.0247860411567504,0.0000000000000000,4.2260070412107886,3.0001388892246670,-1.842158,0.362895,1.4792631388041,1.3314906403542,0,8.4e-11
1.0004906943912368,0.0,0.0001189025233881,0.0000000000000000,0.0247621255455162,0.0000000000000000,4.2286335353118503,3.0001387014329093,-1.857677,0.220850,1.6368265595216,1.5897309370354,0,5.1e-11
1.0004903925621378,0.0,0.0001240175943158,0.0000000000000000,0.0247378355927815,0.0000000000000000,4.2313058236566352,3.0001385109003622,-1.873342,0.078245,1.7950971087387,1.8534201806415,0,3.7e-11
1.0004900866810713,0.0,0.0001290208533769,0.0000000000000000,0.0247131544859673,0.0000000000000000,4.2340259859465466,3.0001383175046810,-1.889109,-0.064995,1.9541039991807,2.1227828334532,0,4.7e-11
1.0004897766056451,0.0,0.0001339284411748,0.0000000000000000,0.0246880670807395,0.0000000000000000,4.2367959350376037,3.0001381211372968,-1.904912,-0.208948,2.1138597507854,2.3980272310324,0,8.9e-11
1.0004894622119156,0.0,0.0001387538133069,0.0000000000000000,0.0246625594621217,0.0000000000000000,4.2396174644307365,3.0001379216999338,-1.920657,-0.353715,2.2743722923855,2.6793657426020,0,5.0e-11
1.0004891433905108,0.0,0.0001435083390207,0.0000000000000000,0.0246366186340170,0.0000000000000000,4.2424922820053039,3.0001377191021605,-1.936206,-0.499417,2.4356228305887,2.9669743374332,0,3.3e-11
1.0004888200438640,0.0,0.0001482017393976,0.0000000000000000,0.0246102322942658,0.0000000000000000,4.2454220345894154,3.0001375132596069,-1.951355,-0.646237,2.5975921523157,3.2610383876986,0,1.7e-11
1.0004884920842054,0.0,0.0001528424146680,0.0000000000000000,0.0245833886683285,0.0000000000000000,4.2484083262603995,3.0001373040926675,-1.965797,-0.794454,2.7602515980984,3.5617361887452,0,1.8e-12
1.0004881594320927,0.0,0.0001574376931091,0.0000000000000000,0.0245560763840741,0.0000000000000000,4.2514527322537221,3.0001370915255170,-1.979050,-0.944509,2.9235585880447,3.8692295122571,0,7.1e-11
1.0004878220153248,0.0,0.0001619940233250,0.0000000000000000,0.0245282843760109,0.0000000000000000,4.2545568097323496,3.0001368754853681,-1.990310,-1.097172,3.0874818222698,4.1837121585884,0,5.8e-11
1.0004874797681444,0.0,0.0001665171248946,0.0000000000000000,0.0245000018109889,0.0000000000000000,4.2577221062707409,3.0001366559019043,-1.998111,-1.253854,3.2519652281399,4.5053396865529,0,5.9e-11
1.0004871326306490,0.0,0.0001710121079029,0.0000000000000000,0.0244712180298450,0.0000000000000000,4.2609501666484535,3.0001364327068276,-1.999362,-1.417590,3.4169514088000,4.8342741932898,0,1.1e-10
1.0004867805483693,0.0,0.0001754835688768,0.0000000000000000,0.0244419225010441,0.0000000000000000,4.2642425383755365,3.0001362058335195,-1.985300,-1.597091,3.5823907382412,5.1707043848924,0,9.8e-12
1.0004864234719717,0.0,0.0001799356685844,0.0000000000000000,0.0244121047834733,0.0000000000000000,4.2676007762543549,3.0001359752167631,-2.005811,-1.742386,3.7481976363160,5.5147532351696,0,7.8e-11
1.0004860613570634,0.0,0.0001843721957328,0.0000000000000000,0.0243817544963244,0.0000000000000000,4.2710264462010139,3.0001357407925244,-2.489345,-1.424972,3.9143164863242,5.8666174008104,0,3.5e-11
1.0004856941640785,0.0,0.0001887966195776,0.0000000000000000,0.0243508612945173,0.0000000000000000,4.2745211284921414,3.0001355024977867,-2.792813,-1.287847,4.0806600115790,6.2264353144249,0,4.3e-11
1.0004853218582308,0.0,0.0001932121337284,0.0000000000000000,0.0243194148484744,0.0000000000000000,4.2780864205617455,3.0001352602704054,-3.054295,-1.192852,4.2471469324704,6.5943681127188,0,7.3e-11
1.0004849444095230,0.0,0.0001976216928980,0.0000000000000000,0.0242874048274182,0.0000000000000000,4.2817239394430553,3.0001350140490080,-3.294546,-1.119145,4.4136911576477,6.9705766554476,0,8.6e-11
1.0004845617928042,0.0,0.0002020280439507,0.0000000000000000,0.0242548208854692,0.0000000000000000,4.2854353239283673,3.0001347637729068,-3.521594,-1.058606,4.5802001404138,7.3552174997440,0,6.0e-11
1.0004841739878696,0.0,0.0002064337523079,0.0000000000000000,0.0242216526500192,0.0000000000000000,4.2892222365036616,3.0001345093820317,-3.739464,-1.007108,4.7465711241134,7.7484329714969,0,6.3e-11
1.0004837809795966,0.0,0.0002108412245457,0.0000000000000000,0.0241878897119975,0.0000000000000000,4.2930863651024973,3.0001342508168842,-3.950473,-0.962228,4.9127015567187,8.1503762555824,0,6.1e-11
1.0004833827581165,0.0,0.0002152527278490,0.0000000000000000,0.0241535216176709,0.0000000000000000,4.2970294247144469,3.0001339880184981,-4.156066,-0.922417,5.0784831370626,8.5611972759241,0,2.3e-11
1.0004829793190171,0.0,0.0002196704068545,0.0000000000000000,0.0241185378617267,0.0000000000000000,4.3010531588761722,3.0001337209284134,-4.357182,-0.886615,5.2437964262498,8.9810277151827,0,3.4e-11
1.0004825706635736,0.0,0.0002240962983129,0.0000000000000000,0.0240829278814469,0.0000000000000000,4.3051593410677897,3.0001334494886636,-4.554461,-0.854064,5.4085244072098,9.4100164677427,0,1.7e-11
1.0004821567990094,0.0,0.0002285323439206,0.0000000000000000,0.0240466810517780,0.0000000000000000,4.3093497760328470,3.0001331736417676,-4.748333,-0.824204,5.5725367758452,9.8482873745320,0,6.0e-11
1.0004817377387849,0.0,0.0002329804016058,0.0000000000000000,0.0240097866811761,0.0000000000000000,4.3136263010368934,3.0001328933307247,-4.939103,-0.796605,5.7357079563868,10.2959887749688,0,2.1e-11
1.0004813135029118,0.0,0.0002374422555074,0.0000000000000000,0.0239722340081133,0.0000000000000000,4.3179907870769538,3.0001326084990252,-5.126959,-0.770936,5.8978949015842,10.7532302847545,0,2.6e-11
1.0004808841182953,0.0,0.0002419196248393,0.0000000000000000,0.0239340121981323,0.0000000000000000,4.3224451400520971,3.0001323190906612,-5.312026,-0.746930,6.0589558921764,11.2201358647161,0,4.0e-11
1.0004804496191055,0.0,0.0002464141718059,0.0000000000000000,0.0238951103413993,0.0000000000000000,4.3269913019035924,3.0001320250501395,-5.494372,-0.724372,6.2187434109657,11.6968235160669,0,3.2e-11
1.0004800100471736,0.0,0.0002509275087020,0.0000000000000000,0.0238555174506772,0.0000000000000000,4.3316312517317845,3.0001317263225049,-5.674017,-0.703085,6.3771027141400,12.1834000634685,0,9.2e-13
1.0004795654524186,0.0,0.0002554612043157,0.0000000000000000,0.0238152224596521,0.0000000000000000,4.3363670068956939,3.0001314228533640,-5.850947,-0.682925,6.5338717693285,12.6799596179124,0,1.1e-11
1.0004791158933031,0.0,0.0002600167897274,0.0000000000000000,0.0237742142215847,0.0000000000000000,4.3412006241004688,3.0001311145889145,-6.025115,-0.663768,6.6888829125245,13.1865878941840,0,4.3e-11
1.0004786614373193,0.0,0.0002645957635915,0.0000000000000000,0.0237324815082350,0.0000000000000000,4.3461342004770582,3.0001308014759758,-6.196459,-0.645509,6.8419683982342,13.7033815642830,0,5.0e-11
1.0004782021615082,0.0,0.0002691995969687,0.0000000000000000,0.0236900130090253,0.0000000000000000,4.3511698746578720,3.0001304834620242,-6.364889,-0.628060,6.9929493541826,14.2304092833609,0,4.1e-11
1.0004777381530090,0.0,0.0002738297377700,0.0000000000000000,0.0236467973304205,0.0000000000000000,4.3563098278516978,3.0001301604952322,-6.530297,-0.611345,7.1416416391936,14.7677302485016,0,4.3e-11
1.0004772695096469,0.0,0.0002784876148659,0.0000000000000000,0.0236028229954700,0.0000000000000000,4.3615562849207272,3.0001298325245078,-6.692562,-0.595297,7.2878585833535,15.3154043584283,0,1.8e-11
1.0004767963405559,0.0,0.0002831746419053,0.0000000000000000,0.0235580784435266,0.0000000000000000,4.3669115154621982,3.0001294994995402,-6.851543,-0.579858,7.4314009895467,15.8734514134981,0,1.5e-11
1.0004763187668397,0.0,0.0002878922208822,0.0000000000000000,0.0235125520300895,0.0000000000000000,4.3723778348968638,3.0001291613708436,-7.007096,-0.564978,7.5720730182175,16.4419133247359,0,5.8e-12
1.0004758369222755,0.0,0.0002926417454875,0.0000000000000000,0.0234662320267467,0.0000000000000000,4.3779576055662783,3.0001288180898102,-7.159057,-0.550611,7.7096679165890,17.0207952056212,0,6.7e-12
1.0004753509540598,0.0,0.0002974246042740,0.0000000000000000,0.0234191066212228,0.0000000000000000,4.3836532378406643,3.0001284696087538,-7.307257,-0.536718,7.8439746462229,17.6100900593530,0,4.4e-11
1.0004748610236005,0.0,0.0003022421836615,0.0000000000000000,0.0233711639174905,0.0000000000000000,4.3894671912389791,3.0001281158809734,-7.451516,-0.523264,7.9747799542055,18.2097875989320,0,3.5e-11
1.0004743673073573,0.0,0.0003070958708073,0.0000000000000000,0.0233223919359454,0.0000000000000000,4.3954019755626286,3.0001277568608007,-7.591645,-0.510217,8.1018622252297,18.8198434689744,0,3.6e-11
1.0004738699977358,0.0,0.0003119870563614,0.0000000000000000,0.0232727786135761,0.0000000000000000,4.4014601520441907,3.0001273925036638,-7.727448,-0.497549,8.2249973359224,19.4402041555326,0,2.7e-11
1.0004733693040353,0.0,0.0003169171371268,0.0000000000000000,0.0232223118042119,0.0000000000000000,4.4076443345123737,3.0001270227661445,-7.858722,-0.485234,8.3439561553856,20.0707923523224,0,1.9e-11
1.0004728654534565,0.0,0.0003218875186421,0.0000000000000000,0.0231709792786873,0.0000000000000000,4.4139571905743784,3.0001266476060424,-7.985256,-0.473250,8.4585058396445,20.7115102970124,0,2.4e-11
1.0004723586921718,0.0,0.0003268996176998,0.0000000000000000,0.0231187687250681,0.0000000000000000,4.4204014428167460,3.0001262669824409,-8.106835,-0.461576,8.5684109944310,21.3622433619169,0,4.6e-12
1.0004718492864630,0.0,0.0003319548648192,0.0000000000000000,0.0230656677487427,0.0000000000000000,4.4269798700257113,3.0001258808557725,-8.223239,-0.450192,8.6734314280261,22.0228426611169,0,2.2e-11
1.0004713375239325,0.0,0.0003370547066816,0.0000000000000000,0.0230116638725184,0.0000000000000000,4.4336953084280468,3.0001254891878872,-8.334244,-0.439083,8.7733264792422,22.6931468194897,0,2.9e-11
1.0004708237147877,0.0,0.0003422006085446,0.0000000000000000,0.0229567445365985,0.0000000000000000,4.4405506529533190,3.0001250919421283,-8.439622,-0.428231,8.8678527741701,23.3729637930321,0,2.2e-11
1.0004703081932143,0.0,0.0003473940566446,0.0000000000000000,0.0229008970984331,0.0000000000000000,4.4475488585184575,3.0001246890834028,-8.539143,-0.417623,8.9567652597676,24.0620709910896,0,2.8e-11
1.0004697913188316,0.0,0.0003526365605982,0.0000000000000000,0.0228441088324702,0.0000000000000000,4.4546929413355114,3.0001242805782584,-8.632574,-0.407245,9.0398191546659,24.7602228266818,0,2.7e-11
1.0004692734782477,0.0,0.0003579296558145,0.0000000000000000,0.0227863669297063,0.0000000000000000,4.4619859802434290,3.0001238663949636,-8.719683,-0.397087,9.1167696333072,25.4671414418692,0,2.2e-11
1.0004687550867155,0.0,0.0003632749059265,0.0000000000000000,0.0227276584970645,0.0000000000000000,4.4694311180646906,3.0001234465035846,-8.800237,-0.387136,9.1873731654553,26.1825183687308,0,1.9e-11
1.0004682365898985,0.0,0.0003686739052518,0.0000000000000000,0.0226679705565392,0.0000000000000000,4.4770315629876096,3.0001230208760719,-8.874006,-0.377383,9.2513887593535,26.9060157335000,0,2.3e-12
1.0004677184657549,0.0,0.0003741282812918,0.0000000000000000,0.0226072900440817,0.0000000000000000,4.4847905899750948,3.0001225894863435,-8.940760,-0.367818,9.3085783167979,27.6372577588066,0,1.0e-11
1.0004672012265510,0.0,0.0003796396972791,0.0000000000000000,0.0225456038082010,0.0000000000000000,4.4927115422006736,3.0001221523103774,-9.000275,-0.358434,9.3587088097311,28.3758383365067,0,6.6e-12
1.0004666854210098,0.0,0.0003852098547807,0.0000000000000000,0.0224828986082295,0.0000000000000000,4.5007978325125588,3.0001217093262955,-9.052332,-0.349221,9.4015532716480,29.1213169447162,0,5.5e-12
1.0004661716366117,0.0,0.0003908404963678,0.0000000000000000,0.0224191611121938,0.0000000000000000,4.5090529449265482,3.0001212605144620,-9.096718,-0.340174,9.4368924514420,29.8732196485367,0,4.3e-12
1.0004656605020517,0.0,0.0003965334083609,0.0000000000000000,0.0223543778942853,0.0000000000000000,4.5174804361485332,3.0001208058575801,-9.133230,-0.331286,9.4645159737573,30.6310311873901,0,2.6e-11
1.0004651526898751,0.0,0.0004022904236574,0.0000000000000000,0.0222885354318577,0.0000000000000000,4.5260839371274182,3.0001203453407856,-9.161675,-0.322550,9.4842251495040,31.3942085278719,0,2.3e-11
1.0004646489192974,0.0,0.0004081134246551,0.0000000000000000,0.0222216201018814,0.0000000000000000,4.5348671546392216,3.0001198789517574,-9.181872,-0.313962,9.4958339750926,32.1621651282537,0,2.3e-11
1.0004641499592311,0.0,0.0004140043462771,0.0000000000000000,0.0221536181768252,0.0000000000000000,4.5438338729031704,3.0001194066808141,-9.193656,-0.305516,9.4991720471309,32.9342812483039,0,3.2e-11
1.0004636566315324,0.0,0.0004199651791116,0.0000000000000000,0.0220845158198710,0.0000000000000000,4.5529879552305799,3.0001189285210321,-9.196878,-0.297208,9.4940869415023,33.7099051671005,0,1.9e-11
1.0004631698144895,0.0,0.0004259979726743,0.0000000000000000,0.0220142990794272,0.0000000000000000,4.5623333457073372,3.0001184444683497,-9.191411,-0.289036,9.4804465554862,34.4883453513312,0,2.0e-11
1.0004626904465714,0.0,0.0004321048388063,0.0000000000000000,0.0219429538828173,0.0000000000000000,4.5718740709108037,3.0001179545216887,-9.177148,-0.280994,9.4581424320690,35.2688817138668,0,2.4e-11
1.0004622195304618,0.0,0.0004382879552173,0.0000000000000000,0.0218704660290895,0.0000000000000000,4.5816142416619670,3.0001174586830754,-9.154011,-0.273082,9.4270927804226,36.0507638515654,0,2.0e-11
1.0004617581374045,0.0,0.0004445495691882,0.0000000000000000,0.0217968211808475,0.0000000000000000,4.5915580548136958,3.0001169569577639,-9.121950,-0.265295,9.3872459636970,36.8332129601244,0,1.6e-12
1.0004613074118840,0.0,0.0004508920014421,0.0000000000000000,0.0217220048549998,0.0000000000000000,4.6017097950759487,3.0001164493543673,-9.080950,-0.257634,9.3385843279236,37.6154207340977,0,2.7e-11
1.0004608685766805,0.0,0.0004573176502026,0.0000000000000000,0.0216460024122845,0.0000000000000000,4.6120738368788121,3.0001159358849949,-9.031032,-0.250096,9.2811284024143,38.3965708584649,0,6.8e-13
1.0004604429383250,0.0,0.0004638289954477,0.0000000000000000,0.0215687990455083,0.0000000000000000,4.6226546462742570,3.0001154165653885,-8.972260,-0.242681,9.2149413412349,39.1758185886729,0,6.7e-12
1.0004600318930001,0.0,0.0004704286033791,0.0000000000000000,0.0214903797662992,0.0000000000000000,4.6334567828775279,3.0001148914150773,-8.904744,-0.235390,9.1401338837871,39.9523160808364,0,2.4e-12
1.0004596369329246,0.0,0.0004771191311215,0.0000000000000000,0.0214107293902327,0.0000000000000000,4.6444849018490828,3.0001143604575273,-8.828648,-0.228222,9.0568695916931,40.7252152368114,0,2.9e-12
1.0004592596532718,0.0,0.0004839033316683,0.0000000000000000,0.0213298325202144,0.0000000000000000,4.6557437559180421,3.0001138237203064,-8.744191,-0.221180,8.9653707221437,41.4936710593829,0,2.1e-11
1.0004589017596746,0.0,0.0004907840590959,0.0000000000000000,0.0212476735278322,0.0000000000000000,4.6672381974481079,3.0001132812352540,-8.651659,-0.214265,8.8659242525785,42.2568604205300,0,1.1e-11
1.0004585650763744,0.0,0.0004977642740613,0.0000000000000000,0.0211642365325912,0.0000000000000000,4.6789731805469543,3.0001127330386623,-8.551408,-0.207481,8.7588889420696,43.0139828749727,0,1.4e-11
1.0004582515550828,0.0,0.0005048470496118,0.0000000000000000,0.0210795053786880,0.0000000000000000,4.6909537632201088,3.0001121791714653,-8.443871,-0.200831,8.6447022427746,43.7642847650951,0,8.5e-13
1.0004579632846273,0.0,0.0005120355773235,0.0000000000000000,0.0209934636091328,0.0000000000000000,4.7031851095703718,3.0001116196794411,-8.329568,-0.194320,8.5238884714275,44.5070661943017,0,5.5e-12
1.0004577025014680,0.0,0.0005193331737998,0.0000000000000000,0.0209060944369122,0.0000000000000000,4.7156724920438533,3.0001110546134284,-8.209112,-0.187955,8.3970668948213,45.2417060255437,0,1.4e-11
1.0004574716011752,0.0,0.0005267432875528,0.0000000000000000,0.0208173807128721,0.0000000000000000,4.7284212937237378,3.0001104840295505,-8.083218,-0.181743,8.2649608233606,45.9676798865042,0,1.3e-12
1.0004572731509758,0.0,0.0005342695063017,0.0000000000000000,0.0207273048899543,0.0000000000000000,4.7414370106729278,3.0001099079894673,-7.952716,-0.175691,8.1284075746890,46.6845786414211,0,2.0e-12
1.0004571099034869,0.0,0.0005419155647176,0.0000000000000000,0.0206358489833804,0.0000000000000000,4.7547252543267486,3.0001093265606329,-7.818557,-0.169811,7.9883682452242,47.3921427226871,0,3.4e-12
1.0004569848117721,0.0,0.0005496853526529,0.0000000000000000,0.0205429945263231,0.0000000000000000,4.7682917539369463,3.0001087398165756,-7.681826,-0.164113,7.8459390501839,48.0902856937440,0,4.7e-12
1.0004569010458735,0.0,0.0005575829238905,0.0000000000000000,0.0204487225205754,0.0000000000000000,4.7821423590682537,3.0001081478372096,-7.543753,-0.158610,7.7023627162711,48.7791303048250,0,1.7e-12
1.0004568620109917,0.0,0.0005656125054596,0.0000000000000000,0.0203530133815796,0.0000000000000000,4.7962830421488540,3.0001075507091604,-7.405722,-0.153318,7.5590406868039,49.4590457380719,0,1.2e-11
1.0004568713675173,0.0,0.0005737785075597,0.0000000000000000,0.0202558468771931,0.0000000000000000,4.8107199010761290,3.0001069485261227,-7.269292,-0.148254,7.4175458175147,50.1306902374587,0,4.2e-12
1.0004569330531332,0.0,0.0005820855341457,0.0000000000000000,0.0201572020594338,0.0000000000000000,4.8254591618791487,3.0001063413892552,-7.136199,-0.143437,7.2796360872716,50.7950534053812,0,8.5e-12
1.0004570513072546,0.0,0.0005905383942282,0.0000000000000000,0.0200570571883261,0.0000000000000000,4.8405071814394232,3.0001057294076041,-7.008379,-0.138889,7.1472679248683,51.4535123887225,0,6.4e-12
1.0004572306981023,0.0,0.0005991421139495,0.0000000000000000,0.0199553896468598,0.0000000000000000,4.8558704502715377,3.0001051126985718,-6.887977,-0.134633,7.0226101809888,52.1078892750544,0,4.4e-12
1.0004574761527529,0.0,0.0006079019495013,0.0000000000000000,0.0198521758459500,0.0000000000000000,4.8715555953653737,3.0001044913884338,-6.777361,-0.130697,6.9080586731844,52.7605098547780,0,2.9e-12
1.0004577929905647,0.0,0.0006168234009545,0.0000000000000000,0.0197473911180951,0.0000000000000000,4.8875693830917433,3.0001038656129095,-6.679140,-0.127110,6.8062498748930,53.4142755987828,0,2.1e-12
1.0004581869604423,0.0,0.0006259122270829,0.0000000000000000,0.0196410095981999,0.0000000000000000,4.9039187221733833,3.0001032355177877,-6.596172,-0.123903,6.7200744408267,54.0727384192516,0,7.3e-12
1.0004586642824744,0.0,0.0006351744612654,0.0000000000000000,0.0195330040898454,0.0000000000000000,4.9206106667234213,3.0001026012596355,-6.531579,-0.121111,6.6526899112924,54.7401810276365,0,3.3e-12
1.0004592316945728,0.0,0.0006446164285603,0.0000000000000000,0.0194233459149835,0.0000000000000000,4.9376524193535909,3.0001019630065722,-6.488761,-0.118771,6.6075314825750,55.4217073017167,0,7.2e-12
1.0004598965048501,0.0,0.0006542447640576,0.0000000000000000,0.0193120047446549,0.0000000000000000,4.9550513343547093,3.0001013209391503,-6.471400,-0.116921,6.5883207445265,56.1233365659719,0,1.2e-12
1.0004606666505953,0.0,0.0006640664326174,0.0000000000000000,0.0191989484080221,0.0000000000000000,4.9728149209521639,3.0001006752513368,-6.483470,-0.115601,6.5990712829251,56.8521026595533,0,2.8e-12
1.0004615138405863,0.0,0.0006736919207891,0.0000000000000000,0.0190886773899705,0.0000000000000000,4.9902326613919650,3.0001000516631811,-6.526752,-0.114871,6.6416229928095,57.5854293762697,0,5.9e-12
1.0004624551777448,0.0,0.0006833209319689,0.0000000000000000,0.0189789027865609,0.0000000000000000,5.0076598821079381,3.0000994370636098,-6.603326,-0.114701,6.7180276315358,58.3444784133706,0,1.9e-12
1.0004635156309178,0.0,0.0006931532321546,0.0000000000000000,0.0188673775793250,0.0000000000000000,5.0254524740404998,3.0000988190931288,-6.717900,-0.115107,6.8330065993080,59.1527666035723,0,2.2e-12
1.0004646800644463,0.0,0.0007029954719994,0.0000000000000000,0.0187563244553557,0.0000000000000000,5.0432548043054748,3.0000982102988449,-6.871306,-0.116093,6.9873989897924,60.0027352473444,0,4.7e-12
1.0004648206143283,0.0,0.0007041267265876,0.0000000000000000,0.0187435980698922,0.0000000000000000,5.0453002024406217,3.0000981409563865,-6.891500,-0.116243,7.0077427425793,60.1033839855747,0,4.4e-12
1.0004649655708879,0.0,0.0007052818420739,0.0000000000000000,0.0187306113681474,0.0000000000000000,5.0473885468140054,3.0000980702860676,-6.912674,-0.116404,7.0290773980890,60.2068260946744,0,1.1e-12
1.0004651150937636,0.0,0.0007064613289767,0.0000000000000000,0.0187173591367691,0.0000000000000000,5.0495207390438885,3.0000979982652871,-6.934874,-0.116576,7.0514505335568,60.3131620507661,0,2.5e-12
1.0004652693491749,0.0,0.0007076657092383,0.0000000000000000,0.0187038360609760,0.0000000000000000,5.0516976996747216,3.0000979248711852,-6.958151,-0.116761,7.0749119612067,60.4224974683056,0,6.9e-13
1.0004654285102272,0.0,0.0007088955165128,0.0000000000000000,0.0186900367225891,0.0000000000000000,5.0539203685744374,3.0000978500806439,-6.982556,-0.116958,7.0995139221697,60.5349425900986,0,6.0e-12
1.0004655927572303,0.0,0.0007101512964630,0.0000000000000000,0.0186759555980102,0.0000000000000000,5.0561897053400866,3.0000977738702965,-7.008143,-0.117168,7.1253110897259,60.6506135242856,0,4.8e-12
1.0004657622780342,0.0,0.0007114336070666,0.0000000000000000,0.0186615870561663,0.0000000000000000,5.0585066897119964,3.0000976962165242,-7.034969,-0.117392,7.1523607802209,60.7696317325865,0,4.1e-12
1.0004659372683817,0.0,0.0007127430189323,0.0000000000000000,0.0186469253563968,0.0000000000000000,5.0608723219966327,3.0000976170954683,-7.063092,-0.117631,7.1807230877626,60.8921242134106,0,9.7e-13
1.0004661179322800,0.0,0.0007140801156270,0.0000000000000000,0.0186319646462806,0.0000000000000000,5.0632876234983435,3.0000975364830285,-7.092576,-0.117884,7.2104608993106,61.0182248388291,0,8.5e-12
1.0004663044823918,0.0,0.0007154454940131,0.0000000000000000,0.0186166989594053,0.0000000000000000,5.0657536369601788,3.0000974543548731,-7.123486,-0.118154,7.2416400590739,61.1480744329772,0,1.9e-12
1.0004664971404462,0.0,0.0007168397645969,0.0000000000000000,0.0186011222131040,0.0000000000000000,5.0682714270139755,3.0000973706864427,-7.155889,-0.118440,7.2743296327141,61.2818199996178,0,2.2e-12
1.0004666961376725,0.0,0.0007182635518896,0.0000000000000000,0.0185852282060906,0.0000000000000000,5.0708420806398982,3.0000972854529588,-7.189858,-0.118744,7.3086018808980,61.4196166582351,0,5.3e-13
1.0004669017152563,0.0,0.0007197174947792,0.0000000000000000,0.0185690106160684,0.0000000000000000,5.0734667076356441,3.0000971986294300,-7.225467,-0.119065,7.3445324999343,61.5616272147379,0,1.1e-12
1.0004671141248218,0.0,0.0007212022469170,0.0000000000000000,0.0185524629972380,0.0000000000000000,5.0761464410955117,3.0000971101906608,-7.262795,-0.119406,7.3822007585017,61.7080227928713,0,5.8e-12
1.0004673336289374,0.0,0.0007227184771161,0.0000000000000000,0.0185355787777586,0.0000000000000000,5.0788824378995390,3.0000970201112569,-7.301923,-0.119766,7.4216895987594,61.8589838315034,0,3.4e-12
1.0004675605016522,0.0,0.0007242668697646,0.0000000000000000,0.0185183512571114,0.0000000000000000,5.0816758792129315,3.0000969283656413,-7.342939,-0.120147,7.4630858949727,62.0146997229324,0,1.5e-12
1.0004677950290592,0.0,0.0007258481252529,0.0000000000000000,0.0185007736034070,0.0000000000000000,5.0845279709959916,3.0000968349280579,-7.385931,-0.120550,7.5064805783519,62.1753697829336,0,1.9e-12
1.0004680375098918,0.0,0.0007274629604170,0.0000000000000000,0.0184828388505802,0.0000000000000000,5.0874399445247729,3.0000967397725864,-7.430994,-0.120975,7.5519687677203,62.3412042394466,0,3.1e-12
1.0004682882561513,0.0,0.0007291121089975,0.0000000000000000,0.0184645398955166,0.0000000000000000,5.0904130569226895,3.0000966428731535,-7.478227,-0.121423,7.5996499955191,62.5124244042979,0,1.3e-12
1.0004685475937731,0.0,0.0007307963221153,0.0000000000000000,0.0184458694950712,0.0000000000000000,5.0934485917033108,3.0000965442035428,-7.527733,-0.121896,7.6496284076448,62.6892631905727,0,1.1e-12
1.0004688158633261,0.0,0.0007325163687651,0.0000000000000000,0.0184268202629887,0.0000000000000000,5.0965478593245779,3.0000964437374145,-7.579619,-0.122394,7.7020128974491,62.8719663390251,0,1.0e-12
1.0004690934207559,0.0,0.0007342730363273,0.0000000000000000,0.0184073846667154,0.0000000000000000,5.0997121977546822,3.0000963414483133,-7.633999,-0.122918,7.7569173208333,63.0607929281925,0,3.0e-12
1.0004693806381684,0.0,0.0007360671310987,0.0000000000000000,0.0183875550240987,0.0000000000000000,5.1029429730498634,3.0000962373096893,-7.690991,-0.123470,7.8144607210948,63.2560159098157,0,1.5e-12
1.0004696779046602,0.0,0.0007378994788445,0.0000000000000000,0.0183673234999568,0.0000000000000000,5.1062415799443661,3.0000961312949106,-7.750717,-0.124050,7.8747674724272,63.4579234650799,0,1.2e-12
1.0004699856271961,0.0,0.0007397709253709,0.0000000000000000,0.0183466821025152,0.0000000000000000,5.1096094424528253,3.0000960233772873,-7.813307,-0.124660,7.9379675174112,63.6668195652509,0,2.2e-12
1.0004703042315393,0.0,0.0007416823371194,0.0000000000000000,0.0183256226797211,0.0000000000000000,5.1130480144853419,3.0000959135300835,-7.878896,-0.125301,8.0041965785025,63.8830248205081,0,4.8e-12
1.0004706341632366,0.0,0.0007436346017857,0.0000000000000000,0.0183041369153826,0.0000000000000000,5.1165587804755139,3.0000958017265442,-7.947623,-0.125973,8.0735962941401,64.1068781538067,0,3.6e-12
1.0004709758886623,0.0,0.0007456286289620,0.0000000000000000,0.0182822163251652,0.0000000000000000,5.1201432560217066,3.0000956879399143,-8.019636,-0.126678,8.1463145077107,64.3387370015800,0,8.9e-13
1.0004713298961250,0.0,0.0007476653508054,0.0000000000000000,0.0182598522524148,0.0000000000000000,5.1238029885418408,3.0000955721434610,-8.095087,-0.127418,8.2225054199854,64.5789789037180,0,4.5e-13
1.0004716966970431,0.0,0.0007497457227340,0.0000000000000000,0.0182370358637805,0.0000000000000000,5.1275395579419891,3.0000954543105043,-8.174137,-0.128193,8.3023297761210,64.8280028094237,0,1.2e-12
1.0004720768271895,0.0,0.0007518707241499,0.0000000000000000,0.0182137581446669,0.0000000000000000,5.1313545772990743,3.0000953344144357,-8.256951,-0.129004,8.3859550826229,65.0862300360237,0,2.6e-12
1.0004724708480193,0.0,0.0007540413591946,0.0000000000000000,0.0181900098944252,0.0000000000000000,5.1352496935579728,3.0000952124287550,-8.343703,-0.129853,8.4735557399579,65.3541061426739,0,8.9e-13
1.0004728793480731,0.0,0.0007562586575318,0.0000000000000000,0.0181657817213864,0.0000000000000000,5.1392265882433366,3.0000950883270932,-8.434573,-0.130740,8.5653132770665,65.6321016290922,0,9.8e-13
1.0004733029444752,0.0,0.0007585236751674,0.0000000000000000,0.0181410640375760,0.0000000000000000,5.1432869781864436,3.0000949620832529,-8.529748,-0.131668,8.6614164365075,65.9207142002309,0,4.8e-12
1.0004737422845251,0.0,0.0007608374953009,0.0000000000000000,0.0181158470532112,0.0000000000000000,5.1474326162674000,3.0000948336712363,-8.629424,-0.132637,8.7620613717909,66.2204696555660,0,1.1e-12
1.0004741980473912,0.0,0.0007632012292160,0.0000000000000000,0.0180901207708762,0.0000000000000000,5.1516652921730346,3.0000947030652836,-8.733804,-0.133648,8.8674516915653,66.5319243604978,0,2.0e-12
1.0004746709459160,0.0,0.0007656160172068,0.0000000000000000,0.0180638749794189,0.0000000000000000,5.1559868331708154,3.0000945702399142,-8.843096,-0.134702,8.9777985777102,66.8556665995893,0,2.4e-12
1.0004751617285392,0.0,0.0007680830295460,0.0000000000000000,0.0180370992474960,0.0000000000000000,5.1603991048991382,3.0000944351699670,-8.957520,-0.135801,9.0933208588087,67.1923181808716,0,1.1e-12
1.0004756711813501,0.0,0.0007706034674963,0.0000000000000000,0.0180097829167428,0.0000000000000000,5.1649040121743424,3.0000942978306462,-9.077300,-0.136945,9.2142449516423,67.5425371913820,0,2.7e-12
1.0004762001302772,0.0,0.0007731785643644,0.0000000000000000,0.0179819150945727,0.0000000000000000,5.1695034998148230,3.0000941581975660,-9.202670,-0.138135,9.3408048573900,67.9070196328798,0,8.5e-13
1.0004767494434257,0.0,0.0007758095866035,0.0000000000000000,0.0179534846465499,0.0000000000000000,5.1741995534826053,3.0000940162468033,-9.333870,-0.139372,9.4732420671826,68.2865015156015,0,9.9e-13
1.0004773200335793,0.0,0.0007784978349663,0.0000000000000000,0.0179244801882638,0.0000000000000000,5.1789942005427667,3.0000938719549519,-9.471148,-0.140658,9.6118053514985,68.6817616897222,0,3.5e-12
1.0004779128608712,0.0,0.0007812446457070,0.0000000000000000,0.0178948900767637,0.0000000000000000,5.1838895109411043,3.0000937252991786,-9.614759,-0.141991,9.7567505418321,69.0936238287753,0,1.1e-12
1.0004785289356493,0.0,0.0007840513918431,0.0000000000000000,0.0178647024013751,0.0000000000000000,5.1888875981004370,3.0000935762572847,-9.764966,-0.143374,9.9083401399241,69.5229595291163,0,1.8e-12
1.0004791693215394,0.0,0.0007869194844704,0.0000000000000000,0.0178339049739917,0.0000000000000000,5.1939906198359731,3.0000934248077717,-9.922036,-0.144806,10.0668428910632,69.9706905071239,0,2.7e-12
1.0004798351387341,0.0,0.0007898503741429,0.0000000000000000,0.0178024853186638,0.0000000000000000,5.1992007792901518,3.0000932709299120,-10.086245,-0.146288,10.2325331416795,70.4377921116944,0,1.6e-12
1.0004805275675208,0.0,0.0007928455523147,0.0000000000000000,0.0177704306605239,0.0000000000000000,5.2045203258874029,3.0000931146038199,-10.257871,-0.147819,10.4056901353083,70.9252955712430,0,2.4e-12
1.0004812478520693,0.0,0.0007959065528512,0.0000000000000000,0.0177377279139141,0.0000000000000000,5.2099515563092700,3.0000929558105356,-10.437197,-0.149400,10.5865970405979,71.4342917338268,0,2.7e-13
1.0004819973045065,0.0,0.0007990349536108,0.0000000000000000,0.0177043636696892,0.0000000000000000,5.2154968154903605,3.0000927945321085,-10.624510,-0.151030,10.7755398141520,71.9659342959366,0,1.2e-12
1.0004827773092988,0.0,0.0008022323781033,0.0000000000000000,0.0176703241815916,0.0000000000000000,5.2211584976355923,3.0000926307516864,-10.820098,-0.152708,10.9728058273369,72.5214430140510,0,3.0e-12
1.0004835893279720,0.0,0.0008055004972261,0.0000000000000000,0.0176355953516346,0.0000000000000000,5.2269390472592292,3.0000924644536169,-11.024250,-0.154432,11.1786821889628,73.1021074207601,0,1.4e-12
1.0004844349042035,0.0,0.0008088410310861,0.0000000000000000,0.0176001627143512,0.0000000000000000,5.2328409602462127,3.0000922956235456,-11.237251,-0.156203,11.3934537369062,73.7092907467815,0,1.2e-12
1.0004853156693134,0.0,0.0008122557509068,0.0000000000000000,0.0175640114198852,0.0000000000000000,5.2388667849363015,3.0000921242485372,-11.459384,-0.158017,11.6174006721429,74.3444335988233,0,1.7e-12
1.0004862333482023,0.0,0.0008157464810316,0.0000000000000000,0.0175271262157031,0.0000000000000000,5.2450191232315673,3.0000919503171857,-11.690923,-0.159873,11.8507957294666,75.0090581135879,0,1.6e-12
1.0004871897657703,0.0,0.0008193151010221,0.0000000000000000,0.0174894914268725,0.0000000000000000,5.2513006317277995,3.0000917738197530,-11.932133,-0.161768,12.0939008402792,75.7047722459476,0,5.2e-12
1.0004881868538724,0.0,0.0008229635478607,0.0000000000000000,0.0174510909347227,0.0000000000000000,5.2577140228703936,3.0000915947482993,-12.183266,-0.163698,12.3469632127226,76.4332738770315,0,3.5e-12
1.0004892266588561,0.0,0.0008266938182596,0.0000000000000000,0.0174119081537449,0.0000000000000000,5.2642620661353305,3.0000914130968406,-12.444552,-0.165659,12.6102106952912,77.1963556762358,0,1.1e-12
1.0004903113497474,0.0,0.0008305079710854,0.0000000000000000,0.0173719260065038,0.0000000000000000,5.2709475892358668,3.0000912288615047,-12.716199,-0.167647,12.8838463622358,77.9959096727065,0,4.0e-13
1.0004914432271490,0.0,0.0008344081298998,0.0000000000000000,0.0173311268964281,0.0000000000000000,5.2777734793555879,3.0000910420407068,-12.998385,-0.169657,13.1680421651698,78.8339318308231,0,2.0e-12
1.0004926247329244,0.0,0.0008383964856268,0.0000000000000000,0.0172894926781678,0.0000000000000000,5.2847426844085037,3.0000908526353416,-13.291249,-0.171682,13.4629314945243,79.7125271727254,0,2.3e-12
1.0004938584607574,0.0,0.0008424752993506,0.0000000000000000,0.0172470046253022,0.0000000000000000,5.2918582143269033,3.0000906606489806,-13.594885,-0.173715,13.7686004875623,80.6339148604707,0,1.9e-12
1.0004951471676771,0.0,0.0008466469052475,0.0000000000000000,0.0172036433951066,0.0000000000000000,5.2991231423777156,3.0000904660881016,-13.909329,-0.175749,14.0850778710652,81.6004336318606,0,2.8e-13
1.0004964937866603,0.0,0.0008509137136608,0.0000000000000000,0.0171593889900270,0.0000000000000000,5.3065406065081682,3.0000902689623197,-14.234550,-0.177773,14.4123231113516,82.6145467431319,0,1.7e-12
1.0004979014404320,0.0,0.0008552782143231,0.0000000000000000,0.0171142207154945,0.0000000000000000,5.3141138107215795,3.0000900692846595,-14.570435,-0.179777,14.7502125603213,83.6788478481845,0,1.0e-12
1.0004993734566030,0.0,0.0008597429797308,0.0000000000000000,0.0170681171336402,0.0000000000000000,5.3218460264841729,3.0000898670718321,-14.916773,-0.181751,15.0985232886007,84.7960667431365,0,5.5e-13
1.0005009133843046,0.0,0.0008643106686730,0.0000000000000000,0.0170210560124767,0.0000000000000000,5.3297405941638658,3.0000896623445503,-15.273235,-0.183679,15.4569142074839,85.9690751498467,0,6.4e-13
1.0005025250124997,0.0,0.0008689840299259,0.0000000000000000,0.0169730142698986,0.0000000000000000,5.3378009245020470,3.0000894551278683,-15.639356,-0.185548,15.8249040091342,87.2008930179906,0,9.6e-13
1.0005042123901779,0.0,0.0008737659061055,0.0000000000000000,0.0169239679119784,0.0000000000000000,5.3460305001194346,3.0000892454515560,-16.014504,-0.187342,16.2018453829929,88.4946950047502,0,2.2e-13
1.0005059798486755,0.0,0.0008786592376885,0.0000000000000000,0.0168738919647424,0.0000000000000000,5.3544328770572145,3.0000890333505112,-16.397854,-0.189041,16.5868948539044,89.8538175665653,0,2.1e-12
1.0005078320263887,0.0,0.0008836670671942,0.0000000000000000,0.0168227603986766,0.0000000000000000,5.3630116863547430,3.0000888188652106,-16.788353,-0.190625,16.9789774679861,91.2817663254860,0,1.2e-12
1.0005097738962039,0.0,0.0008887925435311,0.0000000000000000,0.0167705460449023,0.0000000000000000,5.3717706356652428,3.0000886020422088,-17.184674,-0.192071,17.3767454020388,92.7822246599996,0,7.6e-14
1.0005118107960069,0.0,0.0008940389264920,0.0000000000000000,0.0167172205020387,0.0000000000000000,5.3807135109110655,3.0000883829346963,-17.585175,-0.193354,17.7785293868839,94.3590628277529,0,5.0e-13
1.0005139484627033,0.0,0.0008994095913956,0.0000000000000000,0.0166627540323476,0.0000000000000000,5.3898441779802635,3.0000881616031077,-17.987835,-0.194447,18.1822816231852,96.0163490771953,0,1.2e-12
1.0005161930702420,0.0,0.0009049080338508,0.0000000000000000,0.0166071154457465,0.0000000000000000,5.3991665844664487,3.0000879381158114,-18.390192,-0.195317,18.5855085843037,97.7583623725381,0,2.2e-12
1.0005185512722363,0.0,0.0009105378746218,0.0000000000000000,0.0165502719698934,0.0000000000000000,5.4086847614541469,3.0000877125498699,-18.789262,-0.195930,18.9851917812870,99.5896080913608,0,1.8e-12
1.0005210302498595,0.0,0.0009163028645573,0.0000000000000000,0.0164921891043195,0.0000000000000000,5.4184028253521959,3.0000874849918957,-19.181445,-0.196249,19.3776941405149,101.5148371345328,0,2.7e-12
1.0005236377658366,0.0,0.0009222068895366,0.0000000000000000,0.0164328304561745,0.0000000000000000,5.4283249797780950,3.0000872555390155,-19.562417,-0.196232,19.7586491536093,103.5390703546203,0,1.9e-12
1.0005263822254875,0.0,0.0009282539753660,0.0000000000000000,0.0163721575547526,0.0000000000000000,5.4384555174967035,3.0000870242999471,-19.926997,-0.195832,20.1228293027400,105.6676294207009,0,2.1e-12
1.0005292727459769,0.0,0.0009344482925401,0.0000000000000000,0.0163101296413722,0.0000000000000000,5.4487988224172499,3.0000867913962357,-20.268991,-0.194999,20.4639894954621,107.9061770383944,0,3.7e-12
1.0005323192351416,0.0,0.0009407941607496,0.0000000000000000,0.0162467034305958,0.0000000000000000,5.4593593716533517,3.0000865569636335,-20.581005,-0.193676,20.7746802283330,110.2607694095880,0,6.1e-13
1.0005355324815495,0.0,0.0009472960529826,0.0000000000000000,0.0161818328379197,0.0000000000000000,5.4701417376516464,3.0000863211537028,-20.854224,-0.191800,21.0460239237685,112.7379247789419,0,6.9e-13
1.0005389242577971,0.0,0.0009539585990171,0.0000000000000000,0.0161154686680497,0.0000000000000000,5.4811505903957896,3.0000860841356234,-21.078142,-0.189304,21.2674463341622,115.3447149506254,0,1.4e-12
1.0005425074394789,0.0,0.0009607865880342,0.0000000000000000,0.0160475582567032,0.0000000000000000,5.4923906996940293,3.0000858460982882,-21.240242,-0.186110,21.4263527443701,118.0888857481897,0,2.2e-13
1.0005462961428118,0.0,0.0009677849699942,0.0000000000000000,0.0159780450572689,0.0000000000000000,5.5038669375604599,3.0000856072527262,-21.325600,-0.182136,21.5077361520305,120.9790181138154,0,3.4e-13
1.0005503058845970,0.0,0.0009749588553144,0.0000000000000000,0.0159068681616168,0.0000000000000000,5.5155842807024626,3.0000853678349069,-21.316415,-0.177286,21.4937010568392,124.0247427009149,0,7.3e-13
1.0005545537690763,0.0,0.0009823135122131,0.0000000000000000,0.0158339617419908,0.0000000000000000,5.5275478131300391,3.0000851281090188,-21.191424,-0.171458,21.3628820218439,127.2370273344183,0,1.2e-12
1.0005590587073903,0.0,0.0009898543608961,0.0000000000000000,0.0157592543975551,0.0000000000000000,5.5397627289068936,3.0000848883713278,-20.925195,-0.164535,21.0897301386928,130.6285624092063,0,1.6e-12
1.0005638416768230,0.0,0.0009975869634691,0.0000000000000000,0.0156826683850214,0.0000000000000000,5.5522343350686825,3.0000846489547284,-20.487245,-0.156388,20.6436325759781,134.2142792566000,0,6.1e-13
1.0005689260289643,0.0,0.0010055170080783,0.0000000000000000,0.0156041187073597,0.0000000000000000,5.5649680547413061,3.0000844102341540,-19.840948,-0.146871,19.9878196347310,138.0120491382668,0,2.2e-13
1.0005743378584964,0.0,0.0010136502852473,0.0000000000000000,0.0155235120273332,0.0000000000000000,5.5779694305022396,3.0000841726330667,-18.942178,-0.135822,19.0779991557712,142.0436293066660,0,1.3e-12
1.0005801064477644,0.0,0.0010219926536364,0.0000000000000000,0.0154407453629835,0.0000000000000000,5.5912441280418186,3.0000839366312828,-17.737585,-0.123053,17.8606380000711,146.3359478049301,0,1.9e-12
1.0005862648069677,0.0,0.0010305499914068,0.0000000000000000,0.0153557045091798,0.0000000000000000,5.6047979402007622,3.0000837027744924,-16.162430,-0.108353,16.2707824412277,150.9228568300296,0,9.7e-13
1.0005928503362393,0.0,0.0010393281278723,0.0000000000000000,0.0152682621115404,0.0000000000000000,5.6186367914875195,3.0000834716859504,-14.137791,-0.091478,14.2292698265060,155.8475375914267,0,9.3e-13
1.0005999056448236,0.0,0.0010483327479698,0.0000000000000000,0.0151782752943351,0.0000000000000000,5.6327667432181325,3.0000832440809573,-11.566981,-0.072147,11.6391275726765,161.1658198316883,0,2.1e-12
1.0006074795752236,0.0,0.0010575692589123,0.0000000000000000,0.0150855827091244,0.0000000000000000,5.6471939994781675,3.0000830207850169,-8.330847,-0.050027,8.3808736036146,166.9507966707218,0,3.2e-12
1.0006156284983778,0.0,0.0010670426036663,0.0000000000000000,0.0149900008210692,0.0000000000000000,5.6619249141904220,3.0000828027568245,-4.281589,-0.024722,4.3063112902012,173.2992942602640,0,1.2e-12
1.0006244179725934,0.0,0.0010767569987410,0.0000000000000000,0.0148913191769878,0.0000000000000000,5.6769659996991111,3.0000825911177995,0.765525,0.004245,-0.7697704905713,180.3410311733362,0,2.4e-12
1.0006339248988307,0.0,0.0010867155626924,0.0000000000000000,0.0147892942907007,0.0000000000000000,5.6923239374768615,3.0000823871905440,7.043394,0.037468,-7.0808620112887,188.2517344319607,0,1.1e-12
1.0006442403659448,0.0,0.0010969197841898,0.0000000000000000,0.0146836416158340,0.0000000000000000,5.7080055918695187,3.0000821925497405,14.848571,0.075703,-14.9242741285823,197.2721725186327,0,2.6e-12
1.0006554734753192,0.0,0.0011073687499961,0.0000000000000000,0.0145740248172406,0.0000000000000000,5.7240180282934823,3.0000820090907783,24.563038,0.119945,-24.6829830575179,207.7362083836319,0,4.0e-12
1.0006677565892914,0.0,0.0011180580055514,0.0000000000000000,0.0144600411351305,0.0000000000000000,5.7403685381336169,3.0000818391241939,29.451049,7.405947,-36.8569961363805,220.1129111857632,0,3.1e-13
1.0006812527069289,0.0,0.0011289778384912,0.0000000000000000,0.0143412009408248,0.0000000000000000,5.7570646740262363,3.0000816855088055,47.168236,4.941274,-52.1095093280332,235.0711573496003,0,3.4e-12
1.0006961661212321,0.0,0.0011401106275020,0.0000000000000000,0.0142168983791548,0.0000000000000000,5.7741143017836718,3.0000815518446990,67.616077,3.720732,-71.3368091227503,253.5813261824901,0,6.9e-12
1.0007127583312558,0.0,0.0011514266209314,0.0000000000000000,0.0140863678109958,0.0000000000000000,5.7915256800282915,3.0000814427623421,92.814003,2.963782,-95.7777852396989,277.0804612606225,0,3.6e-12
1.0007313727553695,0.0,0.0011628769584364,0.0000000000000000,0.0139486165978172,0.0000000000000000,5.8093075880761296,3.0000813643731652,124.741555,2.451075,-127.1926301709264,307.7509162464594,0,5.5e-12
1.0007336398283617,0.0,0.0011641861420973,0.0000000000000000,0.0139324181661063,0.0000000000000000,5.8113562877894616,3.0000813577374852,128.913313,2.403431,-131.3167438733639,311.8341914347875,0,5.2e-12
1.0007359828041791,0.0,0.0011655202629842,0.0000000000000000,0.0139158031121416,0.0000000000000000,5.8134481160773159,3.0000813515100835,133.291523,2.356780,-135.6483033700021,316.1388258197076,0,2.0e-12
1.0007384051707320,0.0,0.0011668795738409,0.0000000000000000,0.0138987575075315,0.0000000000000000,5.8155839870487593,3.0000813457351838,137.890089,2.311127,-140.2012161148560,320.6815082285666,0,1.3e-12
1.0007409106428520,0.0,0.0011682643020528,0.0000000000000000,0.0138812667094730,0.0000000000000000,5.8177648348258817,3.0000813404607740,142.724118,2.266474,-144.9905924981340,325.4805509892758,0,7.3e-12
1.0007435031825094,0.0,0.0011696746452320,0.0000000000000000,0.0138633153035038,0.0000000000000000,5.8199916140612560,3.0000813357389657,147.810050,2.222826,-150.0328762669218,330.5560829340866,0,5.6e-13
1.0007461870213774,0.0,0.0011711107661474,0.0000000000000000,0.0138448870398330,0.0000000000000000,5.8222653004802680,3.0000813316264052,153.165804,2.180188,-155.3459923201405,335.9302715322501,0,1.6e-12
1.0007489666860894,0.0,0.0011725727868911,0.0000000000000000,0.0138259647623273,0.0000000000000000,5.8245868914512453,3.0000813281847205,158.810949,2.138565,-160.9495145763387,341.6275750978984,0,1.1e-12
1.0007518470265842,0.0,0.0011740607821487,0.0000000000000000,0.0138065303290863,0.0000000000000000,5.8269574065868559,3.0000813254810348,164.766893,2.097964,-166.8648572947374,347.6750344056727,0,5.7e-13
1.0007548332480207,0.0,0.0011755747714229,0.0000000000000000,0.0137865645233138,0.0000000000000000,5.8293778883809235,3.0000813235885428,171.057101,2.058392,-173.1154937237912,354.1026077365132,0,3.1e-12
1.0007579309468233,0.0,0.0011771147100213,0.0000000000000000,0.0137660469529812,0.0000000000000000,5.8318494028856280,3.0000813225871572,177.707349,2.019858,-179.7272068558543,360.9435591548281,0,2.1e-12
1.0007611461515271,0.0,0.0011786804785862,0.0000000000000000,0.0137449559374788,0.0000000000000000,5.8343730404350831,3.0000813225642520,184.746008,1.982370,-186.7283779359695,368.2349072745346,0,8.1e-13
1.0007644853692335,0.0,0.0011802718708938,0.0000000000000000,0.0137232683790972,0.0000000000000000,5.8369499164225758,3.0000813236154982,192.204381,1.945939,-194.1503196988010,376.0179503637919,0,1.2e-11
1.0007679556386415,0.0,0.0011818885795908,0.0000000000000000,0.0137009596167481,0.0000000000000000,5.8395811721403579,3.0000813258458332,200.117087,1.910576,-202.0276626154247,384.3388754656735,0,1.3e-12
1.0007715645908337,0.0,0.0011835301794637,0.0000000000000000,0.0136780032587791,0.0000000000000000,5.8422679756929048,3.0000813293705564,208.522511,1.876294,-210.3988046573439,393.2494801520006,0,1.2e-12
1.0007753205192442,0.0,0.0011851961077399,0.0000000000000000,0.0136543709910678,0.0000000000000000,5.8450115229971704,3.0000813343166071,217.463331,1.843106,-219.3064369806887,402.8080149909911,0,6.5e-12
1.0007792324605669,0.0,0.0011868856407996,0.0000000000000000,0.0136300323557103,0.0000000000000000,5.8478130388866703,3.0000813408240350,226.987133,1.811029,-228.7981614616470,413.0801851747274,0,7.1e-12
1.0007833102887707,0.0,0.0011885978665257,0.0000000000000000,0.0136049544945442,0.0000000000000000,5.8506737783405303,3.0000813490477163,237.147142,1.780078,-238.9272196582893,424.1403437119552,0,2.8e-12
1.0007875648249096,0.0,0.0011903316513183,0.0000000000000000,0.0135791018503313,0.0000000000000000,5.8535950278642312,3.0000813591593545,248.003085,1.750272,-249.7533576807353,436.0729109510175,0,6.0e-12
1.0007920079661086,0.0,0.0011920856005408,0.0000000000000000,0.0135524358166507,0.0000000000000000,5.8565781070561176,3.0000813713498431,259.622226,1.721633,-261.3438584368591,448.9740887488952,0,7.8e-12
1.0007966528379764,0.0,0.0011938580108279,0.0000000000000000,0.0135249143251792,0.0000000000000000,5.8596243704035036,3.0000813858320510,272.080599,1.694182,-273.7747808488051,462.9539279788660,0,8.4e-12
1.0008015139758724,0.0,0.0011956468122267,0.0000000000000000,0.0134964913560172,0.0000000000000000,5.8627352093652467,3.0000814028441423,285.464514,1.667944,-287.1324576172548,478.1388515591971,0,4.5e-12
1.0008066075420206,0.0,0.0011974494975469,0.0000000000000000,0.0134671163524672,0.0000000000000000,5.8659120548153076,3.0000814226535604,299.872370,1.642948,-301.5153178938047,494.6747346816410,0,4.3e-12
1.0008119515875131,0.0,0.0011992630354578,0.0000000000000000,0.0134367335164020,0.0000000000000000,5.8691563799460349,3.0000814455618365,315.416899,1.619224,-317.0361230506078,512.7307244268231,0,1.4e-11
1.0008175663711445,0.0,0.0012010837627524,0.0000000000000000,0.0134052809526124,0.0000000000000000,5.8724697037633780,3.0000814719104523,332.227924,1.596807,-333.8247315807013,532.5039845697684,0,5.5e-12
1.0008234747509066,0.0,0.0012029072496156,0.0000000000000000,0.0133726896203195,0.0000000000000000,5.8758535953533002,3.0000815020880376,350.455814,1.575735,-352.0315499549295,554.2256579316381,0,3.8e-12
1.0008297026695141,0.0,0.0012047281295111,0.0000000000000000,0.0133388820354650,0.0000000000000000,5.8793096791657042,3.0000815365393181,370.275831,1.556052,-371.8318830113853,578.1684381500381,0,9.8e-12
1.0008362797631665,0.0,0.0012065398821025,0.0000000000000000,0.0133037706467550,0.0000000000000000,5.8828396416591966,3.0000815757763339,391.893673,1.537806,-393.4314787597163,604.6562714190659,0,2.2e-12
1.0008432401341452,0.0,0.0012083345529504,0.0000000000000000,0.0132672557785062,0.0000000000000000,5.8864452397928542,3.0000816203927005,415.552631,1.521052,-417.0736828616467,634.0769663087412,0,4.8e-12
1.0008506233446830,0.0,0.0012101023867602,0.0000000000000000,0.0132292229890777,0.0000000000000000,5.8901283120655306,3.0000816710819636,441.542943,1.505853,-443.0487955879383,666.8987665890600,0,7.6e-12
1.0008584757150090,0.0,0.0012118313403269,0.0000000000000000,0.0131895396268648,0.0000000000000000,5.8938907931316189,3.0000817286615975,470.214215,1.492283,-471.7064979252276,703.6925053465820,0,8.7e-12
1.0008668520479187,0.0,0.0012135064247328,0.0000000000000000,0.0131480502622993,0.0000000000000000,5.8977347335372183,3.0000817941049238,501.992214,1.480425,-503.4726389810913,745.1616978323000,0,1.3e-12
1.0008758179651231,0.0,0.0012151087996914,0.0000000000000000,0.0131045705094118,0.0000000000000000,5.9016623269494195,3.0000818685843846,537.401985,1.470378,-538.8723635076620,792.1842308181222,0,1.6e-11
1.0008854531439624,0.0,0.0012166144987201,0.0000000000000000,0.0130588784799285,0.0000000000000000,5.9056759486248316,3.0000819535315459,577.100436,1.462261,-578.5626973518508,845.8714089389541,0,1.6e-11
1.0008958559194761,0.0,0.0012179925878082,0.0000000000000000,0.0130107026510664,0.0000000000000000,5.9097782112153041,3.0000820507224950,621.923457,1.456214,-623.3796714621802,907.6538199964561,0,8.3e-12
1.0009071500304325,0.0,0.0012192024238294,0.0000000000000000,0.0129597041084097,0.0000000000000000,5.9139720481919991,3.0000821624031331,672.956175,1.452413,-674.4085878766170,979.4099648224656,0,4.4e-12
1.0009194948742977,0.0,0.0012201894216527,0.0000000000000000,0.0129054495938853,0.0000000000000000,5.9182608429396266,3.0000822914798082,731.641616,1.451074,-733.0926905068084,1063.6662089831079,0,4.8e-12
1.0009226195633447,0.0,0.0012203843696449,0.0000000000000000,0.0128919553534322,0.0000000000000000,5.9192992816243848,3.0000823252710025,746.988245,1.451148,-748.4393928503425,1085.9907067975728,0,9.8e-12
1.0009258710172100,0.0,0.0012205638811606,0.0000000000000000,0.0128780136387999,0.0000000000000000,5.9203601457184680,3.0000823609016316,763.172052,1.451388,-764.6234404642900,1109.6588532499154,0,1.2e-11
1.0009292574702722,0.0,0.0012207256368602,0.0000000000000000,0.0128636001952062,0.0000000000000000,5.9214439732771993,3.0000823985133112,780.262439,1.451807,-781.7142460025046,1134.7902753223316,0,4.6e-12
1.0009327880124119,0.0,0.0012208670026443,0.0000000000000000,0.0128486884485532,0.0000000000000000,5.9225513231969797,3.0000824382632656,798.337142,1.452418,-799.7895606603701,1161.5195810419391,0,2.0e-11
1.0009364727191838,0.0,0.0012209849768829,0.0000000000000000,0.0128332491602796,0.0000000000000000,5.9236827773986223,3.0000824803267303,817.483607,1.453239,-818.9368452724954,1189.9988677858491,0,1.7e-11
1.0009403228088196,0.0,0.0012210761262970,0.0000000000000000,0.0128172500114405,0.0000000000000000,5.9248389434573916,3.0000825248998595,837.800653,1.454285,-839.2549374726140,1220.4008239304530,0,6.6e-12
1.0009443508331710,0.0,0.0012211365074110,0.0000000000000000,0.0128006550972949,0.0000000000000000,5.9260204578021929,3.0000825722032594,859.400517,1.455576,-860.8560927196079,1252.9224434655625,0,1.6e-11
1.0009485709120638,0.0,0.0012211615694610,0.0000000000000000,0.0127834243074730,0.0000000000000000,5.9272279896472249,3.0000826224863273,882.411379,1.457132,-883.8685104135570,1287.7897427091957,0,1.4e-11
1.0009529990237978,0.0,0.0012211460331941,0.0000000000000000,0.0127655125582420,0.0000000000000000,5.9284622458767942,3.0000826760326369,906.980510,1.458977,-908.4394868363365,1325.2635703849955,0,4.3e-13
1.0009576533692739,0.0,0.0012210837379136,0.0000000000000000,0.0127468688308419,0.0000000000000000,5.9297239771851640,3.0000827331666837,933.278261,1.461137,-934.7393971652880,1365.6469997671666,0,1.1e-11
1.0009625548339409,0.0,0.0012209674461060,0.0000000000000000,0.0127274349523770,0.0000000000000000,5.9310139858908526,3.0000827942624526,961.503145,1.463640,-962.9667848726353,1409.2948013497517,0,3.6e-11
1.0009677275818747,0.0,0.0012207885905044,0.0000000000000000,0.0127071440290627,0.0000000000000000,5.9323331360165970,3.0000828597544400,991.888433,1.466522,-993.3549546491781,1456.6257237812388,0,1.4e-11
1.0009731998314295,0.0,0.0012205369416404,0.0000000000000000,0.0126859184020549,0.0000000000000000,5.9336823664835139,3.0000829301520451,1024.710825,1.469818,-1026.1806431084303,1508.1386506434064,0,9.1e-12
1.0009790048853950,0.0,0.0012202001633758,0.0000000000000000,0.0126636669345192,0.0000000000000000,5.9350627086603787,3.0000830060587016,1060.302045,1.473575,-1061.7756198732163,1564.4342963240342,0,2.9e-11
1.0009851825259155,0.0,0.0012197632070251,0.0000000000000000,0.0126402813409201,0.0000000000000000,5.9364753101217813,3.0000830881977856,1099.064670,1.477843,-1100.5425126881603,1626.2448726461735,0,1.0e-11
1.0009917809456119,0.0,0.0012192074668708,0.0000000000000000,0.0126156311096487,0.0000000000000000,5.9379214674508924,3.0000831774485106,1141.494192,1.482684,-1142.9768763475192,1694.4754201023607,0,8.9e-12
1.0009988594903987,0.0,0.0012185095723678,0.0000000000000000,0.0125895562983978,0.0000000000000000,5.9394026725407851,3.0000832748969355,1188.210604,1.488173,-1189.6987772399382,1770.2632156746695,0,2.4e-11
1.0010064926732889,0.0,0.0012176396078045,0.0000000000000000,0.0125618570029027,0.0000000000000000,5.9409206796041243,3.0000833819106716,1240.004967,1.494402,-1241.4993687219740,1855.0653967437102,0,4.8e-12
1.0010147762596970,0.0,0.0012165583923081,0.0000000000000000,0.0125322774121752,0.0000000000000000,5.9424776049635799,3.0000835002522281,1297.910587,1.501485,-1299.4120721158927,1950.7932093202835,0,1.6e-11
1.0010238368943176,0.0,0.0012152131408630,0.0000000000000000,0.0125004806261319,0.0000000000000000,5.9440760806321462,3.0000836322585394,1363.316560,1.509573,-1364.8261331224651,2060.0264784867177,0,5.8e-11
1.0010338481455330,0.0,0.0012135301654676,0.0000000000000000,0.0124660067747070,0.0000000000000000,5.9457194998751683,3.0000837811405567,1438.158730,1.518869,-1439.6775996884080,2186.3750619500643,0,1.6e-11
1.0010450590536060,0.0,0.0012114017490726,0.0000000000000000,0.0124281987025697,0.0000000000000000,5.9474124276147888,3.0000839515172699,1525.262889,1.529657,-1526.7925462392138,2335.1295908230823,0,4.3e-12
1.0010565081286782,0.0,0.0012089634963403,0.0000000000000000,0.0123904290171646,0.0000000000000000,5.9489868045685572,3.0000841293678513,1617.913274,1.541015,-1619.4542896640039,2495.2292128510308,0,1.3e-11
1.0010608438068063,0.0,0.0012079705641054,0.0000000000000000,0.0123763422248937,0.0000000000000000,5.9495435559912639,3.0000841977081829,1653.997518,1.545392,-1655.5429098821421,2558.0749754775316,0,2.0e-11
1.0010654304869506,0.0,0.0012068786237049,0.0000000000000000,0.0123615667744534,0.0000000000000000,5.9501095172516409,3.0000842705849236,1692.778435,1.550062,-1694.3284966080203,2625.9114345335402,0,3.5e-11
1.0010703039039641,0.0,0.0012056716958530,0.0000000000000000,0.0123460087014308,0.0000000000000000,5.9506853481678830,3.0000843486623006,1734.676671,1.555064,-1736.2317346384773,2699.5328158987686,0,8.2e-12
1.0010755090321222,0.0,0.0012043295094468,0.0000000000000000,0.0123295499932763,0.0000000000000000,5.9512718464616476,3.0000844327774008,1780.225425,1.560447,-1781.7858724067471,2779.9472936198581,0,1.4e-11
1.0010811037372267,0.0,0.0012028257606047,0.0000000000000000,0.0123120391630043,0.0000000000000000,5.9518699905414207,3.0000845240088574,1830.115944,1.566274,-1831.6822185780557,2868.4639230028260,0,1.6e-11
1.0010871644706962,0.0,0.0012011253747744,0.0000000000000000,0.0122932765987520,0.0000000000000000,5.9524809989667400,3.0000846237841587,1885.268947,1.572629,-1886.8415759738461,2966.8292291441467,0,2.5e-12
1.0010937955605934,0.0,0.0011991799945705,0.0000000000000000,0.0122729907482502,0.0000000000000000,5.9531064134106453,3.0000847340551435,1946.952118,1.579624,-1948.5317417224257,3077.4520878386684,0,6.0e-12
1.0011011452396466,0.0,0.0011969201040905,0.0000000000000000,0.0122507972201269,0.0000000000000000,5.9537482124547010,3.0000848576016179,2016.984716,1.587417,-2018.5721327846713,3203.7962147633079,0,4.9e-11
1.0011094352902246,0.0,0.0011942402556523,0.0000000000000000,0.0122261235607101,0.0000000000000000,5.9544089551426520,3.0000849985948208,2098.120308,1.596246,-2099.7165541694512,3351.1156054856256,0,1.9e-11
1.0011190210176648,0.0,0.0011909686556387,0.0000000000000000,0.0121980581557033,0.0000000000000000,5.9550918993170017,3.0000851637423080,2194.832017,1.606486,-2196.4385030491758,3527.9673779536970,0,5.5e-11
1.0011305279913669,0.0,0.0011867962250405,0.0000000000000000,0.0121650089998539,0.0000000000000000,5.9558007493998248,3.0000853649133066,2315.135928,1.618797,-2316.7547246153399,3749.7352754049934,0,1.9e-11
1.0011452203585791,0.0,0.0011810793308944,0.0000000000000000,0.0121237972816158,0.0000000000000000,5.9565369573104112,3.0000856262681763,2475.631126,1.634497,-2477.2656225628534,4048.4108026572503,0,3.3e-11
1.0011662631451503,0.0,0.0011721277165261,0.0000000000000000,0.0120666237932798,0.0000000000000000,5.9572789092968952,3.0000860090264041,2719.526138,1.656838,-2721.1829755582648,4507.8142243004404,0,2.7e-11
1.0012041942179521,0.0,0.0011536980211696,0.0000000000000000,0.0119687468385387,0.0000000000000000,5.9577614590783750,3.0000867226277363,3203.710917,1.696281,-3205.4071979904038,5436.3932670885697,0,1.8e-11
1.0012513222655293,0.0,0.0011266009671894,0.0000000000000000,0.0118556725933640,0.0000000000000000,5.9570017104495800,3.0000876483288317,3892.979226,1.743033,-3894.7222591890873,6787.5907176481560,0,2.0e-11
1.0012754552842780,0.0,0.0011108683559945,0.0000000000000000,0.0118011343712786,0.0000000000000000,5.9560973758818561,3.0000881378355873,4287.324106,1.765763,-4289.0898683915366,7572.3966159746051,0,8.1e-11
1.0012932944595139,0.0,0.0010984040323497,0.0000000000000000,0.0117621891482963,0.0000000000000000,5.9552261024345743,3.0000885060165543,4598.296550,1.781976,-4600.0785259856821,8196.0530426185578,0,1.1e-10
1.0013081434601976,0.0,0.0010874744468632,0.0000000000000000,0.0117306234646202,0.0000000000000000,5.9543775595381172,3.0000888164403827,4870.407698,1.795071,-4872.2027683847746,8744.7258714623749,0,7.1e-12
1.0013211994266880,0.0,0.0010774391681022,0.0000000000000000,0.0117034878302169,0.0000000000000000,5.9535435651890181,3.0000890922645147,5120.020701,1.806274,-5121.8269752462911,9250.1612473633140,0,1.9e-11
1.0013330452729312,0.0,0.0010679823115959,0.0000000000000000,0.0116793540817651,0.0000000000000000,5.9527188030232185,3.0000893448015002,5355.180326,1.816183,-5356.9965088768495,9727.9857538323849,0,3.0e-11
1.0013440136150349,0.0,0.0010589215380847,0.0000000000000000,0.0116574106961673,0.0000000000000000,5.9518996791693821,3.0000895805221037,5580.518191,1.825136,-5582.3433264173036,10187.2036644369364,0,8.0e-12
1.0013543142930188,0.0,0.0010501404005659,0.0000000000000000,0.0116371474800276,0.0000000000000000,5.9510836405918779,3.0000898035169183,5798.985193,1.833348,-5800.8185404965498,10633.5559029094875,0,3.0e-11
1.0013640892527158,0.0,0.0010415590091592,0.0000000000000000,0.0116182203949335,0.0000000000000000,5.9502687935314755,3.0000900165581781,6012.601051,1.840963,-6014.4420138227397,11070.9741308279335,0,4.2e-11
1.0013734395842513,0.0,0.0010331194955915,0.0000000000000000,0.0116003851634412,0.0000000000000000,5.9494536813250285,3.0000902216237888,6222.825016,1.848084,-6224.6730991180775,11502.3009459041059,0,1.1e-11
1.0013824401939413,0.0,0.0010247780884117,0.0000000000000000,0.0115834613310158,0.0000000000000000,5.9486371485907306,3.0000904201820919,6430.757618,1.854786,-6432.6124045185625,11929.6813086234033,0,3.5e-11
1.0013911483669904,0.0,0.0010165004684505,0.0000000000000000,0.0115673113358636,0.0000000000000000,5.9478182544272906,3.0000906133582506,6637.258722,1.861129,-6639.1198507881727,12354.7923240885139,0,7.1e-11
1.0013996090580990,0.0,0.0010082588872045,0.0000000000000000,0.0115518276001280,0.0000000000000000,5.9469962147521800,3.0000908020371617,6843.020615,1.867156,-6844.8877706431249,12778.9852135814726,0,3.4e-11
1.0014078583141048,0.0,0.0010000302942351,0.0000000000000000,0.0115369241920535,0.0000000000000000,5.9461703626984415,3.0000909869300938,7048.615398,1.872904,-7050.4883020769312,13203.3773214146495,0,6.5e-11
1.0014159255736104,0.0,0.0009917950722757,0.0000000000000000,0.0115225312318767,0.0000000000000000,5.9453401206155263,3.0000911686194955,7254.526905,1.878401,-7256.4053066514698,13628.9140279814601,0,1.4e-11
1.0014238352620792,0.0,0.0009835361538529,0.0000000000000000,0.0115085910167204,0.0000000000000000,5.9445049797673351,3.0000913475900979,7461.172914,1.883673,-7463.0565876318597,14056.4125464931130,0,3.6e-11
1.0014316079285499,0.0,0.0009752383860986,0.0000000000000000,0.0114950552625331,0.0000000000000000,5.9436644852741960,3.0000915242510993,7668.921022,1.888739,-7670.8097609098622,14486.5921527445316,0,1.6e-11
1.0014392610749767,0.0,0.0009668880616125,0.0000000000000000,0.0114818830943558,0.0000000000000000,5.9428182247162535,3.0000916989523598,7878.100290,1.893616,-7879.9939056625462,14920.0970983579755,0,9.6e-11
1.0014468097737192,0.0,0.0009584725633679,0.0000000000000000,0.0114690395518616,0.0000000000000000,5.9419658193431788,3.0000918719964678,8089.009964,1.898318,-8090.9082819963778,15357.5130999982357,0,3.8e-11
1.0014542671357867,0.0,0.0009499800893061,0.0000000000000000,0.0114564944577007,0.0000000000000000,5.9411069171757953,3.0000920436479017,8301.926169,1.902857,-8303.8290266149634,15799.3813822716475,0,5.0e-11
1.0014616446715916,0.0,0.0009413994337096,0.0000000000000000,0.0114442215469503,0.0000000000000000,5.9402411874987591,3.0000922141400914,8517.107090,1.907245,-8519.0143346312907,16246.2076709046960,0,1.2e-11
1.0014689525730209,0.0,0.0009327198093210,0.0000000000000000,0.0114321977876800,0.0000000000000000,5.9393683163915636,3.0000923836809474,8734.797107,1.911489,-8736.7085966212599,16698.4705828800797,0,8.8e-11
1.0014761999369051,0.0,0.0009239306989487,0.0000000000000000,0.0114204028438241,0.0000000000000000,5.9384880030410994,3.0000925524572475,8955.230133,1.915599,-8957.1457315777170,17156.6278579160571,0,9.9e-11
1.0014833949442243,0.0,0.0009150217283771,0.0000000000000000,0.0114088186455733,0.0000000000000000,5.9375999566467605,3.0000927206381576,9178.632372,1.919580,-9180.5519527315755,17621.1228374466300,0,5.2e-11
1.0014905450055189,0.0,0.0009059825543927,0.0000000000000000,0.0113974290419532,0.0000000000000000,5.9367038937776027,3.0000928883780991,9405.224588,1.923440,-9407.1480285294656,18092.3867522701621,0,1.4e-11
1.0014976568800844,0.0,0.0008968027633446,0.0000000000000000,0.0113862195171818,0.0000000000000000,5.9357995360720830,3.0000930558191028,9635.224100,1.927183,-9637.1512831356522,18570.8446197435260,0,9.7e-11
1.0015047367747534,0.0,0.0008874717764407,0.0000000000000000,0.0113751769568465,0.0000000000000000,5.9348866081975542,3.0000932230927662,9868.846457,1.930815,-9870.7772723227263,19056.9167593643069,0,1.3e-10
1.0015117904265707,0.0,0.0008779787587558,0.0000000000000000,0.0113642894534907,0.0000000000000000,5.9339648360023265,3.0000933903218985,10106.307002,1.934339,-10108.2413411464659,19551.0239429920912,0,8.7e-11
1.0015188231727012,0.0,0.0008683125293109,0.0000000000000000,0.0113535461436017,0.0000000000000000,5.9330339448062261,3.0000935576219199,10347.822180,1.937759,-10349.7599393384153,20053.5867203548551,0,7.4e-11
1.0015258400101508,0.0,0.0008584614698458,0.0000000000000000,0.0113429370698173,0.0000000000000000,5.9320936577844803,3.0000937251020643,10593.610881,1.941079,-10595.5519594099060,20565.0313266739249,0,1.2e-10
1.0015328456473362,0.0,0.0008484134300155,0.0000000000000000,0.0113324530635139,0.0000000000000000,5.9311436944061438,3.0000938928664236,10843.895602,1.944300,-10845.8399026490661,21085.7897272780538,0,8.5e-11
1.0015398445491239,0.0,0.0008381556267416,0.0000000000000000,0.0113220856439608,0.0000000000000000,5.9301837688925305,3.0000940610148730,11098.903630,1.947427,-11100.8510566501882,21616.3023763597012,0,8.4e-11
1.0015468409766430,0.0,0.0008276745353217,0.0000000000000000,0.0113118269309895,0.0000000000000000,5.9292135886639654,3.0000942296438975,11358.868196,1.950460,-11360.8186561679395,22157.0208166316152,0,4.0e-11
1.0015538390229428,0.0,0.0008169557696869,0.0000000000000000,0.0113016695687283,0.0000000000000000,5.9282328527443129,3.0000943988473376,11624.029624,1.953403,-11625.9830266533718,22708.4088868647814,0,2.2e-11
1.0015608426454139,0.0,0.0008059839487855,0.0000000000000000,0.0112916066583605,0.0000000000000000,5.9272412500936307,3.0000945687170866,11894.636549,1.956255,-11896.5928043175445,23270.9464859813452,0,8.7e-11
1.0015678556956693,0.0,0.0007947425457192,0.0000000000000000,0.0112816316983412,0.0000000000000000,5.9262384578366891,3.0000947393437367,12170.947125,1.959020,-12172.9061448530665,23845.1300528496504,0,4.8e-11
1.0015748819476309,0.0,0.0007832137153529,0.0000000000000000,0.0112717385305716,0.0000000000000000,5.9252241393561791,3.0000949108172037,12453.230371,1.961698,-12455.1920692339845,24431.4765888452530,0,6.5e-12
1.0015819251243487,0.0,0.0007713780954510,0.0000000000000000,0.0112619212914449,0.0000000000000000,5.9241979422136648,3.0000950832273343,12741.767573,1.964290,-12743.7318625321277,25030.5254742503166,0,2.5e-11
1.0015889889241167,0.0,0.0007592145750873,0.0000000000000000,0.0112521743667216,0.0000000000000000,5.9231594958592160,3.0000952566645154,13036.853817,1.966797,-13038.8206140086204,25642.8415450304747,0,1.5e-12
1.0015960770464145,0.0,0.0007467000225132,0.0000000000000000,0.0112424923493171,0.0000000000000000,5.9221084090858067,3.0000954312202821,13338.799681,1.969219,-13340.7688997363166,26269.0179464519024,0,4.9e-11
1.0016031932181189,0.0,0.0007338089627364,0.0000000000000000,0.0112328699992865,0.0000000000000000,5.9210442671770247,3.0000956069879585,13647.933108,1.971557,-13649.9046646833085,26909.6803258657455,0,2.4e-11
1.0016103412205524,0.0,0.0007205131920865,0.0000000000000000,0.0112233022051770,0.0000000000000000,5.9199666286928139,3.0000957840633249,13964.601476,1.973811,-13966.5752873771162,27565.4892949610949,0,2.0e-10
1.0016175249178183,0.0,0.0007067813135561,0.0000000000000000,0.0112137839461589,0.0000000000000000,5.9188750218274260,3.0000959625453310,14289.174000,1.975982,-14291.1499816379073,28237.1475920081139,0,3.7e-11
1.0016247482869884,0.0,0.0006925781714800,0.0000000000000000,0.0112043102542421,0.0000000000000000,5.9177689402687852,3.0000961425368744,14622.044320,1.978068,-14624.0223879312161,28925.4010366648436,0,1.1e-10
1.0016320154505969,0.0,0.0006778641574070,0.0000000000000000,0.0111948761761103,0.0000000000000000,5.9166478384789789,3.0000963241456455,14963.633589,1.980070,-14965.6136592591938,29631.0474103391171,0,1.1e-10
1.0016393307120621,0.0,0.0006625943490040,0.0000000000000000,0.0111854767339290,0.0000000000000000,5.9155111263173970,3.0000965074850643,15314.393918,1.981988,-15316.3759061142773,30354.9420862048864,0,2.9e-10
1.0016466985943737,0.0,0.0006467174306352,0.0000000000000000,0.0111761068849318,0.0000000000000000,5.9143581629270834,3.0000966926753163,15674.812302,1.983820,-15676.7961218423534,31098.0038316100836,0,1.7e-10
1.0016541238824561,0.0,0.0006301743241891,0.0000000000000000,0.0111667614795353,0.0000000000000000,5.9131882498337855,3.0000968798444987,16045.415185,1.985566,-16047.4007504225101,31861.2257665395737,0,5.6e-11
1.0016616116690529,0.0,0.0006128964305695,0.0000000000000000,0.0111574352184692,0.0000000000000000,5.9120006232567608,3.0000970691298789,16426.773574,1.987224,-16428.7607983216549,32645.6830706000328,0,3.9e-11
1.0016691674033638,0.0,0.0005948033394949,0.0000000000000000,0.0111481226101850,0.0000000000000000,5.9107944457558155,3.0000972606792384,16819.508852,1.988794,-16821.4976460263861,33452.5445140898228,0,1.1e-10
1.0016767969401590,0.0,0.0005757998007843,0.0000000000000000,0.0111388179315349,0.0000000000000000,5.9095687975866875,3.0000974546522654,17224.299143,1.990274,-17226.2894171699554,34283.0825106799603,0,2.1e-11
1.0016845065840609,0.0,0.0005557716504497,0.0000000000000000,0.0111295151981572,0.0000000000000000,5.9083226686300678,3.0000976512218318,17641.886123,1.991663,-17643.8777862096140,35138.6872391998768,0,4.2e-10
1.0016923031179759,0.0,0.0005345802254759,0.0000000000000000,0.0111202081572462,0.0000000000000000,5.9070549527521568,3.0000978505749027,18073.081623,1.992957,-18075.0745799283723,36020.8802638649940,0,6.2e-11
1.0017001937929788,0.0,0.0005120545409542,0.0000000000000000,0.0111108903279905,0.0000000000000000,5.9057644484408014,3.0000980529124655,18518.772481,1.994156,-18520.7666363842436,36931.3146754801273,0,7.7e-11
1.0017081862331445,0.0,0.0004879800644462,0.0000000000000000,0.0111015551403117,0.0000000000000000,5.9044498736371311,3.0000982584472733,18979.921180,1.995255,-18981.9164352599510,37871.7827614247799,0,3.4e-10
1.0017162881589354,0.0,0.0004620821565389,0.0000000000000000,0.0110921962750545,0.0000000000000000,5.9031099112967738,3.0000984673968620,19457.555190,1.996252,-19459.5514416345031,38844.1844201982021,0,1.1e-10
1.0017245067232194,0.0,0.0004340008604693,0.0000000000000000,0.0110828084232449,0.0000000000000000,5.9017433210873644,3.0000986799664244,19952.731339,1.997143,-19954.7284824546077,39850.4590937495232,0,2.6e-10
1.0017328470029778,0.0,0.0004032511077208,0.0000000000000000,0.0110733889425362,0.0000000000000000,5.9003491960612990,3.0000988963094475,20466.442351,1.997924,-20468.4402750296285,40892.3879972398281,0,2.6e-10
1.0017413085782139,0.0,0.0003691572560911,0.0000000000000000,0.0110639415204097,0.0000000000000000,5.8989275490326181,3.0000991164378350,20999.388838,1.998588,-21001.3874261497731,41971.1344133019447,0,3.9e-10
1.0017498775316394,0.0,0.0003307403175785,0.0000000000000000,0.0110544845966870,0.0000000000000000,5.8974806904759163,3.0000993400107947,21551.421671,1.999131,-21553.4208023105239,43086.1258349716663,0,6.9e-11
1.0017585066634551,0.0,0.0002865141056545,0.0000000000000000,0.0110450719501669,0.0000000000000000,5.8960166475641431,3.0000995658111864,22120.122250,1.999546,-22122.1217960520480,44232.2084624767303,0,5.4e-12
1.0017670625758097,0.0,0.0002341027616139,0.0000000000000000,0.0110358473131928,0.0000000000000000,5.8945583295450943,3.0000997903421811,22696.932570,1.999827,-22698.9323971867670,45391.9387413859367,0,1.5e-10
1.0017751706693736,0.0,0.0001695453815630,0.0000000000000000,0.0110272035169742,0.0000000000000000,5.8931704150939748,3.0001000037111649,23255.680255,2.000000,-23257.6802278786745,46512.7390182614326,0,3.2e-10
1.0017817392876693,0.0,0.0000865588700237,0.0000000000000000,0.0110202699764796,0.0000000000000000,5.8920419417570171,3.0001001769863311,23717.153283,2.000006,-23719.1532893019685,47436.4592589139938,0,5.5e-11
