x0,y0,z0,xd0,yd0,zd0,Tp,JC,stabilityIndex1,stabilityIndex2,alpha,beta,impactFlag,error
0.9996766261194306,0.0,0.0000000000000000,0.0210578860140133,0.0259160431022015,0.0000000000000000,15.8657937044715478,3.0000595885512271,2.000428,1.441456,-3.4418832604793,4.8835285290243,0,1.5e-11
0.9996766218792031,0.0,-0.0000000000000000,0.0210576243135412,0.0259159529374118,0.0000000000000000,15.8657766871681840,3.0000595888370793,2.000441,1.441435,-3.4418751758052,4.8835044961086,0,2.6e-10
0.9996766175539772,0.0,0.0000000000000000,0.0210573573073667,0.0259158610135163,-0.0000000000000000,15.8657593124479490,3.0000595891289317,2.000457,1.441414,-3.4418717062298,4.8834875800290,0,2.7e-10
0.9996766131421425,0.0,-0.0000000000000000,0.0210570848921098,0.0259157672995096,0.0000000000000000,15.8657415727992408,3.0000595894269093,2.000472,1.441392,-3.4418625017439,4.8834623340142,0,3.2e-10
0.9996766086418413,0.0,-0.0000000000000000,0.0210568069533031,0.0259156717560056,0.0000000000000000,15.8657234606723616,3.0000595897311388,2.000488,1.441370,-3.4418577387816,4.8834425529929,0,7.7e-11
0.9996766041458266,0.0,-0.0000000000000000,0.0210565292160811,0.0259155763547888,0.0000000000000000,15.8657053485884347,3.0000595900353630,2.000505,1.441348,-3.4418503096382,4.8834198165397,0,4.0e-10
0.9996765995602690,0.0,0.0000000000000000,0.0210562458746554,0.0259154791119821,-0.0000000000000000,15.8656868560419220,3.0000595903459737,2.000522,1.441325,-3.4418447689666,4.8833994184762,0,4.2e-10
0.9996765948828895,0.0,-0.0000000000000000,0.0210559567942131,0.0259153799751792,0.0000000000000000,15.8656679752371286,3.0000595906631005,2.000540,1.441302,-3.4418402244931,4.8833799439798,0,2.1e-10
0.9996765901121273,0.0,-0.0000000000000000,0.0210556618705800,0.0259152789172793,0.0000000000000000,15.8656486979252289,3.0000595909868819,2.000558,1.441278,-3.4418338937056,4.8833573480688,0,4.3e-10
0.9996765852463905,0.0,0.0000000000000000,0.0210553609983430,0.0259151759100109,-0.0000000000000000,15.8656290157759674,3.0000595913174570,2.000578,1.441254,-3.4418303872602,4.8833387444558,0,1.8e-10
0.9996765802837999,0.0,0.0000000000000000,0.0210550540580445,0.0259150709163104,-0.0000000000000000,15.8656089202634973,3.0000595916549697,2.000597,1.441229,-3.4418270880374,4.8833194783694,0,1.8e-10
0.9996765752224207,0.0,0.0000000000000000,0.0210547409272676,0.0259149638976481,-0.0000000000000000,15.8655884028169627,3.0000595919995630,2.000619,1.441204,-3.4418234959216,4.8833011330952,0,2.4e-10
0.9996765701665439,0.0,0.0000000000000000,0.0210544280557326,0.0259148570610667,-0.0000000000000000,15.8655678854542561,3.0000595923441487,2.000639,1.441179,-3.4418182529169,4.8832791852186,0,9.5e-11
0.9996765651161550,0.0,0.0000000000000000,0.0210541154422583,0.0259147504064797,-0.0000000000000000,15.8655473681542158,3.0000595926887286,2.000661,1.441153,-3.4418134097010,4.8832583923793,0,1.3e-10
0.9996765599656380,0.0,0.0000000000000000,0.0210537965423696,0.0259146417087213,-0.0000000000000000,15.8655264199519870,3.0000595930405387,2.000683,1.441128,-3.4418106187802,4.8832396106179,0,5.6e-11
0.9996765548209593,0.0,0.0000000000000000,0.0210534779165942,0.0259145332047052,-0.0000000000000000,15.8655054717352098,3.0000595933923422,2.000705,1.441102,-3.4418060876387,4.8832180538739,0,1.9e-10
0.9996765495740810,0.0,0.0000000000000000,0.0210531528747195,0.0259144226153432,-0.0000000000000000,15.8654840836988598,3.0000595937515264,2.000729,1.441076,-3.4418035723674,4.8832000023474,0,1.0e-10
0.9996765442231899,0.0,-0.0000000000000000,0.0210528212970247,0.0259143099082393,0.0000000000000000,15.8654622465606590,3.0000595941182473,2.000753,1.441049,-3.4418006238795,4.8831809355275,0,2.5e-10
0.9996765387665365,0.0,-0.0000000000000000,0.0210524830660851,0.0259141950535761,0.0000000000000000,15.8654399507763220,3.0000595944926620,2.000779,1.441021,-3.4418000198571,4.8831651323106,0,9.8e-12
0.9996765333158821,0.0,-0.0000000000000000,0.0210521451190807,0.0259140803968806,0.0000000000000000,15.8654176553355644,3.0000595948670652,2.000804,1.440994,-3.4417961466160,4.8831441360663,0,3.4e-10
0.9996765277579325,0.0,0.0000000000000000,0.0210518004106279,0.0259139635705247,-0.0000000000000000,15.8653948914568961,3.0000595952493270,2.000830,1.440966,-3.4417956402648,4.8831270933396,0,2.1e-10
0.9996765220903724,0.0,0.0000000000000000,0.0210514487967890,0.0259138445265652,-0.0000000000000000,15.8653716495360175,3.0000595956396094,2.000858,1.440938,-3.4417952077466,4.8831106318765,0,6.7e-11
0.9996765163108748,0.0,0.0000000000000000,0.0210510901323990,0.0259137232171652,-0.0000000000000000,15.8653479196358500,3.0000595960380783,2.000887,1.440908,-3.4417951143369,4.8830946078315,0,8.0e-11
0.9996765104177074,0.0,0.0000000000000000,0.0210507242976452,0.0259135996154262,-0.0000000000000000,15.8653236913934297,3.0000595964449084,2.000917,1.440879,-3.4417965555019,4.8830799349987,0,1.9e-10
0.9996765044085493,0.0,-0.0000000000000000,0.0210503511454709,0.0259134736753765,0.0000000000000000,15.8652989544349659,3.0000595968602712,2.000948,1.440848,-3.4417937956635,4.8830591024630,0,4.1e-10
0.9996764982813474,0.0,0.0000000000000000,0.0210499705403092,0.0259133453604084,-0.0000000000000000,15.8652736980746720,3.0000595972843476,2.000980,1.440817,-3.4417969440964,4.8830458854142,0,5.5e-11
0.9996764920342893,0.0,0.0000000000000000,0.0210495823560317,0.0259132146429993,-0.0000000000000000,15.8652479113032481,3.0000595977173208,2.001013,1.440786,-3.4417968520645,4.8830279180971,0,3.1e-10
0.9996764856646405,0.0,0.0000000000000000,0.0210491864245705,0.0259130814651579,-0.0000000000000000,15.8652215831952272,3.0000595981593743,2.001048,1.440753,-3.4418001595860,4.8830150067843,0,1.6e-10
0.9996764791708366,0.0,-0.0000000000000000,0.0210487826289526,0.0259129458091584,0.0000000000000000,15.8651947020825492,3.0000595986107035,2.001084,1.440720,-3.4418049748977,4.8830032424756,0,2.2e-10
0.9996764725499654,0.0,0.0000000000000000,0.0210483707919133,0.0259128076119902,-0.0000000000000000,15.8651672567249964,3.0000595990714958,2.001121,1.440686,-3.4418070809310,4.8829874455959,0,3.1e-11
0.9996764658002190,0.0,-0.0000000000000000,0.0210479507831431,0.0259126668495866,0.0000000000000000,15.8651392349773488,3.0000595995419559,2.001160,1.440652,-3.4418114141350,4.8829741935239,0,2.6e-11
0.9996764589192292,0.0,-0.0000000000000000,0.0210475224471379,0.0259125234791825,0.0000000000000000,15.8651106247924591,3.0000596000222832,2.001200,1.440617,-3.4418161298191,4.8829609476844,0,1.0e-10
0.9996764519045559,0.0,0.0000000000000000,0.0210470856245681,0.0259123774560074,-0.0000000000000000,15.8650814139031020,3.0000596005126852,2.001242,1.440581,-3.4418235318003,4.8829519990944,0,1.5e-10
0.9996764447538832,0.0,-0.0000000000000000,0.0210466401597836,0.0259122287409305,0.0000000000000000,15.8650515896614195,3.0000596010133735,2.001285,1.440544,-3.4418301844295,4.8829407341868,0,1.4e-10
0.9996764374648108,0.0,-0.0000000000000000,0.0210461858933204,0.0259120772920050,0.0000000000000000,15.8650211392944733,3.0000596015245606,2.001330,1.440507,-3.4418377617463,4.8829309485490,0,8.7e-11
0.9996764300349414,0.0,-0.0000000000000000,0.0210457226633586,0.0259119230692571,0.0000000000000000,15.8649900494951002,3.0000596020464698,2.001376,1.440469,-3.4418445293388,4.8829184204010,0,2.1e-10
0.9996764224616915,0.0,0.0000000000000000,0.0210452503000152,0.0259117660262705,-0.0000000000000000,15.8649583070081093,3.0000596025793222,2.001426,1.440430,-3.4418569521098,4.8829155192374,0,1.9e-10
0.9996764147427778,0.0,-0.0000000000000000,0.0210447686448392,0.0259116061282104,0.0000000000000000,15.8649258979561179,3.0000596031233506,2.001476,1.440390,-3.4418642127241,4.8829036999859,0,4.0e-10
0.9996764068755756,0.0,0.0000000000000000,0.0210442775235138,0.0259114433292604,-0.0000000000000000,15.8648928084912040,3.0000596036787872,2.001528,1.440349,-3.4418785677566,4.8829005994478,0,1.0e-10
0.9996763988574046,0.0,0.0000000000000000,0.0210437767579613,0.0259112775826775,-0.0000000000000000,15.8648590243841259,3.0000596042458691,2.001583,1.440308,-3.4418915142513,4.8828959059692,0,6.4e-11
0.9996763906858761,0.0,0.0000000000000000,0.0210432661816091,0.0259111088526877,-0.0000000000000000,15.8648245309064819,3.0000596048248425,2.001641,1.440266,-3.4419060074426,4.8828941364986,0,2.8e-11
0.9996763823582742,0.0,0.0000000000000000,0.0210427456121479,0.0259109370933553,-0.0000000000000000,15.8647893131789939,3.0000596054159576,2.001699,1.440222,-3.4419203782108,4.8828900725478,0,2.4e-10
0.9996763738720034,0.0,0.0000000000000000,0.0210422148720130,0.0259107622632916,-0.0000000000000000,15.8647533560949299,3.0000596060194660,2.001761,1.440178,-3.4419393302185,4.8828927914437,0,1.0e-10
0.9996763654020047,0.0,0.0000000000000000,0.0210416848963531,0.0259105879712622,-0.0000000000000000,15.8647173992809094,3.0000596066229526,2.001823,1.440134,-3.4419552442829,4.8828909401178,0,3.3e-10
0.9996763567710071,0.0,-0.0000000000000000,0.0210411445829894,0.0259104105773203,0.0000000000000000,15.8646806875188613,3.0000596072390944,2.001888,1.440089,-3.4419777193163,4.8828975124972,0,2.0e-10
0.9996763479760760,0.0,0.0000000000000000,0.0210405937368971,0.0259102300304471,-0.0000000000000000,15.8646432051648087,3.0000596078681507,2.001955,1.440043,-3.4419987109536,4.8829022328342,0,1.2e-10
0.9996763390147658,0.0,-0.0000000000000000,0.0210400321824128,0.0259100462979499,0.0000000000000000,15.8646049358756400,3.0000596085103965,2.002025,1.439996,-3.4420204194196,4.8829068836169,0,1.2e-10
0.9996763298841032,0.0,0.0000000000000000,0.0210394597199379,0.0259098593296343,-0.0000000000000000,15.8645658632404718,3.0000596091661045,2.002098,1.439948,-3.4420465291509,4.8829182349388,0,8.6e-11
0.9996763205814173,0.0,-0.0000000000000000,0.0210388761612770,0.0259096690871357,0.0000000000000000,15.8645259703368229,3.0000596098355587,2.002174,1.439899,-3.4420734459660,4.8829291893325,0,1.5e-10
0.9996763089503921,0.0,-0.0000000000000000,0.0210381460923313,0.0259094315906470,0.0000000000000000,15.8644759703368230,3.0000596106745960,2.002270,1.439838,-3.4421090973891,4.8829460296674,0,2.1e-10
0.9996762973494394,0.0,-0.0000000000000000,0.0210374174346095,0.0259091950894753,0.0000000000000000,15.8644259703368231,3.0000596115136018,2.002370,1.439776,-3.4421504346726,4.8829710803920,0,9.0e-10
0.9996785663332456,0.0,-0.0000000000000000,0.0211383814503368,0.0259867966019863,0.0000000000000000,15.8643259703368233,3.0000596131915218,2.002573,1.439654,-3.4422264330099,4.8830113934073,0,2.6e-11
0.9996786335593641,0.0,-0.0000000000000000,0.0211409756554216,0.0259894124451069,0.0000000000000000,15.8642259703368236,3.0000596148693206,2.002785,1.439531,-3.4423148926912,4.8830694775948,0,2.9e-10
0.9996786671574257,0.0,-0.0000000000000000,0.0211422724922342,0.0259907200735423,0.0000000000000000,15.8641759703368237,3.0000596157081754,2.002895,1.439470,-3.4423636453344,4.8831048604151,0,1.0e-10
0.9996787007459541,0.0,-0.0000000000000000,0.0211435691728783,0.0259920275221336,0.0000000000000000,15.8641259703368220,3.0000596165469995,2.003006,1.439408,-3.4424137229076,4.8831424926062,0,1.5e-10
0.9996787343245074,0.0,-0.0000000000000000,0.0211448656764290,0.0259933347763784,0.0000000000000000,15.8640759703368222,3.0000596173857943,2.003120,1.439347,-3.4424664954202,4.8831842107948,0,4.8e-11
0.9996787678934659,0.0,-0.0000000000000000,0.0211461620203465,0.0259946418487796,0.0000000000000000,15.8640259703368223,3.0000596182245598,2.003236,1.439286,-3.4425197515494,4.8832260365694,0,2.5e-10
0.9996788865172850,0.0,-0.0000000000000000,0.0211507446350905,0.0259992622415230,0.0000000000000000,15.8638491677515603,3.0000596211902453,2.003660,1.439069,-3.4427493995546,4.8834346527935,0,4.2e-09
0.9996790072919494,0.0,0.0000000000000000,0.0211554130298494,0.0260039688854778,0.0000000000000000,15.8636689748884745,3.0000596242124278,2.004122,1.438848,-3.4429856276309,4.8836493429965,0,3.2e-09
0.9996791302526070,0.0,0.0000000000000000,0.0211601687103201,0.0260087632890632,0.0000000000000000,15.8634853304953172,3.0000596272921207,2.004625,1.438622,-3.4432267125594,4.8838684959879,0,4.3e-09
0.9996792554351174,0.0,-0.0000000000000000,0.0211650132158307,0.0260136469942397,0.0000000000000000,15.8632981723433772,3.0000596304303571,2.005163,1.438393,-3.4435358824494,4.8841827640412,0,4.2e-09
0.9996793828755262,0.0,-0.0000000000000000,0.0211699480984182,0.0260186215567916,0.0000000000000000,15.8631074370629594,3.0000596336281853,2.005743,1.438159,-3.4438831159336,4.8845506886221,0,3.8e-09
0.9996795126105177,0.0,-0.0000000000000000,0.0211749749415433,0.0260236885634917,0.0000000000000000,15.8629130602365720,3.0000596368866699,2.006366,1.437921,-3.4442633305260,4.8849617278706,0,4.7e-09
0.9996796446775427,0.0,0.0000000000000000,0.0211800953659854,0.0260288496368104,0.0000000000000000,15.8627149763545674,3.0000596402068980,2.007028,1.437678,-3.4447182556191,4.8854774929892,0,2.5e-09
0.9996797791141402,0.0,0.0000000000000000,0.0211853110016009,0.0260341064102691,0.0000000000000000,15.8625131187118882,3.0000596435899682,2.007747,1.437431,-3.4451643506666,4.8859782484559,0,2.7e-09
0.9996799159589385,0.0,0.0000000000000000,0.0211906235281470,0.0260394605665484,0.0000000000000000,15.8623074195821054,3.0000596470370100,2.008505,1.437179,-3.4457055678424,4.8866123267587,0,4.4e-09
0.9996800314941834,0.0,-0.0000000000000000,0.0211951115042774,0.0260439835018313,0.0000000000000000,15.8621335754862116,3.0000596499499097,2.009188,1.436966,-3.4461259305239,4.8870945263847,0,5.5e-09
0.9996801491537191,0.0,0.0000000000000000,0.0211996845592776,0.0260485919832946,0.0000000000000000,15.8619563705521749,3.0000596529188326,2.009900,1.436749,-3.4466288155022,4.8876922992568,0,4.0e-09
0.9996802689729734,0.0,-0.0000000000000000,0.0212043442119552,0.0260532875339867,0.0000000000000000,15.8617757432672111,3.0000596559447952,2.010647,1.436527,-3.4472012410861,4.8883885101601,0,5.4e-09
0.9996803909877663,0.0,0.0000000000000000,0.0212090920025089,0.0260580716979076,0.0000000000000000,15.8615916310223604,3.0000596590288309,2.011449,1.436302,-3.4477630242706,4.8890661262415,0,2.5e-09
0.9996805152347887,0.0,0.0000000000000000,0.0212139295108406,0.0260629460593936,0.0000000000000000,15.8614039702189764,3.0000596621719988,2.012291,1.436072,-3.4483855651802,4.8898273868058,0,4.6e-09
0.9996806417510378,0.0,0.0000000000000000,0.0212188583357745,0.0260679122205235,0.0000000000000000,15.8612126960683248,3.0000596653753679,2.013191,1.435838,-3.4490134206210,4.8905937903663,0,3.0e-09
0.9996807705743839,0.0,0.0000000000000000,0.0212238801160208,0.0260729718245860,0.0000000000000000,15.8610177427732459,3.0000596686400378,2.014125,1.435599,-3.4497419925815,4.8915018377517,0,3.6e-09
0.9996809017427044,0.0,0.0000000000000000,0.0212289964972814,0.0260781265218608,0.0000000000000000,15.8608190432498066,3.0000596719671115,2.015127,1.435356,-3.4504624081246,4.8923950555818,0,4.1e-09
0.9996810352950847,0.0,-0.0000000000000000,0.0212342091803041,0.0260833780162919,0.0000000000000000,15.8606165293828898,3.0000596753577256,2.016175,1.435108,-3.4512612949971,4.8933973215322,0,4.3e-09
0.9996811712708504,0.0,-0.0000000000000000,0.0212395198815293,0.0260887280291621,0.0000000000000000,15.8604101318043558,3.0000596788130300,2.017269,1.434856,-3.4521426324973,4.8945155447665,0,3.5e-09
0.9996813097097946,0.0,0.0000000000000000,0.0212449303433366,0.0260941783073944,0.0000000000000000,15.8601997799069370,3.0000596823341930,2.018431,1.434598,-3.4530529771411,4.8956718990557,0,4.8e-09
0.9996814506524799,0.0,-0.0000000000000000,0.0212504423464571,0.0260997306355214,0.0000000000000000,15.8599854018890856,3.0000596859224040,2.019669,1.434336,-3.4539790061119,4.8968461888624,0,5.1e-09
0.9996815941402586,0.0,-0.0000000000000000,0.0212560577098993,0.0261053868376239,0.0000000000000000,15.8597669247451858,3.0000596895788805,2.020957,1.434069,-3.4550053484824,4.8981616291516,0,4.1e-09
0.9996817402147459,0.0,-0.0000000000000000,0.0212617782711576,0.0261111487564904,0.0000000000000000,15.8595442741024826,3.0000596933048538,2.022315,1.433796,-3.4560883657953,4.8995549253882,0,4.6e-09
0.9996818889185630,0.0,0.0000000000000000,0.0212676059165636,0.0261170182825345,0.0000000000000000,15.8593173743564950,3.0000596971015820,2.023728,1.433519,-3.4572739905281,4.9010919441033,0,5.5e-09
0.9996820402944987,0.0,0.0000000000000000,0.0212735425470007,0.0261229973223070,0.0000000000000000,15.8590861484719543,3.0000597009703389,2.025230,1.433236,-3.4584878406054,4.9026642842574,0,4.4e-09
0.9996821943864268,0.0,-0.0000000000000000,0.0212795901156971,0.0261290878339522,0.0000000000000000,15.8588505181528578,3.0000597049124282,2.026805,1.432948,-3.4597796354816,4.9043452676623,0,5.3e-09
0.9996823512387104,0.0,0.0000000000000000,0.0212857506044419,0.0261352918046518,0.0000000000000000,15.8586104036779645,3.0000597089291730,2.028462,1.432654,-3.4611397183925,4.9061184392506,0,4.6e-09
0.9996825108964162,0.0,-0.0000000000000000,0.0212920260323251,0.0261416112593862,0.0000000000000000,15.8583657239220859,3.0000597130219218,2.030202,1.432355,-3.4625808457037,4.9080048207484,0,4.7e-09
0.9996826734053446,0.0,-0.0000000000000000,0.0212984184579497,0.0261480482620965,0.0000000000000000,15.8581163963136955,3.0000597171920473,2.032031,1.432050,-3.4641001759709,4.9099989582272,0,3.9e-09
0.9996828388118557,0.0,0.0000000000000000,0.0213049299719397,0.0261546049099082,0.0000000000000000,15.8578623367935840,3.0000597214409446,2.033962,1.431740,-3.4656776607471,4.9120683633918,0,4.7e-09
0.9996830071633173,0.0,0.0000000000000000,0.0213115627158234,0.0261612833506487,0.0000000000000000,15.8576034598569677,3.0000597257700399,2.035975,1.431424,-3.4673726786311,4.9143043870225,0,5.0e-09
0.9996831785076954,0.0,0.0000000000000000,0.0213183188661635,0.0261680857672103,0.0000000000000000,15.8573396784226723,3.0000597301807828,2.038071,1.431101,-3.4691888360693,4.9167106973316,0,3.5e-09
0.9996833528933710,0.0,-0.0000000000000000,0.0213252006271207,0.0261750143710787,0.0000000000000000,15.8570709037813593,3.0000597346746423,2.040300,1.430773,-3.4710455054375,4.9191656828188,0,5.3e-09
0.9996835303701013,0.0,0.0000000000000000,0.0213322102698291,0.0261820714403118,0.0000000000000000,15.8567970457635656,3.0000597392531261,2.042618,1.430438,-3.4730354047556,4.9218083040614,0,4.0e-09
0.9996836378136061,0.0,0.0000000000000000,0.0213364567657493,0.0261863465301385,0.0000000000000000,15.8566310981254333,3.0000597420273412,2.044038,1.430235,-3.4742986396827,4.9234924246535,0,5.0e-09
0.9996837473001062,0.0,0.0000000000000000,0.0213407862537777,0.0261907050662391,0.0000000000000000,15.8564618749307016,3.0000597448561805,2.045531,1.430028,-3.4755808546898,4.9251987310249,0,4.2e-09
0.9996838588657532,0.0,0.0000000000000000,0.0213452002927097,0.0261951486135593,0.0000000000000000,15.8562893142509029,3.0000597477406767,2.047077,1.429818,-3.4769182072456,4.9269815932435,0,4.7e-09
0.9996839725471406,0.0,0.0000000000000000,0.0213497004645105,0.0261996787602143,0.0000000000000000,15.8561133530213283,3.0000597506818791,2.048683,1.429603,-3.4783045403095,4.9288307229622,0,3.7e-09
0.9996840883814873,0.0,-0.0000000000000000,0.0213542883815034,0.0262042971251896,0.0000000000000000,15.8559339270497510,3.0000597536808571,2.050344,1.429383,-3.4797540242274,4.9307676434616,0,5.3e-09
0.9996842064065605,0.0,0.0000000000000000,0.0213589656842435,0.0262090053550030,0.0000000000000000,15.8557509709776934,3.0000597567386991,2.052072,1.429160,-3.4812520664345,4.9327686944825,0,4.0e-09
0.9996843266607656,0.0,0.0000000000000000,0.0213637340442847,0.0262138051282860,0.0000000000000000,15.8555644182865709,3.0000597598565135,2.053859,1.428932,-3.4828180226747,4.9348648936144,0,5.2e-09
0.9996844491830766,0.0,-0.0000000000000000,0.0213685951626949,0.0262186981525254,0.0000000000000000,15.8553742012486421,3.0000597630354262,2.055717,1.428700,-3.4844411701066,4.9370385788319,0,4.7e-09
0.9996845740130942,0.0,0.0000000000000000,0.0213735507717084,0.0262236861672240,0.0000000000000000,15.8551802509189734,3.0000597662765873,2.057643,1.428463,-3.4861305966923,4.9393032213528,0,4.9e-09
0.9996847011910567,0.0,-0.0000000000000000,0.0213786026362118,0.0262287709441145,0.0000000000000000,15.8549824971211653,3.0000597695811648,2.059644,1.428221,-3.4878838910220,4.9416551429699,0,3.6e-09
0.9996848307578883,0.0,-0.0000000000000000,0.0213837525556211,0.0262339542895130,0.0000000000000000,15.8547808684014822,3.0000597729503511,2.061717,1.427975,-3.4897109273654,4.9441085500517,0,3.8e-09
0.9996849627550709,0.0,0.0000000000000000,0.0213890023586086,0.0262392380399068,0.0000000000000000,15.8545752920268672,3.0000597763853567,2.063865,1.427724,-3.4916137650421,4.9466666837940,0,5.0e-09
0.9996850972247793,0.0,0.0000000000000000,0.0213943539095483,0.0262446240669895,0.0000000000000000,15.8543656939374067,3.0000597798874162,2.066096,1.427468,-3.4935891358375,4.9493239129752,0,5.0e-09
0.9996852342098524,0.0,-0.0000000000000000,0.0213998091070533,0.0262501142773496,0.0000000000000000,15.8541519987517141,3.0000597834577865,2.068412,1.427207,-3.4956413678855,4.9520858830964,0,4.4e-09
0.9996853737538522,0.0,0.0000000000000000,0.0214053698871068,0.0262557106147496,0.0000000000000000,15.8539341297187235,3.0000597870977477,2.070813,1.426941,-3.4977779736654,4.9549638868801,0,4.8e-09
0.9996855159009577,0.0,0.0000000000000000,0.0214110382187070,0.0262614150565967,0.0000000000000000,15.8537120086969150,3.0000597908086024,2.073307,1.426670,-3.4999961645975,4.9579535478934,0,3.9e-09
0.9996856606961441,0.0,0.0000000000000000,0.0214168161118862,0.0262672296210525,0.0000000000000000,15.8534855561329184,3.0000597945916780,2.075890,1.426393,-3.5023083359574,4.9610735023203,0,5.0e-09
0.9996858081849823,0.0,-0.0000000000000000,0.0214227056092740,0.0262731563599052,0.0000000000000000,15.8532546910217604,3.0000597984483264,2.078571,1.426111,-3.5047098396970,4.9643149807579,0,5.3e-09
0.9996859584138700,0.0,0.0000000000000000,0.0214287087966676,0.0262791973675000,0.0000000000000000,15.8530193308918186,3.0000598023799236,2.081357,1.425824,-3.5072053209415,4.9676856393446,0,4.8e-09
0.9996861114299165,0.0,-0.0000000000000000,0.0214348277979768,0.0262853547771474,0.0000000000000000,15.8527793917756927,3.0000598063878718,2.084244,1.425531,-3.5098012172390,4.9711935773629,0,5.1e-09
0.9996862672809607,0.0,0.0000000000000000,0.0214410647768443,0.0262916307618329,0.0000000000000000,15.8525347881617797,3.0000598104735978,2.087247,1.425232,-3.5124967747466,4.9748382784110,0,3.5e-09
0.9996864260156488,0.0,-0.0000000000000000,0.0214474219397090,0.0262980275381197,0.0000000000000000,15.8522854329967497,3.0000598146385573,2.090355,1.424928,-3.5153040616867,4.9786364747612,0,4.1e-09
0.9996865876833738,0.0,0.0000000000000000,0.0214539015343681,0.0263045473636655,0.0000000000000000,15.8520312376148809,3.0000598188842313,2.093585,1.424617,-3.5182206875992,4.9825855651553,0,3.6e-09
0.9996867523343536,0.0,0.0000000000000000,0.0214605058529865,0.0263111925413176,0.0000000000000000,15.8517721117432639,3.0000598232121285,2.096931,1.424301,-3.5212572500806,4.9866994637174,0,4.9e-09
0.9996869200195541,0.0,-0.0000000000000000,0.0214672372297079,0.0263179654162354,0.0000000000000000,15.8515079634350204,3.0000598276237858,2.100408,1.423978,-3.5244102922316,4.9909713613750,0,4.6e-09
0.9996870907908240,0.0,-0.0000000000000000,0.0214740980465274,0.0263248683818270,0.0000000000000000,15.8512386990650072,3.0000598321207708,2.104014,1.423650,-3.5276911368362,4.9954205961476,0,5.3e-09
0.9996872647008316,0.0,-0.0000000000000000,0.0214810907315077,0.0263319038775280,0.0000000000000000,15.8509642232726780,3.0000598367046760,2.107764,1.423314,-3.5310976733229,5.0000404680443,0,3.8e-09
0.9996874418031334,0.0,-0.0000000000000000,0.0214882177614439,0.0263390743924978,0.0000000000000000,15.8506844389487451,3.0000598413771304,2.111648,1.422973,-3.5346434042620,5.0048524002047,0,4.4e-09
0.9996876221521035,0.0,-0.0000000000000000,0.0214954816599564,0.0263463824630602,0.0000000000000000,15.8503992471688946,3.0000598461397883,2.115678,1.422625,-3.5383306276403,5.0098589617375,0,5.3e-09
0.9996878058030355,0.0,0.0000000000000000,0.0215028850021995,0.0263538306772835,0.0000000000000000,15.8501085471754948,3.0000598509943384,2.119866,1.422270,-3.5421606246102,5.0150594134125,0,4.9e-09
0.9996879928121062,0.0,-0.0000000000000000,0.0215104304135008,0.0263614216744996,0.0000000000000000,15.8498122363468070,3.0000598559424998,2.124215,1.421908,-3.5461414121410,5.0204660129835,0,3.6e-09
0.9996881832364604,0.0,-0.0000000000000000,0.0215181205739023,0.0263691581489193,0.0000000000000000,15.8495102101369607,3.0000598609860263,2.128724,1.421539,-3.5502833867530,5.0260962450605,0,3.9e-09
0.9996883771341655,0.0,-0.0000000000000000,0.0215259582167571,0.0263770428485771,0.0000000000000000,15.8492023620415079,3.0000598661267048,2.133401,1.421163,-3.5545900911539,5.0319507353696,0,5.0e-09
0.9996885745642093,0.0,-0.0000000000000000,0.0215339461290521,0.0263850785760558,0.0000000000000000,15.8488885835589954,3.0000598713663549,2.138264,1.420780,-3.5590640607668,5.0380341966030,0,3.9e-09
0.9996887755866275,0.0,-0.0000000000000000,0.0215420871574742,0.0263932681941648,0.0000000000000000,15.8485687641505759,3.0000598767068336,2.143307,1.420389,-3.5637168894271,5.0443626712836,0,4.0e-09
0.9996889802624102,0.0,0.0000000000000000,0.0215503842052663,0.0264016146229065,0.0000000000000000,15.8482427911825408,3.0000598821500337,2.148544,1.419991,-3.5685530221775,5.0509416691877,0,3.4e-09
0.9996891886536028,0.0,0.0000000000000000,0.0215588402368887,0.0264101208444334,0.0000000000000000,15.8479105498981010,3.0000598876978830,2.153974,1.419585,-3.5735831388661,5.0577877037774,0,4.6e-09
0.9996894008232481,0.0,-0.0000000000000000,0.0215674582765593,0.0264187899013064,0.0000000000000000,15.8475719233478447,3.0000598933523488,2.159616,1.419172,-3.5788093954416,5.0648999315785,0,4.1e-09
0.9996896168355073,0.0,0.0000000000000000,0.0215762414139767,0.0264276249022495,0.0000000000000000,15.8472267923636174,3.0000598991154366,2.165472,1.418750,-3.5842431731806,5.0722967157258,0,4.0e-09
0.9996898367555928,0.0,-0.0000000000000000,0.0215851928020989,0.0264366290204578,0.0000000000000000,15.8468750354974262,3.0000599049891918,2.171549,1.418321,-3.5898923386568,5.0799885361937,0,4.2e-09
0.9996900606498397,0.0,0.0000000000000000,0.0215943156612114,0.0264458054971324,0.0000000000000000,15.8465165289667151,3.0000599109756982,2.177861,1.417883,-3.5957643177252,5.0879845149231,0,4.0e-09
0.9996902885857165,0.0,-0.0000000000000000,0.0216036132800324,0.0264551576429635,0.0000000000000000,15.8461511466095448,3.0000599170770861,2.184412,1.417436,-3.6018684018223,5.0962973946039,0,3.9e-09
0.9996905206318504,0.0,-0.0000000000000000,0.0216130890177091,0.0264646888401121,0.0000000000000000,15.8457787598288622,3.0000599232955216,2.191215,1.416981,-3.6082127288596,5.1049368633914,0,3.1e-09
0.9996907568580827,0.0,0.0000000000000000,0.0216227463070485,0.0264744025453938,0.0000000000000000,15.8453992375342470,3.0000599296332209,2.198266,1.416518,-3.6148104701329,5.1139258123263,0,5.0e-09
0.9996909973353965,0.0,-0.0000000000000000,0.0216325886524478,0.0264843022884439,0.0000000000000000,15.8450124460768471,3.0000599360924389,2.205596,1.416045,-3.6216662793376,5.1232636572137,0,4.8e-09
0.9996912421360774,0.0,-0.0000000000000000,0.0216426196375763,0.0264943916792950,0.0000000000000000,15.8446182492078194,3.0000599426754810,2.213209,1.415563,-3.6287936737006,5.1329729191483,0,4.2e-09
0.9996914913336519,0.0,0.0000000000000000,0.0216528429238169,0.0265046744070423,0.0000000000000000,15.8442165080047968,3.0000599493846956,2.221107,1.415072,-3.6362020808110,5.1430644547169,0,4.4e-09
0.9996917450029466,0.0,0.0000000000000000,0.0216632622539036,0.0265151542433712,0.0000000000000000,15.8438070808115885,3.0000599562224828,2.229310,1.414572,-3.6439024183995,5.1535528425624,0,4.0e-09
0.9996920032200973,0.0,-0.0000000000000000,0.0216738814532912,0.0265258350442464,0.0000000000000000,15.8433898231755244,3.0000599631912910,2.237826,1.414062,-3.6519073101855,5.1644563275396,0,3.8e-09
0.9996922660626122,0.0,0.0000000000000000,0.0216847044341158,0.0265367207536570,0.0000000000000000,15.8429645877811609,3.0000599702936159,2.246667,1.413542,-3.6602280873321,5.1757897284096,0,3.6e-09
0.9996925336093572,0.0,0.0000000000000000,0.0216957351956297,0.0265478154044948,0.0000000000000000,15.8425312243783818,3.0000599775320094,2.255847,1.413012,-3.6688775024647,5.1875700898053,0,3.5e-09
0.9996928059406510,0.0,0.0000000000000000,0.0217069778298049,0.0265591231235736,0.0000000000000000,15.8420895797192252,3.0000599849090746,2.265380,1.412472,-3.6778676882666,5.1998125356214,0,3.1e-09
0.9996930831382330,0.0,-0.0000000000000000,0.0217184365207337,0.0265706481322046,0.0000000000000000,15.8416394974813191,3.0000599924274685,2.275263,1.411921,-3.6872119501748,5.2125383702796,0,5.2e-09
0.9996933652853185,0.0,-0.0000000000000000,0.0217301155490821,0.0265823947493890,0.0000000000000000,15.8411808181861513,3.0000600000899054,2.285540,1.411360,-3.6969254590291,5.2257629847649,0,4.7e-09
0.9996936524666623,0.0,-0.0000000000000000,0.0217420192955658,0.0265943673965450,0.0000000000000000,15.8407133791428656,3.0000600078991559,2.296211,1.410788,-3.7070219271964,5.2395061392079,0,4.3e-09
0.9996939447685640,0.0,0.0000000000000000,0.0217541522429914,0.0266065705991057,0.0000000000000000,15.8402370143523719,3.0000600158580499,2.307292,1.410205,-3.7175170751020,5.2537897814548,0,3.7e-09
0.9996942422788950,0.0,0.0000000000000000,0.0217665189788501,0.0266190089894423,0.0000000000000000,15.8397515544330592,3.0000600239694788,2.318798,1.409611,-3.7284258053628,5.2686321535899,0,3.1e-09
0.9996945450871958,0.0,-0.0000000000000000,0.0217791242012397,0.0266316873125581,0.0000000000000000,15.8392568265397902,3.0000600322363957,2.330733,1.409005,-3.7397634590602,5.2840583032969,0,4.6e-09
0.9996948532846223,0.0,-0.0000000000000000,0.0217919727183645,0.0266446104257489,0.0000000000000000,15.8387526542651287,3.0000600406618143,2.343142,1.408388,-3.7515501189660,5.3000881468062,0,3.7e-09
0.9996951669640574,0.0,-0.0000000000000000,0.0218050694544555,0.0266577833055416,0.0000000000000000,15.8382388575790714,3.0000600492488196,2.356012,1.407759,-3.7637995034118,5.3167473137075,0,5.2e-09
0.9996954862201090,0.0,-0.0000000000000000,0.0218184194525069,0.0266712110490039,0.0000000000000000,15.8377152527024521,3.0000600580005576,2.369397,1.407118,-3.7765347076127,5.3340564042794,0,3.8e-09
0.9996958111492052,0.0,0.0000000000000000,0.0218320278794817,0.0266848988804358,0.0000000000000000,15.8371816520513882,3.0000600669202488,2.383289,1.406464,-3.7897711451244,5.3520428661958,0,3.4e-09
0.9996961418495806,0.0,-0.0000000000000000,0.0218459000281551,0.0266988521527147,0.0000000000000000,15.8366378641147740,3.0000600760111804,2.397711,1.405797,-3.8035288602801,5.3707321713474,0,3.7e-09
0.9996964784213630,0.0,-0.0000000000000000,0.0218600413230146,0.0267130763532212,0.0000000000000000,15.8360836933657687,3.0000600852767154,2.412687,1.405118,-3.8178290380597,5.3901533739096,0,4.3e-09
0.9996968209665719,0.0,0.0000000000000000,0.0218744573221436,0.0267275771064250,0.0000000000000000,15.8355189401579164,3.0000600947202898,2.428239,1.404426,-3.8326929209432,5.4103324895045,0,5.0e-09
0.9996971695891782,0.0,-0.0000000000000000,0.0218891537222881,0.0267423601787973,0.0000000000000000,15.8349434006251251,3.0000601043454158,2.444408,1.403720,-3.8481472092854,5.4312995983679,0,3.5e-09
0.9996975243951396,0.0,0.0000000000000000,0.0219041363628212,0.0267574314828989,0.0000000000000000,15.8343568665685108,3.0000601141556862,2.461250,1.403000,-3.8642246816133,5.4530863132498,0,4.7e-09
0.9996978854926739,0.0,-0.0000000000000000,0.0219194112399920,0.0267727970917703,0.0000000000000000,15.8337591253793732,3.0000601241547775,2.478679,1.402267,-3.8809211467354,5.4757220329854,0,4.5e-09
0.9996982529918854,0.0,-0.0000000000000000,0.0219349844936921,0.0267884632259955,0.0000000000000000,15.8331499598548486,3.0000601343464450,2.496786,1.401519,-3.8982783059484,5.4992420917517,0,4.8e-09
0.9996986270051300,0.0,-0.0000000000000000,0.0219508624257029,0.0268044362723387,0.0000000000000000,15.8325291481458663,3.0000601447345305,2.515582,1.400757,-3.9163175899509,5.5236776190237,0,3.8e-09
0.9996990076469314,0.0,0.0000000000000000,0.0219670514992501,0.0268207227831627,0.0000000000000000,15.8318964636061281,3.0000601553229664,2.535127,1.399980,-3.9350761705549,5.5490668302221,0,5.4e-09
0.9996993950341657,0.0,-0.0000000000000000,0.0219835583499159,0.0268373294877717,0.0000000000000000,15.8312516746922896,3.0000601661157744,2.555410,1.399187,-3.9545703002862,5.5754451323633,0,4.7e-09
0.9996997892859638,0.0,0.0000000000000000,0.0220003897847084,0.0268542632916762,0.0000000000000000,15.8305945448098253,3.0000601771170694,2.576479,1.398380,-3.9748352569240,5.6028493242440,0,4.2e-09
0.9997001413429275,0.0,-0.0000000000000000,0.0220154472597935,0.0268694128411006,0.0000000000000000,15.8300069716283307,3.0000601869555692,2.595583,1.397657,-3.9932683281607,5.6277917742723,0,5.0e-09
0.9997004997783815,0.0,0.0000000000000000,0.0220308041964959,0.0268848641849996,0.0000000000000000,15.8294080106250217,3.0000601969864205,2.615467,1.396921,-4.0124166079465,5.6536577488850,0,5.1e-09
0.9997008647056955,0.0,-0.0000000000000000,0.0220464669724999,0.0269006237906426,0.0000000000000000,15.8287974390200805,3.0000602072134934,2.636085,1.396169,-4.0322816905864,5.6804760342529,0,4.8e-09
0.9997012362403486,0.0,0.0000000000000000,0.0220624421254466,0.0269166982897015,0.0000000000000000,15.8281750292502768,3.0000602176407418,2.657458,1.395403,-4.0528890660136,5.7082819587610,0,4.8e-09
0.9997016145000692,0.0,-0.0000000000000000,0.0220787363621104,0.0269330944875907,0.0000000000000000,15.8275405488659811,3.0000602282722122,2.679622,1.394622,-4.0742697384859,5.7371140839210,0,4.7e-09
0.9997019996049119,0.0,0.0000000000000000,0.0220953565651076,0.0269498193701484,0.0000000000000000,15.8268937604054791,3.0000602391120430,2.702598,1.393825,-4.0964507197991,5.7670068751007,0,4.8e-09
0.9997023916772524,0.0,-0.0000000000000000,0.0221123097957284,0.0269668801074253,0.0000000000000000,15.8262344212675394,3.0000602501644673,2.726428,1.393013,-4.1194670244942,5.7980056669849,0,4.7e-09
0.9997027908419223,0.0,-0.0000000000000000,0.0221296033037998,0.0269842840629611,0.0000000000000000,15.8255622835789378,3.0000602614338194,2.751134,1.392184,-4.1433470828052,5.8301466152470,0,5.0e-09
0.9997031972261983,0.0,-0.0000000000000000,0.0221472445307660,0.0270020387975743,0.0000000000000000,15.8248770940544894,3.0000602729245314,2.776785,1.391339,-4.1681399693187,5.8634841040341,0,2.7e-09
0.9997036109599339,0.0,-0.0000000000000000,0.0221652411191328,0.0270201520794136,0.0000000000000000,15.8241785938693891,3.0000602846411413,2.803365,1.390477,-4.1938576105274,5.8980492208382,0,2.8e-09
0.9997040321755437,0.0,-0.0000000000000000,0.0221836009163306,0.0270386318874170,0.0000000000000000,15.8234665184955237,3.0000602965882934,2.830930,1.389598,-4.2205462362552,5.9338949121343,0,3.0e-09
0.9997044610081227,0.0,-0.0000000000000000,0.0222023319839777,0.0270574864213250,0.0000000000000000,15.8227405975672060,3.0000603087707431,2.859530,1.388702,-4.2482481252999,5.9710715873769,0,2.9e-09
0.9997048975954960,0.0,-0.0000000000000000,0.0222214426046944,0.0270767241087097,0.0000000000000000,15.8220005547231359,3.0000603211933572,2.889192,1.387788,-4.2769976735295,6.0096260129525,0,3.1e-09
0.9997053420782817,0.0,-0.0000000000000000,0.0222409412895339,0.0270963536128506,0.0000000000000000,15.8212461074494630,3.0000603338611200,2.919967,1.386855,-4.3068399939475,6.0496122690032,0,3.2e-09
0.9997057945999555,0.0,-0.0000000000000000,0.0222608367857914,0.0271163838409450,0.0000000000000000,15.8204769669172194,3.0000603467791378,2.951895,1.385904,-4.3378173302072,6.0910866888239,0,3.3e-09
0.9997062553069452,0.0,-0.0000000000000000,0.0222811380865875,0.0271368239538159,0.0000000000000000,15.8196928378146691,3.0000603599526365,2.985026,1.384933,-4.3699768147334,6.1341031485825,0,3.0e-09
0.9997067243486817,0.0,0.0000000000000000,0.0223018544384247,0.0271576833741594,0.0000000000000000,15.8188934181759873,3.0000603733869720,3.019401,1.383944,-4.4033617615199,6.1787224396973,0,3.0e-09
0.9997072018776929,0.0,-0.0000000000000000,0.0223229953511929,0.0271789717969043,0.0000000000000000,15.8180783992032943,3.0000603870876312,3.055052,1.382934,-4.4380121382586,6.2249988337458,0,4.5e-09
0.9997076880496105,0.0,0.0000000000000000,0.0223445706044816,0.0272006991960079,0.0000000000000000,15.8172474650755621,3.0000604010602347,3.092090,1.381904,-4.4740105823567,6.2730126018143,0,2.9e-09
0.9997081830234065,0.0,-0.0000000000000000,0.0223665902646312,0.0272228758417696,0.0000000000000000,15.8164002927804077,3.0000604153105428,3.130501,1.380853,-4.5113737287263,6.3228109725989,0,3.3e-09
0.9997086869612956,0.0,-0.0000000000000000,0.0223890646868291,0.0272455123038433,0.0000000000000000,15.8155365518958160,3.0000604298444586,3.170376,1.379781,-4.5501759807814,6.3744728388911,0,3.3e-09
0.9997092000289439,0.0,0.0000000000000000,0.0224120045317417,0.0272686194679536,0.0000000000000000,15.8146559044036987,3.0000604446680330,3.211754,1.378687,-4.5904641591560,6.4280638835008,0,4.0e-09
0.9997095307858768,0.0,0.0000000000000000,0.0224268243263169,0.0272835484055399,0.0000000000000000,15.8140875142153146,3.0000604542383211,3.238864,1.377981,-4.6168666759351,6.4631500083288,0,3.6e-09
0.9997098678849604,0.0,-0.0000000000000000,0.0224419535888602,0.0272987899518071,0.0000000000000000,15.8135076911956727,3.0000604640034050,3.266820,1.377260,-4.6441079024202,6.4993336996186,0,4.6e-09
0.9997102114442837,0.0,-0.0000000000000000,0.0224573991448701,0.0273143510470498,0.0000000000000000,15.8129162049685981,3.0000604739673258,3.295711,1.376525,-4.6722520693059,6.5366713927628,0,2.8e-09
0.9997105615842728,0.0,-0.0000000000000000,0.0224731679981307,0.0273302388148079,0.0000000000000000,15.8123128202788035,3.0000604841342149,3.325493,1.375774,-4.7012866343736,6.5751808681656,0,3.4e-09
0.9997109184275953,0.0,0.0000000000000000,0.0224892673297318,0.0273464605612256,0.0000000000000000,15.8116972968526568,3.0000604945082965,3.356232,1.375008,-4.7312645330635,6.6149123532305,0,4.1e-09
0.9997112820992827,0.0,0.0000000000000000,0.0225057045070158,0.0273630237843979,0.0000000000000000,15.8110693892860219,3.0000605050938920,3.387971,1.374226,-4.7622235388347,6.6559107634006,0,4.4e-09
0.9997116527267828,0.0,0.0000000000000000,0.0225224870897666,0.0273799361806671,0.0000000000000000,15.8104288469145331,3.0000605158954210,3.420756,1.373428,-4.7942051962888,6.6982217540889,0,3.7e-09
0.9997120304400434,0.0,0.0000000000000000,0.0225396228380189,0.0273972056525067,0.0000000000000000,15.8097754136839708,3.0000605269174048,3.454585,1.372613,-4.8272242120280,6.7418826733020,0,4.3e-09
0.9997124153713879,0.0,0.0000000000000000,0.0225571197099308,0.0274148403074869,0.0000000000000000,15.8091088280016407,3.0000605381644680,3.489663,1.371782,-4.8614190327534,6.7869837324929,0,4.1e-09
0.9997128076560039,0.0,-0.0000000000000000,0.0225749858889968,0.0274328484847740,0.0000000000000000,15.8084288226375715,3.0000605496413484,3.525744,1.370933,-4.8966559406537,6.8334977259705,0,3.4e-09
0.9997132074314424,0.0,-0.0000000000000000,0.0225932297650628,0.0274512387373935,0.0000000000000000,15.8077351245197200,3.0000605613528863,3.563020,1.370067,-4.9330668733886,6.8815167993282,0,3.3e-09
0.9997136148380630,0.0,-0.0000000000000000,0.0226118599598024,0.0274700198572770,0.0000000000000000,15.8070274546305338,3.0000605733040406,3.601562,1.369183,-4.9707122021937,6.9310996502922,0,5.3e-09
0.9997140300190654,0.0,-0.0000000000000000,0.0226308853326786,0.0274892008823684,0.0000000000000000,15.8063055278531124,3.0000605854998876,3.641194,1.368280,-5.0094979689753,6.9822439273586,0,3.8e-09
0.9997143529862282,0.0,0.0000000000000000,0.0226457128468185,0.0275041507829414,0.0000000000000000,15.8057434224879749,3.0000605949985566,3.672526,1.367577,-5.0401242333111,7.0225261803555,0,3.4e-09
0.9997146822589889,0.0,0.0000000000000000,0.0226608549469924,0.0275194188483348,0.0000000000000000,15.8051698750387519,3.0000606046930898,3.704815,1.366860,-5.0716916341698,7.0640134232276,0,2.8e-09
0.9997150179571189,0.0,0.0000000000000000,0.0226763186811163,0.0275350122549797,0.0000000000000000,15.8045846521151176,3.0000606145876016,3.738078,1.366127,-5.1042220702315,7.1067438795669,0,2.9e-09
0.9997153602027178,0.0,0.0000000000000000,0.0226921112797034,0.0275509383670878,0.0000000000000000,15.8039875153542440,3.0000606246863009,3.772364,1.365379,-5.1377603756820,7.1507605423337,0,2.7e-09
0.9997157091202182,0.0,0.0000000000000000,0.0227082401593362,0.0275672047408848,0.0000000000000000,15.8033782213008802,3.0000606349934924,3.807708,1.364616,-5.1723392724777,7.1961071143014,0,2.5e-09
0.9997160648364527,0.0,-0.0000000000000000,0.0227247129295323,0.0275838191315645,0.0000000000000000,15.8027565212829089,3.0000606455135781,3.844139,1.363836,-5.2079910196152,7.2428261031378,0,2.5e-09
0.9997164274807170,0.0,-0.0000000000000000,0.0227415373995818,0.0276007895003560,0.0000000000000000,15.8021221612841227,3.0000606562510628,3.881684,1.363041,-5.2447456546316,7.2909612456581,0,3.5e-09
0.9997167971847971,0.0,-0.0000000000000000,0.0227587215838616,0.0276181240200934,0.0000000000000000,15.8014748818087458,3.0000606672105534,3.920423,1.362228,-5.2826694883397,7.3405711633676,0,3.0e-09
0.9997171740830518,0.0,-0.0000000000000000,0.0227762737096592,0.0276358310837958,0.0000000000000000,15.8008144177524397,3.0000606783967649,3.960370,1.361399,-5.3217848439966,7.3916978720270,0,2.7e-09
0.9997175583124837,0.0,-0.0000000000000000,0.0227942022252930,0.0276539193125095,0.0000000000000000,15.8001404982573650,3.0000606898145219,4.001546,1.360552,-5.3621202247992,7.4443873788349,0,3.6e-09
0.9997179500127387,0.0,-0.0000000000000000,0.0228125158045380,0.0276723975604400,0.0000000000000000,15.7994528465649928,3.0000607014687608,4.044026,1.359688,-5.4037394061537,7.4987000824421,0,4.1e-09
0.9997183493262192,0.0,0.0000000000000000,0.0228312233567694,0.0276912749255361,0.0000000000000000,15.7987511798738911,3.0000607133645341,4.087866,1.358805,-5.4466943751299,7.5546939620006,0,3.8e-09
0.9997187563981432,0.0,0.0000000000000000,0.0228503340349813,0.0277105607576876,0.0000000000000000,15.7980352091830110,3.0000607255070149,4.133090,1.357904,-5.4910169738422,7.6124207793750,0,3.7e-09
0.9997191713766014,0.0,-0.0000000000000000,0.0228698572437919,0.0277302646672328,0.0000000000000000,15.7973046391332410,3.0000607379014985,4.179731,1.356984,-5.5367456352403,7.6719358596583,0,4.9e-09
0.9997195944125906,0.0,-0.0000000000000000,0.0228898026466883,0.0277503965326642,0.0000000000000000,15.7965591678414725,3.0000607505534052,4.227900,1.356044,-5.5839702283176,7.7333143346501,0,4.2e-09
0.9997200256601462,0.0,-0.0000000000000000,0.0229101801781066,0.0277709665132596,0.0000000000000000,15.7957984867390966,3.0000607634682854,4.277595,1.355085,-5.6327086308348,7.7966065139512,0,4.4e-09
0.9997204652763679,0.0,-0.0000000000000000,0.0229310000510961,0.0277919850569285,0.0000000000000000,15.7950222803900981,3.0000607766518246,4.328897,1.354106,-5.6830303735263,7.8618865373608,0,4.4e-09
0.9997209134215037,0.0,-0.0000000000000000,0.0229522727675918,0.0278134629113934,0.0000000000000000,15.7942302263171115,3.0000607901098451,4.381863,1.353105,-5.7349941185639,7.9292203612478,0,4.2e-09
0.9997213702590260,0.0,0.0000000000000000,0.0229740091291159,0.0278354111350900,0.0000000000000000,15.7934219948125669,3.0000608038483105,4.436552,1.352084,-5.7886599015837,7.9986792535729,0,3.6e-09
0.9997218359557111,0.0,0.0000000000000000,0.0229962202476433,0.0278578411088661,0.0000000000000000,15.7925972487496935,3.0000608178733303,4.493016,1.351041,-5.8440794010173,8.0703351841863,0,3.6e-09
0.9997223106817241,0.0,0.0000000000000000,0.0230189175573936,0.0278807645481431,0.0000000000000000,15.7917556433836879,3.0000608321911661,4.551316,1.349976,-5.9013167636058,8.1442633251695,0,3.8e-09
0.9997227946106789,0.0,-0.0000000000000000,0.0230421128255754,0.0279041935144678,0.0000000000000000,15.7908968261452962,3.0000608468082315,4.611543,1.348888,-5.9604540857806,8.2205466372983,0,3.6e-09
0.9997232879197477,0.0,-0.0000000000000000,0.0230658181661478,0.0279281404298731,0.0000000000000000,15.7900204364337355,3.0000608617311015,4.673743,1.347778,-6.0215449894454,8.2992642474625,0,3.8e-09
0.9997237907897479,0.0,-0.0000000000000000,0.0230900460528266,0.0279526180905662,0.0000000000000000,15.7891261053963259,3.0000608769665158,4.737993,1.346643,-6.0846641278356,8.3805006690082,0,4.4e-09
0.9997243034051767,0.0,0.0000000000000000,0.0231148093300254,0.0279776396787218,0.0000000000000000,15.7882134556990597,3.0000608925213816,4.804447,1.345484,-6.1499441178449,8.4643614852326,0,2.1e-09
0.9997248259544557,0.0,0.0000000000000000,0.0231401212346575,0.0280032187848649,0.0000000000000000,15.7872821013066797,3.0000609084027854,4.872986,1.344301,-6.2173194745569,8.5508959025121,0,4.9e-09
0.9997253586297806,0.0,-0.0000000000000000,0.0231659953989774,0.0280293694118482,0.0000000000000000,15.7863316472171782,3.0000609246179892,4.943938,1.343092,-6.2870506913069,8.6402511487330,0,3.1e-09
0.9997259016274654,0.0,0.0000000000000000,0.0231924458784337,0.0280561060032597,0.0000000000000000,15.7853616892373161,3.0000609411744428,5.017250,1.341858,-6.3591221346096,8.7324970498257,0,2.2e-09
0.9997264551479230,0.0,0.0000000000000000,0.0232194871621337,0.0280834434549499,0.0000000000000000,15.7843718137099547,3.0000609580797906,5.093025,1.340597,-6.4336313176333,8.8277363458878,0,1.7e-09
0.9997270193957700,0.0,-0.0000000000000000,0.0232471341900587,0.0281113971333667,0.0000000000000000,15.7833615972481542,3.0000609753418725,5.171318,1.339309,-6.5106442105580,8.9260707307446,0,2.7e-09
0.9997275945799550,0.0,0.0000000000000000,0.0232754023722193,0.0281399828955144,0.0000000000000000,15.7823306064575704,3.0000609929687334,5.252309,1.337993,-6.5903178041018,9.0276243281476,0,2.4e-09
0.9997281809138875,0.0,0.0000000000000000,0.0233043076085030,0.0281692171099973,0.0000000000000000,15.7812783976524411,3.0000610109686310,5.336044,1.336649,-6.6727112626542,9.1325022818160,0,2.7e-09
0.9997287786155219,0.0,-0.0000000000000000,0.0233338663069904,0.0281991166765961,0.0000000000000000,15.7802045165537326,3.0000610293500403,5.422660,1.335275,-6.7579523893068,9.2408261678852,0,2.7e-09
0.9997293879075141,0.0,-0.0000000000000000,0.0233640954069440,0.0282296990502063,0.0000000000000000,15.7791084979826213,3.0000610481216632,5.512235,1.333872,-6.8461271939628,9.3527155242931,0,3.1e-09
0.9997300090172979,0.0,-0.0000000000000000,0.0233950123982116,0.0282609822620642,0.0000000000000000,15.7779898655393112,3.0000610672924335,5.604911,1.332439,-6.9373705297333,9.4683032660337,0,3.2e-09
0.9997306421772693,0.0,0.0000000000000000,0.0234266353476599,0.0282929849468330,0.0000000000000000,15.7768481312702917,3.0000610868715269,5.700781,1.330974,-7.0317794146645,9.5877153076056,0,3.7e-09
0.9997312876248715,0.0,0.0000000000000000,0.0234589829208366,0.0283257263663860,0.0000000000000000,15.7756827953236396,3.0000611068683698,5.799984,1.329478,-7.1294898132876,9.7110930619419,0,4.1e-09
0.9997319456027683,0.0,-0.0000000000000000,0.0234920744096782,0.0283592264387118,0.0000000000000000,15.7744933455912726,3.0000611272926436,5.902682,1.327948,-7.2306532009837,9.8385793432740,0,3.6e-09
0.9997326163589733,0.0,0.0000000000000000,0.0235259297589325,0.0283935057660196,0.0000000000000000,15.7732792573357763,3.0000611481543027,6.008944,1.326386,-7.3353566525257,9.9703193098029,0,3.9e-09
0.9997333001469879,0.0,0.0000000000000000,0.0235605695941711,0.0284285856646521,0.0000000000000000,15.7720399928038457,3.0000611694635713,6.118956,1.324789,-7.4437707075889,10.1064657442882,0,3.9e-09
0.9997339972259696,0.0,0.0000000000000000,0.0235960152526974,0.0284644881976738,0.0000000000000000,15.7707750008242513,3.0000611912309640,6.232828,1.323156,-7.5560149345301,10.2471758378367,0,4.3e-09
0.9997347078608871,0.0,0.0000000000000000,0.0236322888151912,0.0285012362085103,0.0000000000000000,15.7694837163886259,3.0000612134672906,6.350753,1.321488,-7.6722711900202,10.3926147619227,0,4.4e-09
0.9997354323226747,0.0,-0.0000000000000000,0.0236694131385447,0.0285388533560470,0.0000000000000000,15.7681655602167616,3.0000612361836700,6.472867,1.319783,-7.7926800502456,10.5429551446898,0,4.4e-09
0.9997361708884070,0.0,-0.0000000000000000,0.0237074118917328,0.0285773641523783,0.0000000000000000,15.7668199383007916,3.0000612593915377,6.599413,1.318040,-7.9174680812364,10.6983809996688,0,2.1e-09
0.9997369238415221,0.0,0.0000000000000000,0.0237463095953044,0.0286167940051214,0.0000000000000000,15.7654462414399106,3.0000612831026601,6.730390,1.316259,-8.0466687623229,10.8590551830784,0,2.7e-09
0.9997376914719251,0.0,0.0000000000000000,0.0237861316570480,0.0286571692551237,0.0000000000000000,15.7640438447369533,3.0000613073291476,6.866125,1.314438,-8.1805763431720,11.0251805278903,0,2.1e-09
0.9997384740762295,0.0,0.0000000000000000,0.0238269044162239,0.0286985172237285,0.0000000000000000,15.7626121070921545,3.0000613320834648,7.006715,1.312576,-8.3193076388738,11.1969510275268,0,2.4e-09
0.9997392719579461,0.0,0.0000000000000000,0.0238686551874269,0.0287408662593875,0.0000000000000000,15.7611503706652769,3.0000613573784474,7.152397,1.310672,-8.4630876705599,11.3745688520892,0,2.7e-09
0.9997400854277009,0.0,-0.0000000000000000,0.0239114123081865,0.0287842457881059,0.0000000000000000,15.7596579603150495,3.0000613832273109,7.303374,1.308725,-8.6121196009199,11.5582489584224,0,3.0e-09
0.9997409148034293,0.0,-0.0000000000000000,0.0239552051874016,0.0288286863654376,0.0000000000000000,15.7581341830145352,3.0000614096436728,7.459899,1.306735,-8.7666497325310,11.7482150499307,0,2.1e-09
0.9997415067778741,0.0,-0.0000000000000000,0.0239865869496245,0.0288605386281080,0.0000000000000000,15.7570452314698635,3.0000614285369296,7.573156,1.305311,-8.8784857285851,11.8854525904684,0,2.8e-09
0.9997421040935007,0.0,-0.0000000000000000,0.0240183573839266,0.0288927908061476,0.0000000000000000,15.7559453277629355,3.0000614476330343,7.688773,1.303870,-8.9926677322059,12.0253331802840,0,3.3e-09
0.9997427068067579,0.0,-0.0000000000000000,0.0240505229600552,0.0289254496724739,0.0000000000000000,15.7548343425720923,3.0000614669346799,7.806831,1.302414,-9.1092678915556,12.1678912680017,0,3.3e-09
0.9997433149748451,0.0,-0.0000000000000000,0.0240830902928914,0.0289585221538914,0.0000000000000000,15.7537121446511659,3.0000614864446056,7.927348,1.300941,-9.2283133650646,12.3131905218996,0,3.4e-09
0.9997439286557098,0.0,-0.0000000000000000,0.0241160661455747,0.0289920153348103,0.0000000000000000,15.7525786007894855,3.0000615061655997,8.050373,1.299452,-9.3498517852125,12.4612682806423,0,3.7e-09
0.9997445479080759,0.0,-0.0000000000000000,0.0241494574347744,0.0290259364626385,0.0000000000000000,15.7514335757713297,3.0000615261004993,8.175964,1.297946,-9.4739387756257,12.6121776247385,0,4.1e-09
0.9997451727914534,0.0,-0.0000000000000000,0.0241832712349210,0.0290602929523981,0.0000000000000000,15.7502769323340530,3.0000615462521893,8.304197,1.296423,-9.6006501879930,12.7659796282463,0,4.1e-09
0.9997458033661490,0.0,-0.0000000000000000,0.0242175147826237,0.0290950923915123,0.0000000000000000,15.7491085311249250,3.0000615666236099,8.435116,1.294882,-9.7300286903517,12.9227186357193,0,4.1e-09
0.9997464396932896,0.0,-0.0000000000000000,0.0242521954820328,0.0291303425454417,0.0000000000000000,15.7479282306568322,3.0000615872177514,8.568766,1.293324,-9.8621223823485,13.0824449878450,0,4.4e-09
0.9997470818348343,0.0,0.0000000000000000,0.0242873209097237,0.0291660513629242,0.0000000000000000,15.7467358872625152,3.0000616080376559,8.705250,1.291748,-9.9970274394884,13.2452243923693,0,4.0e-09
0.9997477298535847,0.0,-0.0000000000000000,0.0243228988194759,0.0292022269812625,0.0000000000000000,15.7455313550475946,3.0000616290864235,8.844569,1.290154,-10.1347536880408,13.4111038650845,0,4.0e-09
0.9997483838132082,0.0,0.0000000000000000,0.0243589371481800,0.0292388777324775,0.0000000000000000,15.7443144858416755,3.0000616503672126,8.986810,1.288542,-10.2753828301664,13.5801376512972,0,4.2e-09
0.9997490437782399,0.0,0.0000000000000000,0.0243954440206682,0.0292760121485479,0.0000000000000000,15.7430851291466638,3.0000616718832336,9.132140,1.286911,-10.4190668681049,13.7523847641164,0,2.1e-09
0.9997497098141644,0.0,0.0000000000000000,0.0244324277590613,0.0293136389712519,0.0000000000000000,15.7418431320914696,3.0000616936377615,9.280424,1.285261,-10.5657008887239,13.9279029753509,0,2.1e-09
0.9997503819873236,0.0,-0.0000000000000000,0.0244698968826957,0.0293517671525845,0.0000000000000000,15.7405883393703618,3.0000617156341285,9.431816,1.283592,-10.7154247973089,14.1067505598818,0,2.3e-09
0.9997510603650233,0.0,-0.0000000000000000,0.0245078601194910,0.0293904058663498,0.0000000000000000,15.7393205931925468,3.0000617378757322,9.586424,1.281903,-10.8683410546466,14.2889865725655,0,1.8e-09
0.9997517450155151,0.0,0.0000000000000000,0.0245463264102757,0.0294295645132379,0.0000000000000000,15.7380397332246957,3.0000617603660329,9.744199,1.280195,-11.0244172392939,14.4746827484096,0,2.9e-09
0.9997524360080289,0.0,-0.0000000000000000,0.0245853049164210,0.0294692527287762,0.0000000000000000,15.7367455965320335,3.0000617831085550,9.905351,1.278467,-11.1838412733074,14.6638796370047,0,2.9e-09
0.9997531334128026,0.0,-0.0000000000000000,0.0246248050274470,0.0295094803915530,0.0000000000000000,15.7354380175195914,3.0000618061068938,10.069812,1.276719,-11.3465660593912,14.8566480557513,0,4.6e-09
0.9997538373010461,0.0,-0.0000000000000000,0.0246648363652483,0.0295502576277961,0.0000000000000000,15.7341168278638115,3.0000618293647094,10.237871,1.274949,-11.5128495238171,15.0530429121329,0,3.7e-09
0.9997545477450541,0.0,-0.0000000000000000,0.0247054087967547,0.0295915948249915,0.0000000000000000,15.7327818564563753,3.0000618528857363,10.409396,1.273159,-11.6825881912582,15.2531414512254,0,4.1e-09
0.9997552648181529,0.0,-0.0000000000000000,0.0247465324378859,0.0296335026359683,0.0000000000000000,15.7314329293306780,3.0000618766737794,10.584636,1.271348,-11.8560064187381,15.4569745586504,0,2.9e-09
0.9997559885947809,0.0,-0.0000000000000000,0.0247882176650387,0.0296759919912477,0.0000000000000000,15.7300698695973633,3.0000619007327223,10.763433,1.269515,-12.0329800320253,15.6646635279398,0,4.0e-09
0.9997567191504331,0.0,-0.0000000000000000,0.0248304751192075,0.0297190741037637,0.0000000000000000,15.7286924973673568,3.0000619250665199,10.946121,1.267660,-12.2138058946363,15.8762112887298,0,3.1e-09
0.9997574565617828,0.0,0.0000000000000000,0.0248733157205900,0.0297627604842270,0.0000000000000000,15.7273006296847342,3.0000619496792105,11.132560,1.265783,-12.3983738630983,16.0917292139268,0,3.9e-09
0.9997582009066338,0.0,-0.0000000000000000,0.0249167506739281,0.0298070629468418,0.0000000000000000,15.7258940804441316,3.0000619745749115,11.323018,1.263883,-12.5869280981773,16.3112550564928,0,3.3e-09
0.9997589522639945,0.0,0.0000000000000000,0.0249607914809259,0.0298519936228679,0.0000000000000000,15.7244726603168221,3.0000619997578259,11.517472,1.261960,-12.7794573157474,16.5348643195247,0,3.3e-09
0.9997597107140441,0.0,-0.0000000000000000,0.0250054499470278,0.0298975649678881,0.0000000000000000,15.7230361766631983,3.0000620252322401,11.716014,1.260014,-12.9760543955081,16.7626357443967,0,3.3e-09
0.9997604763382357,0.0,0.0000000000000000,0.0250507381965197,0.0299437897777520,0.0000000000000000,15.7215844334526409,3.0000620510025287,11.918823,1.258044,-13.1768860427732,16.9946154791648,0,2.3e-09
0.9997612492192877,0.0,-0.0000000000000000,0.0250966686814168,0.0299906811983724,0.0000000000000000,15.7201172311743207,3.0000620770731605,12.125783,1.256050,-13.3818597754374,17.2308966809798,0,3.4e-09
0.9997620294411735,0.0,-0.0000000000000000,0.0251432541907706,0.0300382527357696,0.0000000000000000,15.7186343667422648,3.0000621034486930,12.337229,1.254032,-13.5912808557614,17.4715136677990,0,2.5e-09
0.9997628170892515,0.0,0.0000000000000000,0.0251905078686035,0.0300865182751392,0.0000000000000000,15.7171356334075885,3.0000621301337835,12.553031,1.251988,-13.8050474020473,17.7165771063825,0,3.5e-09
0.9997636122501907,0.0,-0.0000000000000000,0.0252384432204106,0.0301354920879672,0.0000000000000000,15.7156208206535268,3.0000621571331876,12.773468,1.249920,-14.0234136362456,17.9661228790951,0,3.1e-09
0.9997644150120528,0.0,-0.0000000000000000,0.0252870741291785,0.0301851888493399,0.0000000000000000,15.7140897140955733,3.0000621844517599,12.999042,1.247825,-14.2468304310544,18.2200890132661,0,4.0e-09
0.9997652254644090,0.0,-0.0000000000000000,0.0253364148743562,0.0302356236579518,0.0000000000000000,15.7125420953838777,3.0000622120944653,13.228945,1.245705,-14.4746056044659,18.4788049965250,0,4.9e-09
0.9997660436982029,0.0,-0.0000000000000000,0.0253864801358981,0.0302868120409605,0.0000000000000000,15.7109777420833652,3.0000622400663741,13.463662,1.243558,-14.7071709638063,18.7422257965856,0,5.4e-09
0.9997668698059159,0.0,0.0000000000000000,0.0254372850171767,0.0303387699783483,0.0000000000000000,15.7093964275653839,3.0000622683726670,13.703177,1.241384,-14.9445266156438,19.0104550158954,0,3.7e-09
0.9997677038815677,0.0,-0.0000000000000000,0.0254888450585681,0.0303915139176082,0.0000000000000000,15.7077979208895275,3.0000622970186437,13.947372,1.239183,-15.1865761121915,19.2836376215056,0,2.9e-09
0.9997685460206742,0.0,0.0000000000000000,0.0255411762490801,0.0304450607864471,0.0000000000000000,15.7061819866721617,3.0000623260097146,14.197254,1.236953,-15.4342252586064,19.5615859590947,0,2.3e-09
0.9997693963204960,0.0,0.0000000000000000,0.0255942950565189,0.0304994280245963,0.0000000000000000,15.7045483849713481,3.0000623553514219,14.452430,1.234696,-15.6871349282818,19.8444838014276,0,1.4e-09
0.9997702548799047,0.0,-0.0000000000000000,0.0256482184348908,0.0305546335924144,0.0000000000000000,15.7028968711495924,3.0000623850494286,14.712657,1.232409,-15.9451056265981,20.1325597403014,0,4.4e-09
0.9997711217994327,0.0,-0.0000000000000000,0.0257029638436918,0.0306106959917043,0.0000000000000000,15.7012271957317573,3.0000624151095292,14.978856,1.230093,-16.2089595908913,20.4255456007542,0,1.5e-09
0.9997719971814456,0.0,-0.0000000000000000,0.0257585492761076,0.0306676342953729,0.0000000000000000,15.6995391042690393,3.0000624455376519,15.250420,1.227747,-16.4781779818245,20.7238177803179,0,1.4e-09
0.9997728811300500,0.0,-0.0000000000000000,0.0258149932710795,0.0307254681611470,0.0000000000000000,15.6978323371847690,3.0000624763398656,15.527503,1.225371,-16.7529022778745,21.0273781511880,0,3.3e-09
0.9997737737512160,0.0,0.0000000000000000,0.0258723149400386,0.0307842178600049,0.0000000000000000,15.6961066296198339,3.0000625075223826,15.810557,1.222964,-17.0335513903669,21.3361992010260,0,3.5e-09
0.9997746751528015,0.0,0.0000000000000000,0.0259305339883444,0.0308439042993863,0.0000000000000000,15.6943617112695879,3.0000625390915614,16.099640,1.220525,-17.3201875605990,21.6503561167700,0,2.4e-09
0.9997755854446551,0.0,-0.0000000000000000,0.0259896707428221,0.0309045490526797,0.0000000000000000,15.6925973062191506,3.0000625710539159,16.394786,1.218055,-17.6128515412689,21.9699239903091,0,1.5e-09
0.9997765047385987,0.0,-0.0000000000000000,0.0260497461726418,0.0309661743819433,0.0000000000000000,15.6908131327647951,3.0000626034161182,16.696037,1.215552,-17.9115952288852,22.2949987349955,0,1.2e-09
0.9997774331485354,0.0,0.0000000000000000,0.0261107819194689,0.0310288032701966,0.0000000000000000,15.6890089032316293,3.0000626361850027,17.003359,1.213015,-18.2164020881256,22.6257834759463,0,2.9e-09
0.9997783707904779,0.0,-0.0000000000000000,0.0261728003235975,0.0310924594498279,0.0000000000000000,15.6871843237805901,3.0000626693675763,17.317423,1.210445,-18.5278789029611,22.9619643859290,0,1.3e-09
