x0,y0,z0,xd0,yd0,zd0,Tp,JC,stabilityIndex1,stabilityIndex2,alpha,beta,impactFlag,error
1.0013391112586958,0.0,-0.0000000000000193,0.0000000000000000,-0.0147863235113499,-0.0044755949890243,33.4435907950907065,3.0000495140142305,2.056032,1.963343,-4.0193756156406,6.0366972566495,0,4.7e-11
1.0013391441282768,0.0,-0.0000000000000145,0.0000000000000000,-0.0147858371273485,-0.0044763522243228,33.4434907950907032,3.0000495149235689,2.056054,1.959533,-4.0155869006986,6.0289054428354,0,3.3e-11
1.0013391753200445,0.0,-0.0000000000000184,0.0000000000000000,-0.0147853625152135,-0.0044771085925156,33.4433907950907070,3.0000495158330334,2.056075,1.955724,-4.0117988967551,6.0211150306704,0,6.4e-11
1.0013392050464536,0.0,-0.0000000000000225,0.0000000000000000,-0.0147848981784648,-0.0044778642015764,33.4432907950907037,3.0000495167426227,2.056094,1.951917,-4.0080113877994,6.0133255901740,0,4.4e-11
1.0013392334783549,0.0,-0.0000000000000497,0.0000000000000000,-0.0147844429135689,-0.0044786191387419,33.4431907950907075,3.0000495176523367,2.056113,1.948111,-4.0042247180285,6.0055378040576,0,1.4e-10
1.0013392607557488,0.0,-0.0000000000000359,0.0000000000000000,-0.0147839957343096,-0.0044793734756260,33.4430907950907041,3.0000495185621761,2.056131,1.944307,-4.0004383223333,5.9977505551698,0,5.8e-11
1.0013392869950042,0.0,-0.0000000000000274,0.0000000000000000,-0.0147835558209166,-0.0044801272718589,33.4429907950907079,3.0000495194721402,2.056148,1.940504,-3.9966525610611,5.9899645565122,0,1.1e-11
1.0013393122940557,0.0,-0.0000000000000101,0.0000000000000000,-0.0147831224834241,-0.0044808805778913,33.4428907950907046,3.0000495203822299,2.056165,1.936703,-3.9928677309081,5.9821803925136,0,6.7e-11
1.0013393367364172,0.0,-0.0000000000000073,0.0000000000000000,-0.0147826951335293,-0.0044816334365827,33.4427907950907084,3.0000495212924445,2.056181,1.932903,-3.9890832701650,5.9743969566061,0,2.5e-11
1.0013393603937111,0.0,-0.0000000000000265,0.0000000000000000,-0.0147822732665549,-0.0044823858851677,33.4426907950907051,3.0000495222027839,2.056196,1.929103,-3.9852995904834,5.9666150591376,0,4.9e-11
1.0013393833281952,0.0,-0.0000000000000106,0.0000000000000000,-0.0147818564439049,-0.0044831379557579,33.4425907950907089,3.0000495231132489,2.056211,1.925305,-3.9815165236394,5.9588343706308,0,6.0e-11
1.0013395517910622,0.0,-0.0000000000000171,0.0000000000000000,-0.0147785477225099,-0.0044893729606267,33.4417602167918986,3.0000495306802000,2.056321,1.893799,-3.9501202343453,5.8942590732579,0,4.1e-11
1.0013396845476070,0.0,-0.0000000000000151,0.0000000000000000,-0.0147756126613594,-0.0044952267472313,33.4409786269474836,3.0000495378087098,2.056410,1.864209,-3.9206186427307,5.8335772728476,0,3.5e-11
1.0013397968747744,0.0,-0.0000000000000227,0.0000000000000000,-0.0147728822909745,-0.0045008859685477,33.4402218928857522,3.0000495447177804,2.056488,1.835609,-3.8920970304425,5.7749079281457,0,3.9e-11
1.0013398956331752,0.0,-0.0000000000000168,0.0000000000000000,-0.0147702788334868,-0.0045064398865160,33.4394784460802512,3.0000495515124839,2.056560,1.807558,-3.8641182602959,5.7173520460587,0,5.0e-11
1.0013399845780497,0.0,-0.0000000000000176,0.0000000000000000,-0.0147677587148876,-0.0045119401702550,33.4387415768034231,3.0000495582538580,2.056628,1.779802,-3.8364299317331,5.6603905407370,0,4.2e-11
1.0013400660166494,0.0,-0.0000000000000179,0.0000000000000000,-0.0147652945284788,-0.0045174203040029,33.4380069291214284,3.0000495649816243,2.056694,1.752176,-3.8088699453990,5.6036898577197,0,3.3e-11
1.0013401414795811,0.0,-0.0000000000000199,0.0000000000000000,-0.0147628676349008,-0.0045229037263279,33.4372714487913854,3.0000495717237272,2.056758,1.724567,-3.7813255894841,5.5470180608447,0,6.3e-11
1.0013402120394908,0.0,-0.0000000000000155,0.0000000000000000,-0.0147604646096081,-0.0045284078112247,33.4365328680325646,3.0000495785009988,2.056822,1.696892,-3.7537140237190,5.4902047371925,0,6.3e-11
1.0013402784796281,0.0,-0.0000000000000199,0.0000000000000000,-0.0147580753446315,-0.0045339460303349,33.4357894254389976,3.0000495853297027,2.056886,1.669086,-3.7259724554088,5.4331205497813,0,2.5e-11
1.0013403413904645,0.0,-0.0000000000000206,0.0000000000000000,-0.0147556919509732,-0.0045395292203202,33.4350397016190399,3.0000495922230224,2.056950,1.641101,-3.6980514562129,5.3756636045445,0,2.7e-11
1.0013404012285252,0.0,-0.0000000000000186,0.0000000000000000,-0.0147533080847147,-0.0045451663707781,33.4342825169172073,3.0000495991919855,2.057015,1.612896,-3.6699108813282,5.3177511529593,0,3.0e-11
1.0013404583540448,0.0,-0.0000000000000158,0.0000000000000000,-0.0147509185124938,-0.0045508651377533,33.4335168647292278,3.0000496062460686,2.057080,1.584437,-3.6415177131085,5.2593150211612,0,7.5e-11
1.0013405130560271,0.0,-0.0000000000000208,0.0000000000000000,-0.0147485188203615,-0.0045566321910318,33.4327418663365918,3.0000496133936099,2.057147,1.555697,-3.6128438786101,5.2002973496007,0,1.5e-11
1.0013405655694876,0.0,-0.0000000000000149,0.0000000000000000,-0.0147461052120211,-0.0045624734570923,33.4319567393263455,3.0000496206420926,2.057214,1.526652,-3.5838660133169,5.1406496625531,0,2.6e-11
1.0013406160876499,0.0,-0.0000000000000169,0.0000000000000000,-0.0147436743653434,-0.0045683942930111,33.4311607749045336,3.0000496279983508,2.057284,1.497280,-3.5545636826027,5.0803296553138,0,7.5e-11
1.0013406647707803,0.0,-0.0000000000000195,0.0000000000000000,-0.0147412233276483,-0.0045743996144586,33.4303533212183908,3.0000496354687236,2.057355,1.467564,-3.5249190409607,5.0193004021885,0,6.3e-11
1.0013407117527309,0.0,-0.0000000000000176,0.0000000000000000,-0.0147387494377145,-0.0045804939915242,33.4295337708411111,3.0000496430591661,2.057427,1.437489,-3.4949166764301,4.9575298759180,0,1.7e-11
1.0013407571458386,0.0,-0.0000000000000192,0.0000000000000000,-0.0147362502667823,-0.0045866817219908,33.4287015512076238,3.0000496507753391,2.057502,1.407041,-3.4645435321418,4.8949906049505,0,5.1e-11
1.0013408010446987,0.0,-0.0000000000000161,0.0000000000000000,-0.0147337235731575,-0.0045929668873934,33.4278561171941533,3.0000496586226739,2.057579,1.376208,-3.4337874380158,4.8316574519779,0,3.1e-12
1.0013408435290647,0.0,-0.0000000000000185,0.0000000000000000,-0.0147311672665736,-0.0045993533980245,33.4269969452691456,3.0000496666064302,2.057659,1.344980,-3.4026386918172,4.7675097178649,0,7.4e-11
1.0013408846661334,0.0,-0.0000000000000194,0.0000000000000000,-0.0147285793802343,-0.0046058450277875,33.4261235288274747,3.0000496747317338,2.057741,1.313347,-3.3710881438290,4.7025284414108,0,1.4e-11
1.0013409245123297,0.0,-0.0000000000000183,0.0000000000000000,-0.0147259580483478,-0.0046124454429976,33.4252353744168857,3.0000496830036161,2.057826,1.281303,-3.3391288473129,4.6366985493747,0,2.3e-11
1.0013409631147594,0.0,-0.0000000000000170,0.0000000000000000,-0.0147233014880543,-0.0046191582249628,33.4243319986589142,3.0000496914270394,2.057914,1.248841,-3.3067547046919,4.5700070389333,0,2.1e-11
1.0013410005123489,0.0,-0.0000000000000203,0.0000000000000000,-0.0147206079846527,-0.0046259868891109,33.4234129257052075,3.0000497000069228,2.058005,1.215956,-3.2739611507547,4.5024438373012,0,5.6e-11
1.0013410367367750,0.0,-0.0000000000000143,0.0000000000000000,-0.0147178758795268,-0.0046329349004699,33.4224776851156378,3.0000497087481617,2.058100,1.182645,-3.2407447868213,4.4340013700689,0,7.7e-11
1.0013410718132092,0.0,-0.0000000000000187,0.0000000000000000,-0.0147151035602637,-0.0046400056863361,33.4215258100733053,3.0000497176556431,2.058198,1.148905,-3.2071036183029,4.3646748698107,0,4.4e-11
1.0013411057609181,0.0,-0.0000000000000196,0.0000000000000000,-0.0147122894523201,-0.0046472026473071,33.4205568358697391,3.0000497267342632,2.058301,1.114736,-3.1730373216261,4.2944626913625,0,7.9e-11
1.0013411385937550,0.0,-0.0000000000000165,0.0000000000000000,-0.0147094320122283,-0.0046545291659363,33.4195702986080292,3.0000497359889353,2.058408,1.080138,-3.1385466367840,4.2233657289662,0,4.6e-11
1.0013411703205322,0.0,-0.0000000000000215,0.0000000000000000,-0.0147065297219380,-0.0046619886144280,33.4185657340824420,3.0000497454246062,2.058520,1.045114,-3.1036342347751,4.1513884165557,0,2.3e-11
1.0013412009453326,0.0,-0.0000000000000152,0.0000000000000000,-0.0147035810840662,-0.0046695843608048,33.4175426768068675,3.0000497550462613,2.058637,1.009667,-3.0683044079523,4.0785384846078,0,5.2e-11
1.0013412304677343,0.0,-0.0000000000000128,0.0000000000000000,-0.0147005846181155,-0.0046773197740271,33.4165006591620681,3.0000497648589346,2.058760,0.973803,-3.0325630075933,4.0048270707673,0,2.4e-11
1.0013412588829822,0.0,-0.0000000000000180,0.0000000000000000,-0.0146975388572169,-0.0046851982285144,33.4154392106456015,3.0000497748677182,2.058888,0.937530,-2.9964181990490,3.9302695434984,0,4.8e-11
1.0013412861821069,0.0,-0.0000000000000147,0.0000000000000000,-0.0146944423456651,-0.0046932231074166,33.4143578572068591,3.0000497850777652,2.059023,0.900857,-2.9598799357831,3.8548852356922,0,3.7e-11
1.0013413123519790,0.0,-0.0000000000000158,0.0000000000000000,-0.0146912936369806,-0.0047013978056007,33.4132561206512690,3.0000497954942991,2.059165,0.863796,-2.9229606345111,3.7786982294118,0,3.6e-12
1.0013413373753401,0.0,-0.0000000000000131,0.0000000000000000,-0.0146880912924455,-0.0047097257316454,33.4121335181092931,3.0000498061226160,2.059314,0.826362,-2.8856753054872,3.7017376928230,0,7.6e-12
1.0013413612307733,0.0,-0.0000000000000165,0.0000000000000000,-0.0146848338801984,-0.0047182103094508,33.4109895615552759,3.0000498169680929,2.059471,0.788571,-2.8480415352975,3.6240381658163,0,7.5e-12
1.0013413838926477,0.0,-0.0000000000000128,0.0000000000000000,-0.0146815199747009,-0.0047268549791661,33.4098237573740775,3.0000498280361909,2.059637,0.750443,-2.8100800030876,3.5456402690628,0,1.9e-11
1.0013414053310044,0.0,-0.0000000000000182,0.0000000000000000,-0.0146781481567963,-0.0047356631976142,33.4086356059648537,3.0000498393324579,2.059812,0.712002,-2.7718146947024,3.4665912240322,0,5.9e-11
1.0013414255114292,0.0,-0.0000000000000166,0.0000000000000000,-0.0146747170140243,-0.0047446384381556,33.4074246013830063,3.0000498508625326,2.059998,0.673275,-2.7332731134844,3.3869454508495,0,8.3e-11
1.0013414443948581,0.0,-0.0000000000000168,0.0000000000000000,-0.0146712251415807,-0.0047537841900709,33.4061902310106760,3.0000498626321499,2.060194,0.634292,-2.6944866730266,3.3067653145279,0,3.1e-12
1.0013414619373595,0.0,-0.0000000000000167,0.0000000000000000,-0.0146676711436549,-0.0047631039572133,33.4049319752572842,3.0000498746471398,2.060403,0.595088,-2.6554915946282,3.2261221249998,0,1.1e-11
1.0013414780898640,0.0,-0.0000000000000180,0.0000000000000000,-0.0146640536352941,-0.0047726012562722,33.4036493072840912,3.0000498869134344,2.060625,0.555704,-2.6163285112120,3.1450966522279,0,3.5e-11
1.0013414927978541,0.0,-0.0000000000000162,0.0000000000000000,-0.0146603712448027,-0.0047822796142298,33.4023416927538861,3.0000498994370637,2.060861,0.516182,-2.5770434169072,3.0637803263956,0,4.1e-11
1.0013415060009958,0.0,-0.0000000000000139,0.0000000000000000,-0.0146566226167049,-0.0047921425653985,33.4010085896012754,3.0000499122241653,2.061112,0.476576,-2.5376882268547,2.9822763093865,0,4.3e-11
1.0013415176327236,0.0,-0.0000000000000138,0.0000000000000000,-0.0146528064153574,-0.0048021936475515,33.3996494478241601,3.0000499252809760,2.061381,0.436940,-2.4983213595420,2.9007006878955,0,8.8e-11
1.0013415276197613,0.0,-0.0000000000000169,0.0000000000000000,-0.0146489213293016,-0.0048124363972302,33.3982637092944330,3.0000499386138402,2.061668,0.397340,-2.4590080546663,2.8191837405102,0,3.3e-11
1.0013415358815736,0.0,-0.0000000000000171,0.0000000000000000,-0.0146449660762615,-0.0048228743446379,33.3968508075877324,3.0000499522292059,2.061975,0.357847,-2.4198218880484,2.7378715465595,0,5.5e-11
1.0013415423297602,0.0,-0.0000000000000169,0.0000000000000000,-0.0146409394091353,-0.0048335110069456,33.3954101678312014,3.0000499661336231,2.062304,0.318541,-2.3808446816789,2.6569274831004,0,5.6e-11
1.0013415468673428,0.0,-0.0000000000000193,0.0000000000000000,-0.0146368401229142,-0.0048443498811507,33.3939412065675185,3.0000499803337473,2.062658,0.279510,-2.3421680113970,2.5765341277606,0,5.6e-11
1.0013415493879776,0.0,-0.0000000000000161,0.0000000000000000,-0.0146326670627145,-0.0048553944353843,33.3924433316361586,3.0000499948363308,2.063038,0.240856,-2.3038939361501,2.4968952494729,0,1.6e-11
1.0013415497750533,0.0,-0.0000000000000153,0.0000000000000000,-0.0146284191330245,-0.0048666480991930,33.3909159420698884,3.0000500096482257,2.063447,0.202689,-2.2661364578478,2.4182380017737,0,7.3e-11
1.0013415479006809,0.0,-0.0000000000000133,0.0000000000000000,-0.0146240953083778,-0.0048781142521254,33.3893584280055791,3.0000500247763746,2.063889,0.165133,-2.2290219695920,2.3408154622195,0,2.5e-11
1.0013415436245252,0.0,-0.0000000000000178,0.0000000000000000,-0.0146196946456959,-0.0048897962109297,33.3877701706063235,3.0000500402278103,2.064367,0.128325,-2.1926916512039,2.2649092738634,0,1.3e-11
1.0013415367925018,0.0,-0.0000000000000133,0.0000000000000000,-0.0146152162984128,-0.0049016972147137,33.3861505419944180,3.0000500560096439,2.064884,0.092418,-2.1573023009072,2.1908326959785,0,8.9e-11
1.0013415272352801,0.0,-0.0000000000000142,0.0000000000000000,-0.0146106595328485,-0.0049138204079016,33.3844989051891616,3.0000500721290639,2.065445,0.057583,-2.1230278130383,2.1189340468548,0,8.4e-11
1.0013415147665736,0.0,-0.0000000000000087,0.0000000000000000,-0.0146060237468841,-0.0049261688212925,33.3828146140449533,3.0000500885933201,2.066054,0.024007,-2.0900617079952,2.0496002310900,0,8.6e-11
1.0013414991812006,0.0,-0.0000000000000148,0.0000000000000000,-0.0146013084916395,-0.0049387453497552,33.3810970131823197,3.0000501054097142,2.066718,-0.008099,-2.0586185634017,1.9832609433192,0,4.8e-11
1.0013414802528355,0.0,-0.0000000000000134,0.0000000000000000,-0.0145965134964281,-0.0049515527273236,33.3793454378986283,3.0000501225855900,2.067442,-0.038505,-2.0289366383493,1.9203930647684,0,5.2e-11
1.0013414577314530,0.0,-0.0000000000000144,0.0000000000000000,-0.0145916386975241,-0.0049645934983862,33.3775592140460660,3.0000501401283106,2.068233,-0.066953,-2.0012798483510,1.8615257277974,0,1.5e-11
1.0013414313403513,0.0,-0.0000000000000140,0.0000000000000000,-0.0145866842715151,-0.0049778699850820,33.3757376578513885,3.0000501580452470,2.069100,-0.093159,-1.9759409309598,1.8072456159769,0,1.2e-11
1.0013414007727162,0.0,-0.0000000000000164,0.0000000000000000,-0.0145816506739190,-0.0049913842499362,33.3738800756488629,3.0000501763437510,2.070051,-0.116807,-1.9532439952145,1.7582029902919,0,4.3e-11
1.0013413656876289,0.0,-0.0000000000000155,0.0000000000000000,-0.0145765386840932,-0.0050051380529999,33.3719857634825914,3.0000501950311325,2.071099,-0.137551,-1.9335477834636,1.7151182022024,0,9.0e-11
1.0013413257053854,0.0,-0.0000000000000128,0.0000000000000000,-0.0145713494575320,-0.0050191328031201,33.3700540065172575,3.0000502141146308,2.072255,-0.155006,-1.9172489793058,1.6787887433774,0,5.4e-11
1.0013412804020105,0.0,-0.0000000000000121,0.0000000000000000,-0.0145660845869261,-0.0050333695021207,33.3680840781734815,3.0000502336013835,2.073534,-0.168747,-1.9047863147639,1.6500966708198,0,3.6e-11
1.0013412293027710,0.0,-0.0000000000000176,0.0000000000000000,-0.0145607461739528,-0.0050478486804978,33.3660752388677508,3.0000502534983839,2.074953,-0.178309,-1.8966438847174,1.6300170501070,0,6.1e-11
1.0013411718744665,0.0,-0.0000000000000118,0.0000000000000000,-0.0145553369135042,-0.0050625703244382,33.3640267341895651,3.0000502738124464,2.076533,-0.183177,-1.8933561011200,1.6196261768517,0,2.6e-11
1.0013411075162055,0.0,-0.0000000000000144,0.0000000000000000,-0.0145498601935642,-0.0050775337914217,33.3619377922756470,3.0000502945501557,2.078299,-0.182788,-1.8955106174937,1.6201112902659,0,5.6e-11
1.0013410355482717,0.0,-0.0000000000000186,0.0000000000000000,-0.0145443202135931,-0.0050927377144034,33.3598076200405131,3.0000503157178184,2.080279,-0.176525,-1.9037537847103,1.6327793497539,0,2.0e-11
1.0013409551985779,0.0,-0.0000000000000154,0.0000000000000000,-0.0145387221261033,-0.0051081798918808,33.3576353977701103,3.0000503373214094,2.082508,-0.163713,-1.9187946416969,1.6590664807985,0,4.7e-12
1.0013409345609845,0.0,-0.0000000000000124,0.0000000000000000,-0.0145373698888214,-0.0051119231343352,33.3571074315717269,3.0000503425745708,2.083085,-0.159581,-1.9235034121390,1.6675785094992,0,8.3e-11
1.0013409130356952,0.0,-0.0000000000000145,0.0000000000000000,-0.0145359932093411,-0.0051157396582097,33.3565685347244454,3.0000503479373095,2.083689,-0.154944,-1.9287452168700,1.6771459051750,0,3.4e-11
1.0013408905777901,0.0,-0.0000000000000126,0.0000000000000000,-0.0145345918254366,-0.0051196307004664,33.3560184825949477,3.0000503534118446,2.084322,-0.149766,-1.9345554505167,1.6878391359408,0,4.6e-11
1.0013408671396178,0.0,-0.0000000000000131,0.0000000000000000,-0.0145331654875917,-0.0051235975049241,33.3554570458105175,3.0000503590004364,2.084985,-0.144014,-1.9409712064180,1.6997331460329,0,5.2e-11
1.0013408426705963,0.0,-0.0000000000000135,0.0000000000000000,-0.0145317139607240,-0.0051276413210760,33.3548839901229925,3.0000503647053840,2.085681,-0.137649,-1.9480318716837,1.7129073976564,0,2.7e-11
1.0013408171169800,0.0,-0.0000000000000121,0.0000000000000000,-0.0145302370262196,-0.0051317634027786,33.3542990762617038,3.0000503705290251,2.086412,-0.130633,-1.9557793402060,1.7274461449467,0,2.7e-11
1.0013407904216300,0.0,-0.0000000000000134,0.0000000000000000,-0.0145287344839845,-0.0051359650067813,33.3537020597748608,3.0000503764737401,2.087180,-0.122922,-1.9642578943911,1.7434387856342,0,4.3e-11
1.0013407625237314,0.0,-0.0000000000000154,0.0000000000000000,-0.0145272061549429,-0.0051402473910915,33.3530926908561156,3.0000503825419482,2.087988,-0.114474,-1.9735144372226,1.7609801513825,0,4.2e-11
1.0013407333585105,0.0,-0.0000000000000105,0.0000000000000000,-0.0145256518835717,-0.0051446118132309,33.3524707141552881,3.0000503887361090,2.088839,-0.105240,-1.9835987422922,1.7801707872818,0,3.9e-11
1.0013407028569112,0.0,-0.0000000000000123,0.0000000000000000,-0.0145240715408207,-0.0051490595282574,33.3518358685694665,3.0000503950587234,2.089735,-0.095171,-1.9945634936615,1.8011172861294,0,2.2e-11
1.0013406709452310,0.0,-0.0000000000000134,0.0000000000000000,-0.0145224650273700,-0.0051535917866230,33.3511878870114060,3.0000504015123330,2.090680,-0.084215,-2.0064645345473,1.8239326868216,0,1.4e-12
1.0013406375447338,0.0,-0.0000000000000145,0.0000000000000000,-0.0145208322771284,-0.0051582098318521,33.3505264961515024,3.0000504080995212,2.091678,-0.072317,-2.0193610886490,1.8487367460706,0,3.1e-11
1.0013406025712113,0.0,-0.0000000000000127,0.0000000000000000,-0.0145191732611978,-0.0051629148979451,33.3498514161280468,3.0000504148229115,2.092732,-0.059417,-2.0333156300227,1.8756564751844,0,4.4e-11
1.0013405659345025,0.0,-0.0000000000000118,0.0000000000000000,-0.0145174879922067,-0.0051677082066010,33.3491623602202125,3.0000504216851680,2.093848,-0.045454,-2.0483944068478,1.9048263643633,0,3.9e-11
1.0013405275379488,0.0,-0.0000000000000134,0.0000000000000000,-0.0145157765291922,-0.0051725909641769,33.3484590344763348,3.0000504286889984,2.095030,-0.030363,-2.0646675401486,1.9363889102636,0,2.4e-11
1.0013404872777958,0.0,-0.0000000000000094,0.0000000000000000,-0.0145140389829816,-0.0051775643583560,33.3477411372891837,3.0000504358371511,2.096284,-0.014075,-2.0822092300566,1.9704949679977,0,3.7e-11
1.0013404450425252,0.0,-0.0000000000000122,0.0000000000000000,-0.0145122755221591,-0.0051826295545769,33.3470083589075088,3.0000504431324173,2.097616,0.003482,-2.1010977697401,2.0073042633997,0,2.2e-11
1.0013404007120870,0.0,-0.0000000000000116,0.0000000000000000,-0.0145104863798568,-0.0051877876921247,33.3462603808708096,3.0000504505776315,2.099032,0.022384,-2.1214160993973,2.0469857758784,0,4.6e-11
1.0013403541570616,0.0,-0.0000000000000118,0.0000000000000000,-0.0145086718611533,-0.0051930398799724,33.3454968753519410,3.0000504581756711,2.100540,0.042712,-2.1432515385778,2.0897182378285,0,2.1e-11
1.0013403052376895,0.0,-0.0000000000000108,0.0000000000000000,-0.0145068323515410,-0.0051983871922464,33.3447175043874608,3.0000504659294598,2.102148,0.064549,-2.1666965010941,2.1356905527702,0,3.8e-12
1.0013402538027822,0.0,-0.0000000000000119,0.0000000000000000,-0.0145049683263266,-0.0052038306634426,33.3439219189719935,3.0000504738419673,2.103866,0.087982,-2.1918484027535,2.1851022807695,0,3.3e-11
1.0013401996884836,0.0,-0.0000000000000105,0.0000000000000000,-0.0145030803612779,-0.0052093712831800,33.3431097579862552,3.0000504819162117,2.105705,0.113104,-2.2188096670074,2.2381641014441,0,1.8e-11
1.0013401427168429,0.0,-0.0000000000000107,0.0000000000000000,-0.0145011691445683,-0.0052150099909534,33.3422806469215089,3.0000504901552651,2.107677,0.140011,-2.2476883287845,2.2950982104349,0,3.9e-12
1.0013400826941827,0.0,-0.0000000000000090,0.0000000000000000,-0.0144992354904269,-0.0052207476702668,33.3414341963529353,3.0000504985622536,2.109795,0.168803,-2.2785979174480,2.3561387531697,0,2.3e-11
1.0013400194092110,0.0,-0.0000000000000090,0.0000000000000000,-0.0144972803545636,-0.0052265851427466,33.3405700001028720,3.0000505071403669,2.112076,0.199582,-2.3116576267800,2.4215321899068,0,3.7e-11
1.0013399526308335,0.0,-0.0000000000000083,0.0000000000000000,-0.0144953048517974,-0.0052325231620320,33.3396876330183147,3.0000505158928608,2.114536,0.232457,-2.3469924770641,2.4915376327834,0,6.7e-12
1.0013398821055972,0.0,-0.0000000000000138,0.0000000000000000,-0.0144933102762197,-0.0052385624076811,33.3387866482665629,3.0000505248230724,2.117197,0.267536,-2.3847329333742,2.5664270150206,0,9.2e-11
1.0013398075546667,0.0,-0.0000000000000131,0.0000000000000000,-0.0144912981246580,-0.0052447034790310,33.3378665740256892,3.0000505339344277,2.120082,0.304934,-2.4250159977683,2.6464854404890,0,2.1e-11
1.0013397286702925,0.0,-0.0000000000000137,0.0000000000000000,-0.0144892701233944,-0.0052509468896606,33.3369269094096836,3.0000505432304601,2.123219,0.344765,-2.4679835147701,2.7320109046250,0,1.8e-12
1.0013396451115448,0.0,-0.0000000000000134,0.0000000000000000,-0.0144872282598615,-0.0052572930622017,33.3359671194213192,3.0000505527148356,2.126640,0.387143,-2.5137832204118,2.8233144169818,0,1.0e-12
1.0013395564992351,0.0,-0.0000000000000104,0.0000000000000000,-0.0144851748194301,-0.0052637423244382,33.3349866286591450,3.0000505623913751,2.130383,0.432185,-2.5625679233459,2.9207195201308,0,2.7e-11
1.0013394624097234,0.0,-0.0000000000000110,0.0000000000000000,-0.0144831124291493,-0.0052702949072606,33.3339848134189509,3.0000505722640982,2.134493,0.480002,-2.6144951520704,3.0245617552796,0,3.9e-11
1.0013393623673672,0.0,-0.0000000000000115,0.0000000000000000,-0.0144810441100195,-0.0052769509447384,33.3329609917070115,3.0000505823372707,2.139022,0.530704,-2.6697263839148,3.1351876685166,0,4.8e-12
1.0013392558351715,0.0,-0.0000000000000133,0.0000000000000000,-0.0144789733399745,-0.0052837104783743,33.3319144105171219,3.0000505926154708,2.144036,0.584390,-2.7284258362650,3.2529533033677,0,2.3e-11
1.0013391422030939,0.0,-0.0000000000000124,0.0000000000000000,-0.0144769041309152,-0.0052905734665283,33.3308442294866651,3.0000506031036811,2.149609,0.641150,-2.7907594339436,3.3782223114997,0,2.5e-11
1.0013390207732438,0.0,-0.0000000000000092,0.0000000000000000,-0.0144748411239404,-0.0052975398017386,33.3297494997129817,3.0000506138074012,2.155837,0.701057,-2.8568932863499,3.5113634499333,0,1.9e-12
1.0013388907408769,0.0,-0.0000000000000108,0.0000000000000000,-0.0144727897092272,-0.0053046093385320,33.3286291360297184,3.0000506247328107,2.162832,0.764158,-2.9269906003413,3.6527464207779,0,1.5e-12
1.0013387511696363,0.0,-0.0000000000000110,0.0000000000000000,-0.0144707561791073,-0.0053117819369344,33.3274818803357746,3.0000506358869781,2.170737,0.830473,-3.0012091559686,3.8027372517465,0,1.5e-11
1.0013386009587284,0.0,-0.0000000000000112,0.0000000000000000,-0.0144687479279853,-0.0053190575271922,33.3263062525208582,3.0000506472781558,2.179725,0.899972,-3.0796969850152,3.9616914826087,0,5.7e-12
1.0013384387986575,0.0,-0.0000000000000083,0.0000000000000000,-0.0144667737184045,-0.0053264362052932,33.3251004839325589,3.0000506589161748,2.190016,0.972570,-3.1625864185504,4.1299446395492,0,2.2e-11
1.0013382631102152,0.0,-0.0000000000000109,0.0000000000000000,-0.0144648440449514,-0.0053339183712270,33.3238624258685192,3.0000506708129966,2.201884,1.048102,-3.2499863614343,4.3077993777841,0,2.9e-11
1.0013380719584726,0.0,-0.0000000000000101,0.0000000000000000,-0.0144629716452507,-0.0053415049287434,33.3225894216629754,3.0000506829834848,2.215675,1.126297,-3.3419715144220,4.4955074163420,0,6.6e-11
1.0013378629283394,0.0,-0.0000000000000114,0.0000000000000000,-0.0144611722407197,-0.0053491975716062,33.3212781245950396,3.0000506954465060,2.231818,1.206748,-3.4385659200672,4.6932421004194,0,2.8e-11
1.0013376329390213,0.0,-0.0000000000000068,0.0000000000000000,-0.0144594656486917,-0.0053569991939678,33.3199242332642385,3.0000507082264987,2.250842,1.288876,-3.5397181600318,4.9010563391052,0,6.0e-11
1.0013373779577466,0.0,-0.0000000000000104,0.0000000000000000,-0.0144578775196934,-0.0053649144769879,33.3185220978733625,3.0000507213557923,2.273375,1.371888,-3.6452637400995,5.1188172492870,0,6.1e-11
1.0013370925399192,0.0,-0.0000000000000095,0.0000000000000000,-0.0144564421789763,-0.0053729507202370,33.3170641185777754,3.0000507348780361,2.300100,1.454759,-3.7548586026409,5.3460902904120,0,6.7e-11
1.0013367690542230,0.0,-0.0000000000000104,0.0000000000000000,-0.0144552075260859,-0.0053811190021074,33.3155397979078245,3.0000507488534014,2.331626,1.536240,-3.8678653449250,5.5819357632721,0,1.6e-11
1.0013363962989517,0.0,-0.0000000000000083,0.0000000000000000,-0.0144542440314590,-0.0053894357210965,33.3139341982471322,3.0000507633665343,2.368166,1.614966,-3.9831323225861,5.8245080127400,0,9.1e-12
1.0013361905323137,0.0,0.0000000000000011,0.0000000000000000,-0.0144539018461408,-0.0053935759474212,33.3131106869837623,3.0000507707163866,2.387728,1.652181,-4.0399091146563,5.9449591768543,0,3.6e-11
1.0013359596492935,0.0,0.0000000000000010,0.0000000000000000,-0.0144536645351666,-0.0053978743425998,33.3122356623858806,3.0000507784479895,2.408595,1.689275,-4.0978708603165,6.0687811055164,0,1.1e-11
1.0013356990830022,0.0,0.0000000000000014,0.0000000000000000,-0.0144535693044692,-0.0054023180034047,33.3113064065837392,3.0000507865622734,2.430180,1.725920,-4.1561000983179,6.1942961547110,0,1.0e-10
1.0013354099872878,0.0,0.0000000000000019,0.0000000000000000,-0.0144536605648033,-0.0054067850965828,33.3103428259665506,3.0000507948602428,2.450959,1.761043,-4.2120027277313,6.3162458579836,0,9.5e-11
1.0013350828890675,0.0,0.0000000000000009,0.0000000000000000,-0.0144539913700984,-0.0054113065257435,33.3093320457503026,3.0000508034230813,2.469609,1.794995,-4.2646038287861,6.4329352732591,0,7.7e-12
1.0013347223807316,0.0,0.0000000000000014,0.0000000000000000,-0.0144546083550034,-0.0054157017448956,33.3083086844755485,3.0000508119264144,2.483386,1.826742,-4.3101278605366,6.5365050816806,0,5.1e-12
1.0013343311336358,0.0,0.0000000000000026,0.0000000000000000,-0.0144555449187138,-0.0054198537097029,33.3072979310260209,3.0000508201391369,2.489750,1.856018,-4.3457682094745,6.6210212473910,0,3.3e-11
1.0013339169801254,0.0,0.0000000000000011,0.0000000000000000,-0.0144568029573496,-0.0054236366849111,33.3063337249652136,3.0000508277777351,2.486696,1.882623,-4.3693193146950,6.6815119154607,0,1.8e-11
1.0013334928925983,0.0,0.0000000000000025,0.0000000000000000,-0.0144583381153955,-0.0054269500644558,33.3054528210672558,3.0000508345659425,2.473723,1.906459,-4.3801813640929,6.7160500129710,0,5.9e-11
1.0013330744243785,0.0,0.0000000000000015,0.0000000000000000,-0.0144600626990441,-0.0054297514709024,33.3046852923101397,3.0000508403123418,2.452361,1.927541,-4.3799023583086,6.7270272806116,0,3.2e-11
1.0013326757028740,0.0,0.0000000000000022,0.0000000000000000,-0.0144618692904270,-0.0054320652848852,33.3040471503137070,3.0000508449561094,2.425748,1.945973,-4.3717208717199,6.7204396389055,0,3.4e-11
1.0013321743600065,0.0,-0.0000000000000008,0.0000000000000000,-0.0144643240019830,-0.0054345946195468,33.3033784106352186,3.0000508496766174,2.387093,1.967251,-4.3543439186007,6.6960108386731,0,2.3e-11
1.0013316849238054,0.0,-0.0000000000000004,0.0000000000000000,-0.0144668704578109,-0.0054367834335086,33.3028857134944545,3.0000508530486623,2.349661,1.985435,-4.3350961249173,6.6650993678971,0,3.0e-12
