x0,y0,z0,xd0,yd0,zd0,Tp,JC,stabilityIndex1,stabilityIndex2,alpha,beta,impactFlag,error
0.9966777167597707,0.0,0.0000000000000000,-0.0000017579252847,-0.0024507231724379,0.0000000000000000,6.5324083841669118,3.0001407354361249,2.000192,-1.956169,-0.0440228052460,-1.9127136800630,0,1.1e-11
0.9966777269173184,0.0,0.0000000000000000,-0.0000023218886993,-0.0024506448953803,0.0000000000000000,6.5317083841669117,3.0001407359638863,2.000333,-1.956975,-0.0433586969555,-1.9146018174416,0,1.6e-11
0.9966777372112180,0.0,0.0000000000000000,-0.0000028863237576,-0.0024505670809796,0.0000000000000000,6.5310083841669115,3.0001407364906965,2.000513,-1.957776,-0.0427366114566,-1.9165569834337,0,9.7e-12
0.9966777476417077,0.0,0.0000000000000000,-0.0000034512301793,-0.0024504897300222,0.0000000000000000,6.5303083841669114,3.0001407370165549,2.000730,-1.958574,-0.0421561571432,-1.9185784917640,0,5.3e-11
0.9966777582091726,0.0,0.0000000000000000,-0.0000040166133480,-0.0024504128437553,0.0000000000000000,6.5296083841669121,3.0001407375414590,2.000985,-1.959368,-0.0416169165343,-1.9206656052972,0,2.1e-11
0.9966777689137353,0.0,0.0000000000000000,-0.0000045824722020,-0.0024503364226240,0.0000000000000000,6.5289083841669120,3.0001407380654070,2.001276,-1.960158,-0.0411185043054,-1.9228176462362,0,1.4e-11
0.9966777797555547,0.0,0.0000000000000000,-0.0000051488088220,-0.0024502604671956,0.0000000000000000,6.5282083841669118,3.0001407385883976,2.001604,-1.960944,-0.0406605175287,-1.9250339008013,0,2.4e-11
0.9966777907351432,0.0,0.0000000000000000,-0.0000057156252137,-0.0024501849790826,0.0000000000000000,6.5275083841669117,3.0001407391104284,2.001969,-1.961726,-0.0402425559952,-1.9273136584069,0,1.8e-11
0.9966778018525138,0.0,0.0000000000000000,0.0000062829231643,-0.0024501099584237,0.0000000000000000,6.5268083841669116,3.0001407396314979,2.002368,-1.962504,-0.0398642282063,-1.9296562238688,0,2.1e-11
0.9966778131079483,0.0,0.0000000000000000,0.0000068507046509,-0.0024500354061544,0.0000000000000000,6.5261083841669114,3.0001407401516054,2.002804,-1.963278,-0.0395251335239,-1.9320608810584,0,9.2e-12
0.9966778245016125,0.0,0.0000000000000000,0.0000074189715869,-0.0024499613228659,0.0000000000000000,6.5254083841669122,3.0001407406707470,2.003274,-1.964049,-0.0392248875793,-1.9345269447383,0,2.3e-11
0.9966778360340294,0.0,0.0000000000000000,0.0000079877245985,-0.0024498877102053,0.0000000000000000,6.5247083841669120,3.0001407411889214,2.003778,-1.964815,-0.0389630861401,-1.9370536882640,0,1.6e-11
0.9966778477051327,0.0,0.0000000000000000,0.0000085569669238,-0.0024498145680879,0.0000000000000000,6.5240083841669119,3.0001407417061268,2.004317,-1.965578,-0.0387393466701,-1.9396404244488,0,1.8e-11
0.9966778595153829,0.0,0.0000000000000000,0.0000091266995623,-0.0024497418979788,0.0000000000000000,6.5233083841669117,3.0001407422223623,2.004889,-1.966336,-0.0385532726020,-1.9422864392831,0,1.5e-11
0.9966778714647441,0.0,0.0000000000000000,0.0000096969250483,-0.0024496696998813,0.0000000000000000,6.5226083841669116,3.0001407427376248,2.005495,-1.967091,-0.0384044792613,-1.9449910374394,0,3.5e-11
0.9966778835539799,0.0,0.0000000000000000,0.0000102676438412,-0.0024495979761639,0.0000000000000000,6.5219083841669114,3.0001407432519129,2.006134,-1.967841,-0.0382925694732,-1.9477534985780,0,1.4e-11
0.9966778957828685,0.0,0.0000000000000000,0.0000108388591474,-0.0024495267262841,0.0000000000000000,6.5212083841669122,3.0001407437652241,2.006805,-1.968588,-0.0382171682095,-1.9505731433353,0,1.7e-11
0.9966779081518212,0.0,0.0000000000000000,0.0000114105721833,-0.0024494559515695,0.0000000000000000,6.5205083841669120,3.0001407442775574,2.007509,-1.969331,-0.0381778811208,-1.9534492523917,0,1.4e-11
0.9966779206611049,0.0,0.0000000000000000,0.0000119827847147,-0.0024493856529235,0.0000000000000000,6.5198083841669119,3.0001407447889101,2.008244,-1.970070,-0.0381743272490,-1.9563811316527,0,3.5e-11
0.9966779333110055,0.0,0.0000000000000000,0.0000125554989260,-0.0024493158313132,0.0000000000000000,6.5191083841669117,3.0001407452992797,2.009011,-1.970805,-0.0382061133063,-1.9593680603123,0,1.4e-11
0.9966779461017171,0.0,0.0000000000000000,0.0000131287165193,-0.0024492464874286,0.0000000000000000,6.5184083841669116,3.0001407458086660,2.009809,-1.971536,-0.0382728653980,-1.9624093539173,0,1.3e-11
0.9966779590335516,0.0,0.0000000000000000,0.0000137024391624,-0.0024491776223106,0.0000000000000000,6.5177083841669115,3.0001407463170646,2.010637,-1.972263,-0.0383741980136,-1.9655043030439,0,1.3e-11
0.9966779721067583,0.0,0.0000000000000000,0.0000142766688943,-0.0024491092368206,0.0000000000000000,6.5170083841669122,3.0001407468244747,2.011496,-1.972986,-0.0385097307003,-1.9686522071434,0,1.4e-11
0.9966779853216005,0.0,0.0000000000000000,0.0000148514075345,-0.0024490413318596,0.0000000000000000,6.5163083841669120,3.0001407473308945,2.012384,-1.973705,-0.0386790833843,-1.9718523636139,0,1.9e-11
0.9966779986783835,0.0,0.0000000000000000,0.0000154266568937,-0.0024489739084572,0.0000000000000000,6.5156083841669119,3.0001407478363218,2.013302,-1.974420,-0.0388818719270,-1.9751040609506,0,7.0e-12
0.9966780121772968,0.0,0.0000000000000000,0.0000160024190174,-0.0024489069672993,0.0000000000000000,6.5149083841669118,3.0001407483407538,2.014249,-1.975131,-0.0391177242046,-1.9784066090572,0,1.7e-11
0.9966780258187088,0.0,0.0000000000000000,0.0000165786955355,-0.0024488405096043,0.0000000000000000,6.5142083841669116,3.0001407488441885,2.015225,-1.975839,-0.0393862605883,-1.9817593014574,0,1.7e-11
0.9966780396028139,0.0,0.0000000000000000,0.0000171554886419,-0.0024487745360794,0.0000000000000000,6.5135083841669115,3.0001407493466243,2.016229,-1.976542,-0.0396871012645,-1.9851614295541,0,1.5e-11
0.9966780535299555,0.0,0.0000000000000000,0.0000177327998637,-0.0024487090478686,0.0000000000000000,6.5128083841669122,3.0001407498480583,2.017261,-1.977241,-0.0400198722053,-1.9886122943607,0,1.9e-11
0.9966780676003260,0.0,0.0000000000000000,0.0000183106315537,-0.0024486440456790,0.0000000000000000,6.5121083841669121,3.0001407503484891,2.018321,-1.977937,-0.0403841993164,-1.9921111955772,0,2.1e-11
0.9966780818142900,0.0,0.0000000000000000,0.0000188889852614,-0.0024485795307220,0.0000000000000000,6.5114083841669119,3.0001407508479141,2.019408,-1.978628,-0.0407797135741,-1.9956574402486,0,3.7e-11
0.9966780961721864,0.0,0.0000000000000000,0.0000194678628522,-0.0024485155041401,0.0000000000000000,6.5107083841669118,3.0001407513463318,2.020522,-1.979316,-0.0412060257281,-1.9992502946753,0,1.2e-11
0.9966781106741465,0.0,0.0000000000000000,0.0000200472665735,-0.0024484519664581,0.0000000000000000,6.5100083841669116,3.0001407518437384,2.021662,-1.979999,-0.0416627827409,-2.0028890944922,0,1.6e-11
0.9966781253205097,0.0,0.0000000000000000,0.0000206271982440,-0.0024483889188216,0.0000000000000000,6.5093083841669115,3.0001407523401324,2.022828,-1.980679,-0.0421496013869,-2.0065731145839,0,1.8e-11
0.9966781401116156,0.0,0.0000000000000000,0.0000212076596445,-0.0024483263623780,0.0000000000000000,6.5086083841669122,3.0001407528355122,2.024020,-1.981354,-0.0426661153261,-2.0103016609759,0,1.7e-11
0.9966781550477174,0.0,0.0000000000000000,0.0000217886528285,-0.0024482642980203,0.0000000000000000,6.5079083841669121,3.0001407533298745,2.025238,-1.982026,-0.0432119519272,-2.0140740260464,0,1.5e-11
0.9966781701291034,0.0,0.0000000000000000,0.0000223701798223,-0.0024482027267495,0.0000000000000000,6.5072083841669119,3.0001407538232177,2.026480,-1.982694,-0.0437867460274,-2.0178895151477,0,1.6e-11
0.9966781853560944,0.0,0.0000000000000000,0.0000229522423651,-0.0024481416496590,0.0000000000000000,6.5065083841669118,3.0001407543155389,2.027747,-1.983357,-0.0443901267977,-2.0217474213729,0,1.8e-11
0.9966782007289364,0.0,0.0000000000000000,0.0000235348428491,-0.0024480810676331,0.0000000000000000,6.5058083841669117,3.0001407548068362,2.029039,-1.984017,-0.0450217291584,-2.0256470465974,0,1.5e-11
0.9966782162479991,0.0,0.0000000000000000,0.0000241179826801,-0.0024480209819095,0.0000000000000000,6.5051083841669115,3.0001407552971067,2.030354,-1.984673,-0.0456811814028,-2.0295876795824,0,2.1e-11
0.9966782319135861,0.0,0.0000000000000000,0.0000247016640124,-0.0024479613935445,0.0000000000000000,6.5044083841669122,3.0001407557863491,2.031692,-1.985324,-0.0463681173828,-2.0335686168527,0,7.4e-12
0.9966782477259010,0.0,0.0000000000000000,0.0000252858892421,-0.0024479023032964,0.0000000000000000,6.5037083841669121,3.0001407562745595,2.033054,-1.985972,-0.0470821820733,-2.0375891769248,0,9.1e-12
0.9966782636853191,0.0,0.0000000000000000,0.0000258706599462,-0.0024478437124297,0.0000000000000000,6.5030083841669120,3.0001407567617364,2.034439,-1.986616,-0.0478230001926,-2.0416486354027,0,9.8e-12
0.9966782797921671,0.0,0.0000000000000000,0.0000264559781595,-0.0024477856220724,0.0000000000000000,6.5023083841669118,3.0001407572478769,2.035846,-1.987256,-0.0485902159389,-2.0457463062574,0,1.4e-11
0.9966782960467245,0.0,0.0000000000000000,0.0000270418459991,-0.0024477280332131,0.0000000000000000,6.5016083841669117,3.0001407577329795,2.037275,-1.987891,-0.0493834610505,-2.0498814764253,0,1.8e-11
0.9966783124493189,0.0,0.0000000000000000,0.0000276282653858,-0.0024476709469826,0.0000000000000000,6.5009083841669115,3.0001407582170403,2.038726,-1.988523,-0.0502023706181,-2.0540534384008,0,1.4e-11
0.9966783290002668,0.0,0.0000000000000000,0.0000282152383773,-0.0024476143644834,0.0000000000000000,6.5002083841669123,3.0001407587000579,2.040198,-1.989151,-0.0510465920958,-2.0582615078568,0,1.7e-11
0.9966783456998697,0.0,0.0000000000000000,0.0000288027670141,-0.0024475582867736,0.0000000000000000,6.4995083841669121,3.0001407591820293,2.041691,-1.989775,-0.0519157522145,-2.0625049580594,0,8.5e-12
0.9966783625484614,0.0,0.0000000000000000,0.0000293908532657,-0.0024475027150091,0.0000000000000000,6.4988083841669120,3.0001407596629521,2.043204,-1.990395,-0.0528095048136,-2.0667831137422,0,1.9e-11
0.9966783795463664,0.0,0.0000000000000000,0.0000299794992496,-0.0024474476503233,0.0000000000000000,6.4981083841669118,3.0001407601428229,2.044738,-1.991011,-0.0537274780275,-2.0710952484082,0,9.5e-12
0.9966783966938835,0.0,0.0000000000000000,0.0000305687070269,-0.0024473930937704,0.0000000000000000,6.4974083841669117,3.0001407606216408,2.046292,-1.991622,-0.0546693214934,-2.0754406766712,0,1.6e-11
0.9966784139913766,0.0,0.0000000000000000,0.0000311584784321,-0.0024473390466007,0.0000000000000000,6.4967083841669115,3.0001407610994013,2.047865,-1.992230,-0.0556346728529,-2.0798186869463,0,2.8e-11
0.9966784314391303,0.0,0.0000000000000000,0.0000317488160249,-0.0024472855098409,0.0000000000000000,6.4960083841669114,3.0001407615761031,2.049457,-1.992834,-0.0566231703809,-2.0842285690327,0,1.7e-11
0.9966784490375277,0.0,0.0000000000000000,0.0000323397213544,-0.0024472324847955,0.0000000000000000,6.4953083841669121,3.0001407620517435,2.051068,-1.993434,-0.0576344600274,-2.0886696261547,0,3.2e-12
0.9966784667868475,0.0,0.0000000000000000,0.0000329311967637,-0.0024471799724702,0.0000000000000000,6.4946083841669120,3.0001407625263190,2.052698,-1.994030,-0.0586681897454,-2.0931411633199,0,1.3e-11
0.9966784846874701,0.0,0.0000000000000000,0.0000335232442304,-0.0024471279741759,0.0000000000000000,6.4939083841669119,3.0001407629998278,2.054346,-1.994622,-0.0597240008621,-2.0976424719162,0,1.5e-11
0.9966785027397075,0.0,0.0000000000000000,0.0000341158659195,-0.0024470764910201,0.0000000000000000,6.4932083841669117,3.0001407634722659,2.056011,-1.995210,-0.0608015322570,-2.1021728379228,0,1.6e-11
0.9966785209439507,0.0,0.0000000000000000,0.0000347090637373,-0.0024470255243459,0.0000000000000000,6.4925083841669116,3.0001407639436315,2.057694,-1.995793,-0.0619004326694,-2.1067315645153,0,8.4e-12
0.9966785393004354,0.0,0.0000000000000000,0.0000353028402309,-0.0024469750750406,0.0000000000000000,6.4918083841669114,3.0001407644139224,2.059394,-1.996373,-0.0630203537590,-2.1113179592180,0,1.4e-11
0.9966785578095573,0.0,0.0000000000000000,0.0000358971972893,-0.0024469251444655,0.0000000000000000,6.4911083841669122,3.0001407648831346,2.061110,-1.996949,-0.0641609342115,-2.1159313034166,0,2.6e-11
0.9966785764717627,0.0,0.0000000000000000,0.0000364921366516,-0.0024468757341340,0.0000000000000000,6.4904083841669120,3.0001407653512664,2.062843,-1.997521,-0.0653218207660,-2.1205708933587,0,1.8e-11
0.9966785952872816,0.0,0.0000000000000000,0.0000370876608943,-0.0024468268449207,0.0000000000000000,6.4897083841669119,3.0001407658183141,2.064591,-1.998089,-0.0665026609438,-2.1252360251616,0,2.4e-11
0.9966786142564956,0.0,0.0000000000000000,0.0000376837721443,-0.0024467784781566,0.0000000000000000,6.4890083841669117,3.0001407662842747,2.066355,-1.998652,-0.0677031015980,-2.1299259922796,0,1.3e-11
0.9966786333797756,0.0,0.0000000000000000,0.0000382804723795,-0.0024467306351338,0.0000000000000000,6.4883083841669116,3.0001407667491469,2.068135,-1.999212,-0.0689227959322,-2.1346401001805,0,1.6e-11
0.9966786526574418,0.0,0.0000000000000000,0.0000388777640307,-0.0024466833170081,0.0000000000000000,6.4876083841669114,3.0001407672129257,2.069929,-1.999768,-0.0701613875422,-2.1393776334719,0,1.2e-11
0.9966786720899357,0.0,0.0000000000000000,0.0000394756486560,-0.0024466365252753,0.0000000000000000,6.4869083841669122,3.0001407676756098,2.071738,-2.000319,-0.0714185288960,-2.1441378937616,0,1.5e-11
0.9966786916775382,0.0,0.0000000000000000,0.0000400741290032,-0.0024465902609857,0.0000000000000000,6.4862083841669120,3.0001407681371952,2.073561,-2.000867,-0.0726938681496,-2.1489201729787,0,2.4e-11
0.9966787114206425,0.0,0.0000000000000000,0.0000406732070869,-0.0024465445255074,0.0000000000000000,6.4855083841669119,3.0001407685976793,2.075398,-2.001411,-0.0739870497673,-2.1537237552166,0,1.6e-11
0.9966787313196228,0.0,0.0000000000000000,0.0000412728850645,-0.0024464993201586,0.0000000000000000,6.4848083841669117,3.0001407690570598,2.077248,-2.001950,-0.0752977281743,-2.1585479412021,0,8.8e-12
0.9966787513748431,0.0,0.0000000000000000,0.0000418731650956,-0.0024464546462259,0.0000000000000000,6.4841083841669116,3.0001407695153328,2.079112,-2.002486,-0.0766255568155,-2.1633920302852,0,1.2e-11
0.9966787715866734,0.0,0.0000000000000000,0.0000424740494565,-0.0024464105050219,0.0000000000000000,6.4834083841669115,3.0001407699724960,2.080988,-2.003018,-0.0779701846964,-2.1682553125502,0,1.7e-11
0.9966787919554921,0.0,0.0000000000000000,0.0000430755403116,-0.0024463668978817,0.0000000000000000,6.4827083841669122,3.0001407704285454,2.082876,-2.003545,-0.0793312611575,-2.1731370758605,0,1.8e-11
0.9966788124816812,0.0,0.0000000000000000,0.0000436776398716,-0.0024463238261547,0.0000000000000000,6.4820083841669121,3.0001407708834789,2.084777,-2.004069,-0.0807084370304,-2.1780366117690,0,1.1e-11
0.9966788331656130,0.0,0.0000000000000000,0.0000442803503880,-0.0024462812911644,0.0000000000000000,6.4813083841669119,3.0001407713372927,2.086690,-2.004588,-0.0821013708172,-2.1829532238755,0,2.0e-11
0.9966788540076773,0.0,0.0000000000000000,0.0000448836740795,-0.0024462392942886,0.0000000000000000,6.4806083841669118,3.0001407717899840,2.088613,-2.005104,-0.0835097069273,-2.1878861898436,0,2.0e-11
0.9966788750082609,0.0,0.0000000000000000,0.0000454876131464,-0.0024461978368956,0.0000000000000000,6.4799083841669116,3.0001407722415498,2.090548,-2.005615,-0.0849331020561,-2.1928348080110,0,2.0e-11
0.9966788961677419,0.0,0.0000000000000000,0.0000460921699672,-0.0024461569203366,0.0000000000000000,6.4792083841669115,3.0001407726919869,2.092494,-2.006122,-0.0863712077242,-2.1977983669175,0,1.1e-11
0.9966789174865168,0.0,0.0000000000000000,0.0000466973466902,-0.0024461165460124,0.0000000000000000,6.4785083841669122,3.0001407731412919,2.094449,-2.006626,-0.0878236806133,-2.2027761636831,0,1.4e-11
0.9966789389649841,0.0,0.0000000000000000,0.0000473031455951,-0.0024460767153348,0.0000000000000000,6.4778083841669121,3.0001407735894619,2.096415,-2.007125,-0.0892901716150,-2.2077674839013,0,1.2e-11
0.9966789606035364,0.0,0.0000000000000000,0.0000479095689759,-0.0024460374297025,0.0000000000000000,6.4771083841669119,3.0001407740364927,2.098391,-2.007620,-0.0907703367402,-2.2127716213085,0,1.5e-11
0.9966789824025705,0.0,0.0000000000000000,0.0000485166191231,-0.0024459986905262,0.0000000000000000,6.4764083841669118,3.0001407744823818,2.100375,-2.008112,-0.0922638240284,-2.2177878539407,0,1.6e-11
0.9966790043624929,0.0,0.0000000000000000,0.0000491242983209,-0.0024459604992501,0.0000000000000000,6.4757083841669116,3.0001407749271265,2.102369,-2.008599,-0.0937702945573,-2.2228154841263,0,8.4e-12
0.9966790264837110,0.0,0.0000000000000000,0.0000497326088489,-0.0024459228573211,0.0000000000000000,6.4750083841669115,3.0001407753707223,2.104371,-2.009082,-0.0952894013909,-2.2278537971531,0,3.9e-12
0.9966790487666199,0.0,0.0000000000000000,0.0000503415530579,-0.0024458857661522,0.0000000000000000,6.4743083841669122,3.0001407758131671,2.106382,-2.009561,-0.0968207980073,-2.2329020795051,0,9.3e-12
0.9966790712116316,0.0,0.0000000000000000,0.0000509511332728,-0.0024458492272117,0.0000000000000000,6.4736083841669121,3.0001407762544559,2.108400,-2.010036,-0.0983641413408,-2.2379596221121,0,1.4e-11
0.9966790938191737,0.0,0.0000000000000000,0.0000515613517482,-0.0024458132420132,0.0000000000000000,6.4729083841669119,3.0001407766945865,2.110426,-2.010507,-0.0999190817553,-2.2430257037319,0,1.3e-11
0.9966791165896461,0.0,0.0000000000000000,0.0000521722109028,-0.0024457778119931,0.0000000000000000,6.4722083841669118,3.0001407771335558,2.112459,-2.010974,-0.1014852799085,-2.2480996209362,0,1.4e-11
0.9966791395234778,0.0,0.0000000000000000,0.0000527837130456,-0.0024457429386756,0.0000000000000000,6.4715083841669117,3.0001407775713598,2.114499,-2.011437,-0.1030623916604,-2.2531806610749,0,1.4e-11
0.9966791626210874,0.0,0.0000000000000000,0.0000533958605194,-0.0024457086235556,0.0000000000000000,6.4708083841669115,3.0001407780079949,2.116545,-2.011895,-0.1046500667168,-2.2582680988565,0,8.9e-12
0.9966791858828946,0.0,0.0000000000000000,0.0000540086557092,-0.0024456748681349,0.0000000000000000,6.4701083841669123,3.0001407784434577,2.118598,-2.012350,-0.1062479724297,-2.2633612411039,0,1.8e-11
0.9966792093093306,0.0,0.0000000000000000,0.0000546221009682,-0.0024456416739517,0.0000000000000000,6.4694083841669121,3.0001407788777450,2.120657,-2.012801,-0.1078557499927,-2.2684593454819,0,1.8e-11
0.9966792329008273,0.0,0.0000000000000000,0.0000552361987029,-0.0024456090425487,0.0000000000000000,6.4687083841669120,3.0001407793108532,2.122721,-2.013247,-0.1094730645634,-2.2735617134454,0,1.5e-11
0.9966792566578171,0.0,0.0000000000000000,0.0000558509512744,-0.0024455769754725,0.0000000000000000,6.4680083841669118,3.0001407797427779,2.124790,-2.013690,-0.1110995724436,-2.2786676287607,0,1.4e-11
0.9966792805807283,0.0,0.0000000000000000,0.0000564663611154,-0.0024455454742600,0.0000000000000000,6.4673083841669117,3.0001407801735169,2.126863,-2.014129,-0.1127349305139,-2.2837763762713,0,2.3e-11
0.9966793046700136,0.0,0.0000000000000000,0.0000570824306079,-0.0024455145405247,0.0000000000000000,6.4666083841669115,3.0001407806030658,2.128942,-2.014563,-0.1143787890887,-2.2888872276000,0,1.5e-11
0.9966793289261038,0.0,0.0000000000000000,0.0000576991621877,-0.0024454841758142,0.0000000000000000,6.4659083841669123,3.0001407810314200,2.131024,-2.014993,-0.1160308077575,-2.2939994705304,0,9.7e-12
0.9966793533494468,0.0,0.0000000000000000,0.0000583165582403,-0.0024454543817306,0.0000000000000000,6.4652083841669121,3.0001407814585783,2.133110,-2.015420,-0.1176906482651,-2.2991123968687,0,1.6e-11
0.9966793779404945,0.0,0.0000000000000000,0.0000589346212523,-0.0024454251598946,0.0000000000000000,6.4645083841669120,3.0001407818845354,2.135200,-2.015842,-0.1193579565186,-2.3042252677737,0,3.4e-12
0.9966794026996825,0.0,0.0000000000000000,0.0000595533536710,-0.0024453965118744,0.0000000000000000,6.4638083841669118,3.0001407823092872,2.137292,-2.016260,-0.1210324042424,-2.3093373925052,0,1.8e-11
0.9966794276274866,0.0,0.0000000000000000,0.0000601727579106,-0.0024453684393662,0.0000000000000000,6.4631083841669117,3.0001407827328301,2.139388,-2.016674,-0.1227136330987,-2.3144480224978,0,8.9e-12
0.9966794527243454,0.0,0.0000000000000000,0.0000607928365112,-0.0024453409439559,0.0000000000000000,6.4624083841669115,3.0001407831551616,2.141485,-2.017084,-0.1244013085034,-2.3195564543588,0,6.6e-12
0.9966794779907255,0.0,0.0000000000000000,0.0000614135918786,-0.0024453140273129,0.0000000000000000,6.4617083841669114,3.0001407835762768,2.143585,-2.017490,-0.1260950845626,-2.3246619611614,0,7.6e-12
0.9966795034271099,0.0,0.0000000000000000,0.0000620350264141,-0.0024452876911597,0.0000000000000000,6.4610083841669121,3.0001407839961720,2.145687,-2.017892,-0.1277946200269,-2.3297638257282,0,1.2e-11
0.9966795290339361,0.0,0.0000000000000000,0.0000626571427553,-0.0024452619370888,0.0000000000000000,6.4603083841669120,3.0001407844148433,2.147789,-2.018290,-0.1294995676081,-2.3348613182049,0,1.3e-11
0.9966795548116832,0.0,0.0000000000000000,0.0000632799433817,-0.0024452367668176,0.0000000000000000,6.4596083841669119,3.0001407848322872,2.149893,-2.018684,-0.1312095840450,-2.3399537155295,0,1.4e-11
0.9966795807608313,0.0,0.0000000000000000,0.0000639034307549,-0.0024452121820669,0.0000000000000000,6.4589083841669117,3.0001407852484996,2.151997,-2.019073,-0.1329243317407,-2.3450403054854,0,1.7e-11
0.9966796068818405,0.0,0.0000000000000000,0.0000645276074825,-0.0024451881845053,0.0000000000000000,6.4582083841669116,3.0001407856634761,2.154102,-2.019459,-0.1346434594070,-2.3501203484682,0,1.2e-11
0.9966796331751999,0.0,0.0000000000000000,0.0000651524760252,-0.0024451647758839,0.0000000000000000,6.4575083841669114,3.0001407860772136,2.156207,-2.019840,-0.1363666286489,-2.3551931293846,0,1.9e-11
0.9966796596413958,0.0,0.0000000000000000,0.0000657780389376,-0.0024451419579546,0.0000000000000000,6.4568083841669122,3.0001407864897072,2.158311,-2.020218,-0.1380934901686,-2.3602579123746,0,1.4e-11
0.9966796862808915,0.0,0.0000000000000000,0.0000664042987048,-0.0024451197323926,0.0000000000000000,6.4561083841669120,3.0001407869009533,2.160415,-2.020591,-0.1398237128341,-2.3653139937475,0,6.1e-11
0.9966797130942221,0.0,0.0000000000000000,0.0000670312580550,-0.0024450981011159,0.0000000000000000,6.4554083841669119,3.0001407873109485,2.162517,-2.020960,-0.1415569336343,-2.3703606112715,0,3.9e-11
0.9966797400818348,0.0,0.0000000000000000,0.0000676589195099,-0.0024450770657557,0.0000000000000000,6.4547083841669117,3.0001407877196868,2.164618,-2.021325,-0.1432928189736,-2.3753970561927,0,1.9e-11
0.9966797672442437,0.0,0.0000000000000000,0.0000682872855753,-0.0024450566281528,0.0000000000000000,6.4540083841669116,3.0001407881271662,2.166717,-2.021686,-0.1450310253080,-2.3804226013469,0,1.2e-11
0.9966797945819432,0.0,0.0000000000000000,0.0000689163588621,-0.0024450367900953,0.0000000000000000,6.4533083841669114,3.0001407885333813,2.168814,-2.022043,-0.1467712056878,-2.3854365116392,0,9.1e-12
0.9966798220954375,0.0,0.0000000000000000,0.0000695461419936,-0.0024450175534045,0.0000000000000000,6.4526083841669122,3.0001407889383285,2.170909,-2.022396,-0.1485130211081,-2.3904380674110,0,1.7e-11
0.9966798497852256,0.0,0.0000000000000000,0.0000701766376113,-0.0024449989198875,0.0000000000000000,6.4519083841669120,3.0001407893420038,2.173001,-2.022745,-0.1502561159951,-2.3954265173644,0,1.4e-11
0.9966798776518282,0.0,0.0000000000000000,0.0000708078482895,-0.0024449808914179,0.0000000000000000,6.4512083841669119,3.0001407897444019,2.175090,-2.023090,-0.1520001547816,-2.4004011468555,0,1.1e-11
0.9966799056957506,0.0,0.0000000000000000,0.0000714397766955,-0.0024449634698284,0.0000000000000000,6.4505083841669117,3.0001407901455193,2.177175,-2.023430,-0.1537447862009,-2.4053612120172,0,1.2e-11
0.9966799339175015,0.0,0.0000000000000000,0.0000720724254954,-0.0024449466569635,0.0000000000000000,6.4498083841669116,3.0001407905453514,2.179256,-2.023767,-0.1554896682176,-2.4103059850552,0,1.1e-11
0.9966799623176112,0.0,0.0000000000000000,0.0000727057973438,-0.0024449304547367,0.0000000000000000,6.4491083841669115,3.0001407909438944,2.181333,-2.024099,-0.1572344518511,-2.4152347253565,0,6.7e-12
0.9966799908965996,0.0,0.0000000000000000,0.0000733398947863,-0.0024449148650244,0.0000000000000000,6.4484083841669122,3.0001407913411438,2.183406,-2.024427,-0.1589787980502,-2.4201467098719,0,1.4e-11
0.9966800196549901,0.0,0.0000000000000000,0.0000739747206558,-0.0024448998897324,0.0000000000000000,6.4477083841669121,3.0001407917370946,2.185474,-2.024751,-0.1607223508818,-2.4250411849293,0,1.1e-11
0.9966800485933136,0.0,0.0000000000000000,0.0000746102775716,-0.0024448855307799,0.0000000000000000,6.4470083841669119,3.0001407921317429,2.187536,-2.025072,-0.1624647693438,-2.4299174228915,0,1.1e-11
0.9966800777120991,0.0,0.0000000000000000,0.0000752465682755,-0.0024448717900890,0.0000000000000000,6.4463083841669118,3.0001407925250838,2.189593,-2.025387,-0.1642057044371,-2.4347746814903,0,6.1e-12
0.9966801070118928,0.0,0.0000000000000000,0.0000758835954039,-0.0024448586696312,0.0000000000000000,6.4456083841669116,3.0001407929171138,2.191644,-2.025699,-0.1659448119572,-2.4396122271842,0,8.0e-12
0.9966801364932213,0.0,0.0000000000000000,0.0000765213617515,-0.0024448461713269,0.0000000000000000,6.4449083841669115,3.0001407933078270,2.193689,-2.026007,-0.1676817398813,-2.4444293116354,0,1.3e-11
0.9966801661566400,0.0,0.0000000000000000,0.0000771598700144,-0.0024448342971851,0.0000000000000000,6.4442083841669122,3.0001407936972200,2.195727,-2.026311,-0.1694161449902,-2.4492252015887,0,1.3e-11
0.9966801960026905,0.0,0.0000000000000000,0.0000777991229607,-0.0024448230491764,0.0000000000000000,6.4435083841669121,3.0001407940852878,2.197758,-2.026610,-0.1711476717905,-2.4539991420768,0,4.6e-12
0.9966802260319250,0.0,0.0000000000000000,0.0000784391233061,-0.0024448124293016,0.0000000000000000,6.4428083841669119,3.0001407944720260,2.199782,-2.026906,-0.1728759791208,-2.4587504033316,0,9.9e-12
0.9966802562449060,0.0,0.0000000000000000,0.0000790798738007,-0.0024448024396021,0.0000000000000000,6.4421083841669118,3.0001407948574292,2.201798,-2.027197,-0.1746007147216,-2.4634782346296,0,1.7e-11
0.9966802866421737,0.0,0.0000000000000000,0.0000797213773487,-0.0024447930820558,0.0000000000000000,6.4414083841669116,3.0001407952414940,2.203806,-2.027484,-0.1763215304333,-2.4681818940892,0,1.5e-11
0.9966803172243018,0.0,0.0000000000000000,0.0000803636366284,-0.0024447843587375,0.0000000000000000,6.4407083841669115,3.0001407956242145,2.205806,-2.027767,-0.1780380698911,-2.4728606230857,0,9.9e-12
0.9966803479918628,0.0,0.0000000000000000,0.0000810066544253,-0.0024447762717253,0.0000000000000000,6.4400083841669122,3.0001407960055864,2.207796,-2.028046,-0.1797499902384,-2.4775136871017,0,9.4e-12
0.9966803789454117,0.0,0.0000000000000000,0.0000816504336094,-0.0024447688230492,0.0000000000000000,6.4393083841669121,3.0001407963856050,2.209778,-2.028321,-0.1814569406369,-2.4821403383516,0,1.7e-11
0.9966804100855359,0.0,0.0000000000000000,0.0000822949769868,-0.0024447620148399,0.0000000000000000,6.4386083841669119,3.0001407967642653,2.211751,-2.028592,-0.1831585648690,-2.4867398172989,0,8.5e-12
0.9966804414128034,0.0,0.0000000000000000,0.0000829402873898,-0.0024447558491706,0.0000000000000000,6.4379083841669118,3.0001407971415626,2.213713,-2.028859,-0.1848545128863,-2.4913113767961,0,7.5e-12
0.9966804729277974,0.0,0.0000000000000000,0.0000835863676634,-0.0024447503281629,0.0000000000000000,6.4372083841669117,3.0001407975174916,2.215666,-2.029121,-0.1865444373800,-2.4958542733424,0,1.7e-11
0.9966805046311050,0.0,0.0000000000000000,0.0000842332206672,-0.0024447454539570,0.0000000000000000,6.4365083841669115,3.0001407978920480,2.217608,-2.029380,-0.1882279753019,-2.5003677357325,0,6.9e-12
0.9966805365233113,0.0,0.0000000000000000,0.0000848808492782,-0.0024447412286875,0.0000000000000000,6.4358083841669123,3.0001407982652273,2.219539,-2.029634,-0.1899047828714,-2.5048510263290,0,1.3e-11
0.9966805686050139,0.0,0.0000000000000000,0.0000855292563643,-0.0024447376545299,0.0000000000000000,6.4351083841669121,3.0001407986370228,2.221459,-2.029884,-0.1915745000051,-2.5093033789370,0,1.1e-11
0.9966806008768008,0.0,0.0000000000000000,0.0000861784448553,-0.0024447347336368,0.0000000000000000,6.4344083841669120,3.0001407990074314,2.223367,-2.030130,-0.1932367780547,-2.5137240467469,0,1.8e-11
0.9966806333392880,0.0,0.0000000000000000,0.0000868284175942,-0.0024447324682448,0.0000000000000000,6.4337083841669118,3.0001407993764464,2.225263,-2.030372,-0.1948912524032,-2.5181122549494,0,9.4e-12
0.9966806659930671,0.0,0.0000000000000000,0.0000874791775598,-0.0024447308605234,0.0000000000000000,6.4330083841669117,3.0001407997440639,2.227147,-2.030610,-0.1965375790512,-2.5224672644817,0,1.4e-11
0.9966806988387521,0.0,0.0000000000000000,0.0000881307276529,-0.0024447299127103,0.0000000000000000,6.4323083841669115,3.0001408001102781,2.229019,-2.030843,-0.1981753925782,-2.5267882988026,0,1.2e-11
0.9966807318769479,0.0,0.0000000000000000,0.0000887830708380,-0.0024447296270202,0.0000000000000000,6.4316083841669123,3.0001408004750840,2.230877,-2.031073,-0.1998043438072,-2.5310746095213,0,2.3e-11
0.9966807651082896,0.0,0.0000000000000000,0.0000894362100527,-0.0024447300057664,0.0000000000000000,6.4309083841669121,3.0001408008384765,2.232722,-2.031298,-0.2014240688035,-2.5353254222588,0,1.3e-11
0.9966807985333817,0.0,0.0000000000000000,0.0000900901482782,-0.0024447310511652,0.0000000000000000,6.4302083841669120,3.0001408012004500,2.234554,-2.031520,-0.2030342131124,-2.5395399791706,0,1.0e-11
0.9966808321528537,0.0,0.0000000000000000,0.0000907448884836,-0.0024447327655176,0.0000000000000000,6.4295083841669118,3.0001408015610003,2.236371,-2.031737,-0.2046344145488,-2.5437175086586,0,9.8e-12
0.9966808659673361,0.0,0.0000000000000000,0.0000914004336709,-0.0024447351511291,0.0000000000000000,6.4288083841669117,3.0001408019201210,2.238174,-2.031950,-0.2062243188105,-2.5478572519709,0,1.4e-11
0.9966808999774615,0.0,0.0000000000000000,0.0000920567868439,-0.0024447382103153,0.0000000000000000,6.4281083841669115,3.0001408022778069,2.239962,-2.032159,-0.2078035604515,-2.5519584328574,0,9.5e-12
0.9966809341838683,0.0,0.0000000000000000,0.0000927139510247,-0.0024447419454142,0.0000000000000000,6.4274083841669114,3.0001408026340526,2.241735,-2.032363,-0.2093717817846,-2.5560202857402,0,6.6e-12
0.9966809685871985,0.0,0.0000000000000000,0.0000933719292373,-0.0024447463587751,0.0000000000000000,6.4267083841669121,3.0001408029888537,2.243493,-2.032564,-0.2109286199591,-2.5600420379927,0,6.0e-12
0.9966810031880999,0.0,0.0000000000000000,0.0000940307245340,-0.0024447514527727,0.0000000000000000,6.4260083841669120,3.0001408033422026,2.245234,-2.032760,-0.2124737157643,-2.5640229222269,0,4.6e-12
0.9966810379872159,0.0,0.0000000000000000,0.0000946903399694,-0.0024447572297650,0.0000000000000000,6.4253083841669119,3.0001408036940962,2.246959,-2.032953,-0.2140067011601,-2.5679621559771,0,1.2e-11
0.9966810729852082,0.0,0.0000000000000000,0.0000953507786139,-0.0024447636921775,0.0000000000000000,6.4246083841669117,3.0001408040445270,2.248668,-2.033141,-0.2155272151637,-2.5718589685901,0,1.7e-11
0.9966811081827354,0.0,0.0000000000000000,0.0000960120435629,-0.0024447708424250,0.0000000000000000,6.4239083841669116,3.0001408043934910,2.250360,-2.033325,-0.2170348884061,-2.5757125756415,0,9.9e-12
0.9966811435804602,0.0,0.0000000000000000,0.0000966741378995,-0.0024447786829387,0.0000000000000000,6.4232083841669114,3.0001408047409814,2.252034,-2.033505,-0.2185293614653,-2.5795222086069,0,1.0e-11
0.9966811791790494,0.0,0.0000000000000000,0.0000973370647304,-0.0024447872161652,0.0000000000000000,6.4225083841669122,3.0001408050869935,2.253691,-2.033681,-0.2200102650629,-2.5832870828344,0,1.2e-11
0.9966812149791960,0.0,0.0000000000000000,0.0000980008271560,-0.0024447964446392,0.0000000000000000,6.4218083841669120,3.0001408054315206,2.255329,-2.033852,-0.2214772319932,-2.5870064160956,0,1.2e-11
0.9966812509815182,0.0,0.0000000000000000,0.0000986654284473,-0.0024448063706622,0.0000000000000000,6.4211083841669119,3.0001408057745578,2.256949,-2.034020,-0.2229298982284,-2.5906794332807,0,1.5e-11
0.9966812776870387,0.0,-0.0000000000000000,0.0000991565487388,-0.0024448141467085,0.0000000000000000,6.4205916739409910,3.0001408060268138,2.258133,-2.034141,-0.2239928011235,-2.5933605194119,0,1.5e-11
0.9966813050687966,0.0,-0.0000000000000000,0.0000996584768424,-0.0024448224810482,0.0000000000000000,6.4200640921350489,3.0001408062835337,2.259331,-2.034262,-0.2250696639072,-2.5960712044974,0,1.6e-11
0.9966813331462159,0.0,0.0000000000000000,0.0001001714622891,-0.0024448314033370,-0.0000000000000000,6.4195254094357725,3.0001408065447732,2.260543,-2.034383,-0.2261602570898,-2.5988106196387,0,7.0e-12
0.9966813619393753,0.0,-0.0000000000000000,0.0001006957609094,-0.0024448409447019,-0.0000000000000000,6.4189753916618040,3.0001408068105881,2.261769,-2.034504,-0.2272643235473,-2.6015778101689,0,1.2e-11
0.9966813914690298,0.0,0.0000000000000000,0.0001012316350344,-0.0024448511378034,0.0000000000000000,6.4184137996586115,3.0001408070810318,2.263007,-2.034625,-0.2283815538833,-2.6043716887064,0,1.3e-11
0.9966814217566404,0.0,-0.0000000000000000,0.0001017793536798,-0.0024448620169213,-0.0000000000000000,6.4178403891908626,3.0001408073561588,2.264258,-2.034746,-0.2295116000398,-2.6071910588552,0,1.2e-11
0.9966814528244011,0.0,-0.0000000000000000,0.0001023391927402,-0.0024448736180277,-0.0000000000000000,6.4172549108324075,3.0001408076360208,2.265521,-2.034867,-0.2306540721639,-2.6100346031640,0,1.5e-11
0.9966814846952688,0.0,0.0000000000000000,0.0001029114351985,-0.0024448859788761,0.0000000000000000,6.4166571098537517,3.0001408079206695,2.266796,-2.034987,-0.2318085135359,-2.6129008423824,0,1.1e-11
0.9966815173929933,0.0,0.0000000000000000,0.0001034963713505,-0.0024448991390870,-0.0000000000000000,6.4160467261069787,3.0001408082101557,2.268081,-2.035107,-0.2329744328961,-2.6157881818140,0,1.5e-11
0.9966815509421507,0.0,0.0000000000000000,0.0001040942990050,-0.0024449131402449,0.0000000000000000,6.4154234939078929,3.0001408085045282,2.269377,-2.035226,-0.2341512636666,-2.6186948447074,0,1.3e-11
0.9966815853681753,0.0,0.0000000000000000,0.0001047055237401,-0.0024449280259898,0.0000000000000000,6.4147871419156139,3.0001408088038342,2.270682,-2.035344,-0.2353383877418,-2.6216189042673,0,1.7e-11
0.9966816206973983,0.0,0.0000000000000000,0.0001053303591179,-0.0024449438421320,0.0000000000000000,6.4141373930091881,3.0001408091081201,2.271996,-2.035461,-0.2365351121856,-2.6245582443251,0,1.5e-11
0.9966816569570824,0.0,-0.0000000000000000,0.0001059691269486,-0.0024449606367551,-0.0000000000000000,6.4134739641614651,3.0001408094174287,2.273317,-2.035576,-0.2377406734554,-2.6275105597795,0,1.4e-11
0.9966816941754597,0.0,-0.0000000000000000,0.0001066221575400,-0.0024449784603240,0.0000000000000000,6.4127965663099280,3.0001408097318030,2.274645,-2.035691,-0.2389542289073,-2.6304733402472,0,1.2e-11
0.9966817323817737,0.0,-0.0000000000000000,0.0001072897899814,-0.0024449973658151,-0.0000000000000000,6.4121049042245648,3.0001408100512816,2.275978,-2.035803,-0.2401748548650,-2.6334438617915,0,1.1e-11
0.9966817716063235,0.0,0.0000000000000000,0.0001079723723985,-0.0024450174088441,0.0000000000000000,6.4113986763724524,3.0001408103759037,2.277316,-2.035914,-0.2414015372747,-2.6364191659505,0,1.2e-11
0.9966818118805061,0.0,0.0000000000000000,0.0001086702622552,-0.0024450386477943,0.0000000000000000,6.4106775747792533,3.0001408107057017,2.278656,-2.036023,-0.2426331574441,-2.6393960328744,0,1.4e-11
0.9966818532368649,0.0,-0.0000000000000000,0.0001093838266641,-0.0024450611439654,-0.0000000000000000,6.4099412848873829,3.0001408110407084,2.279998,-2.036129,-0.2438685008562,-2.6423709894596,0,8.1e-12
0.9966818957091373,0.0,0.0000000000000000,0.0001101134426765,-0.0024450849617128,0.0000000000000000,6.4091894854106384,3.0001408113809522,2.281340,-2.036233,-0.2451062449797,-2.6453402822982,0,1.3e-11
0.9966819393323094,0.0,0.0000000000000000,0.0001108594976363,-0.0024451101686190,-0.0000000000000000,6.4084218481854593,3.0001408117264585,2.282680,-2.036335,-0.2463449358307,-2.6482998370363,0,1.1e-11
0.9966819841426665,0.0,0.0000000000000000,0.0001116223895017,-0.0024451368356447,0.0000000000000000,6.4076380380184252,3.0001408120772486,2.284016,-2.036433,-0.2475830031857,-2.6512452725807,0,1.8e-11
0.9966820301778541,0.0,0.0000000000000000,0.0001124025272043,-0.0024451650373179,0.0000000000000000,6.4068377125300371,3.0001408124333393,2.285347,-2.036528,-0.2488187298191,-2.6541718474649,0,1.7e-11
0.9966820774769354,0.0,0.0000000000000000,0.0001132003310214,-0.0024451948519119,0.0000000000000000,6.4060205219946544,3.0001408127947453,2.286669,-2.036619,-0.2500502572892,-2.6570744600034,0,1.5e-11
0.9966821260804558,0.0,0.0000000000000000,0.0001140162329543,-0.0024452263616424,0.0000000000000000,6.4051861091763822,3.0001408131614746,2.287982,-2.036706,-0.2512755681990,-2.6599476120500,0,1.2e-11
0.9966821760305085,0.0,0.0000000000000000,0.0001148506771393,-0.0024452596528736,0.0000000000000000,6.4043341091608594,3.0001408135335303,2.289282,-2.036789,-0.2524924790331,-2.6627853902405,0,1.6e-11
0.9966822273708050,0.0,-0.0000000000000000,0.0001157041202545,-0.0024452948163395,-0.0000000000000000,6.4034641491827280,3.0001408139109103,2.290567,-2.036868,-0.2536986199797,-2.6655814241924,0,1.6e-11
0.9966822801467478,0.0,-0.0000000000000000,0.0001165770319763,-0.0024453319473694,0.0000000000000000,6.4025758484487589,3.0001408142936072,2.291833,-2.036941,-0.2548914243671,-2.6683288599702,0,1.2e-11
0.9966823344055105,0.0,0.0000000000000000,0.0001174698954106,-0.0024453711461424,0.0000000000000000,6.4016688179562218,3.0001408146816071,2.293077,-2.037009,-0.2560681264875,-2.6710203465970,0,9.6e-12
0.9966823901961155,0.0,-0.0000000000000000,0.0001183832075986,-0.0024454125179325,-0.0000000000000000,6.4007426603067401,3.0001408150748889,2.294297,-2.037072,-0.2572257353388,-2.6736479832275,0,1.5e-11
0.9966824475695236,0.0,0.0000000000000000,0.0001193174799913,-0.0024454561733919,0.0000000000000000,6.3997969695149770,3.0001408154734248,2.295489,-2.037128,-0.2583610084349,-2.6762032688754,0,9.8e-12
0.9966825065787221,0.0,0.0000000000000000,0.0001202732389997,-0.0024455022288348,0.0000000000000000,6.3988313308124196,3.0001408158771796,2.296647,-2.037177,-0.2594704693589,-2.6786771132534,0,1.5e-11
0.9966825672788237,0.0,-0.0000000000000000,0.0001212510265069,-0.0024455508065495,-0.0000000000000000,6.3978453204456045,3.0001408162861081,2.297769,-2.037219,-0.2605503445139,-2.6810597285774,0,1.6e-11
0.9966826297271641,0.0,-0.0000000000000000,0.0001222514004703,-0.0024456020351175,-0.0000000000000000,6.3968385054690620,3.0001408167001578,2.298850,-2.037254,-0.2615965779970,-2.6833406378390,0,1.1e-11
0.9966826939834117,0.0,0.0000000000000000,0.0001232749355130,-0.0024456560497604,0.0000000000000000,6.3958104435323584,3.0001408171192656,2.299885,-2.037280,-0.2626048009532,-2.6855086099117,0,1.4e-11
0.9966827601096773,0.0,0.0000000000000000,0.0001243222235396,-0.0024457129927016,0.0000000000000000,6.3947606826611194,3.0001408175433584,2.300868,-2.037297,-0.2635702965018,-2.6875515920427,0,1.1e-11
0.9966828281706374,0.0,0.0000000000000000,0.0001253938744240,-0.0024457730135619,-0.0000000000000000,6.3936887610319371,3.0001408179723521,2.301794,-2.037306,-0.2644879963877,-2.6894566862699,0,1.5e-11
0.9966828982336569,0.0,0.0000000000000000,0.0001264905166633,-0.0024458362697604,-0.0000000000000000,6.3925942067405268,3.0001408184061513,2.302656,-2.037304,-0.2653524294532,-2.6912100535813,0,1.1e-11
0.9966829703689217,0.0,-0.0000000000000000,0.0001276127981429,-0.0024459029269499,-0.0000000000000000,6.3914765375633174,3.0001408188446477,2.303449,-2.037291,-0.2661577223133,-2.6927968923249,0,1.1e-11
0.9966830446495839,0.0,0.0000000000000000,0.0001287613868754,-0.0024459731594904,0.0000000000000000,6.3903352607116393,3.0001408192877173,2.304165,-2.037268,-0.2668975490817,-2.6942013436631,0,1.4e-11
0.9966831211519085,0.0,-0.0000000000000000,0.0001299369718047,-0.0024460471509343,-0.0000000000000000,6.3891698725785266,3.0001408197352251,2.304797,-2.037232,-0.2675651016448,-2.6954064235178,0,1.2e-11
0.9966831999554309,0.0,-0.0000000000000000,0.0001311402636639,-0.0024461250945459,-0.0000000000000000,6.3879798584777072,3.0001408201870179,2.305337,-2.037184,-0.2681530613742,-2.6963939533202,0,1.6e-11
0.9966832811431272,0.0,-0.0000000000000000,0.0001323719958494,-0.0024462071938643,-0.0000000000000000,6.3867646923742099,3.0001408206429274,2.305775,-2.037122,-0.2686535605214,-2.6971444815583,0,1.3e-11
0.9966833648015913,0.0,-0.0000000000000000,0.0001336329253648,-0.0024462936632942,-0.0000000000000000,6.3855238366063132,3.0001408211027663,2.306103,-2.037045,-0.2690581340109,-2.6976371793954,0,1.7e-11
0.9966834510212239,0.0,-0.0000000000000000,0.0001349238337984,-0.0024463847287347,0.0000000000000000,6.3842567415983149,3.0001408215663288,2.306311,-2.036954,-0.2693576832628,-2.6978497584514,0,1.2e-11
0.9966835398964324,0.0,0.0000000000000000,0.0001362455283751,-0.0024464806282477,0.0000000000000000,6.3829628455636636,3.0001408220333889,2.306389,-2.036846,-0.2695424344776,-2.6977583797003,0,1.3e-11
0.9966836315258483,0.0,0.0000000000000000,0.0001375988430377,-0.0024465816127872,0.0000000000000000,6.3816415741976940,3.0001408225036990,2.306323,-2.036721,-0.2696018799081,-2.6973375304045,0,1.5e-11
0.9966837260125478,0.0,-0.0000000000000000,0.0001389846396185,-0.0024466879469438,0.0000000000000000,6.3802923403596798,3.0001408229769853,2.306103,-2.036578,-0.2695247157583,-2.6965598989388,0,8.1e-12
0.9966838234643008,0.0,-0.0000000000000000,0.0001404038090536,-0.0024467999097807,0.0000000000000000,6.3789145437432149,3.0001408234529539,2.305715,-2.036416,-0.2692988156333,-2.6953962927078,0,1.2e-11
0.9966839239938219,0.0,0.0000000000000000,0.0001418572726881,-0.0024469177956865,0.0000000000000000,6.3775075705344735,3.0001408239312792,2.305145,-2.036234,-0.2689111266032,-2.6938154516109,0,8.1e-12
0.9966840277190494,0.0,-0.0000000000000000,0.0001433459836342,-0.0024470419153218,-0.0000000000000000,6.3760707930572709,3.0001408244116101,2.304378,-2.036030,-0.2683476352294,-2.6917839480303,0,1.1e-11
0.9966841347634336,0.0,-0.0000000000000000,0.0001448709282295,-0.0024471725965976,-0.0000000000000000,6.3746035694043188,3.0001408248935633,2.303397,-2.035804,-0.2675932731881,-2.6892660069978,0,1.3e-11
0.9966842452562520,0.0,-0.0000000000000000,0.0001464331275752,-0.0024473101857536,-0.0000000000000000,6.3731052430535087,3.0001408253767234,2.302186,-2.035554,-0.2666318489554,-2.6862233542451,0,1.4e-11
0.9966843593329422,0.0,0.0000000000000000,0.0001480336391632,-0.0024474550484959,0.0000000000000000,6.3715751424682248,3.0001408258606386,2.300724,-2.035279,-0.2654459585606,-2.6826150340531,0,1.5e-11
0.9966844771354572,0.0,-0.0000000000000000,0.0001496735586159,-0.0024476075712163,-0.0000000000000000,6.3700125806805366,3.0001408263448197,2.298993,-2.034976,-0.2640168984583,-2.6783972249458,0,1.3e-11
0.9966845988126478,0.0,-0.0000000000000000,0.0001513540215203,-0.0024477681623074,-0.0000000000000000,6.3684168548558677,3.0001408268287379,2.296971,-2.034646,-0.2623245573043,-2.6735230249487,0,6.7e-12
0.9966847245206687,0.0,0.0000000000000000,0.0001530762053926,-0.0024479372535612,-0.0000000000000000,6.3667872458378119,3.0001408273118200,2.294634,-2.034286,-0.2603473174523,-2.6679422396837,0,7.0e-12
0.9966848544234194,0.0,-0.0000000000000000,0.0001548413317643,-0.0024481153016951,0.0000000000000000,6.3651230176713502,3.0001408277934454,2.291957,-2.033895,-0.2580619332689,-2.6616011428977,0,9.5e-12
0.9966849886930108,0.0,-0.0000000000000000,0.0001566506684060,-0.0024483027899683,0.0000000000000000,6.3634234171027471,3.0001408282729449,2.288915,-2.033471,-0.2554433967384,-2.6544422053717,0,8.0e-12
0.9966851275102685,0.0,0.0000000000000000,0.0001585055316910,-0.0024485002299268,-0.0000000000000000,6.3616876730540088,3.0001408287495952,2.285477,-2.033012,-0.2524648130207,-2.6464038385464,0,8.1e-12
0.9966852710652760,0.0,-0.0000000000000000,0.0001604072891445,-0.0024487081632976,-0.0000000000000000,6.3599149960698265,3.0001408292226150,2.281614,-2.032517,-0.2490972525358,-2.6374200951920,0,1.4e-11
0.9966854195579574,0.0,-0.0000000000000000,0.0001623573621424,-0.0024489271640191,0.0000000000000000,6.3581045777342506,3.0001408296911607,2.277293,-2.031983,-0.2453095674631,-2.6274203233237,0,1.2e-11
0.9966855731987005,0.0,0.0000000000000000,0.0001643572288148,-0.0024491578404216,0.0000000000000000,6.3562555900543378,3.0001408301543240,2.272477,-2.031409,-0.2410682396202,-2.6163288419006,0,8.7e-12
0.9966857322090381,0.0,0.0000000000000000,0.0001664084271520,-0.0024494008376116,0.0000000000000000,6.3543671848075816,3.0001408306111221,2.267128,-2.030791,-0.2363371789330,-2.6040645559256,0,8.6e-12
0.9966858968223723,0.0,0.0000000000000000,0.0001685125583453,-0.0024496568400178,0.0000000000000000,6.3524384928494362,3.0001408310604978,2.261206,-2.030129,-0.2310775112997,-2.5905405441945,0,8.5e-12
0.9966860672847668,0.0,0.0000000000000000,0.0001706712903664,-0.0024499265741758,0.0000000000000000,6.3504686233768206,3.0001408315013078,2.254667,-2.029419,-0.2252473499042,-2.5756636129286,0,7.6e-12
0.9966862438557965,0.0,-0.0000000000000000,0.0001728863618243,-0.0024502108117252,-0.0000000000000000,6.3484566631429020,3.0001408319323231,2.247461,-2.028660,-0.2188015522157,-2.5593338243110,0,7.1e-12
0.9966864268094722,0.0,0.0000000000000000,0.0001751595861181,-0.0024505103726729,0.0000000000000000,6.3464016756178800,3.0001408323522156,2.239539,-2.027848,-0.2116914453993,-2.5414439728810,0,8.3e-12
0.9966866164352418,0.0,0.0000000000000000,0.0001774928559146,-0.0024508261289385,0.0000000000000000,6.3443027000896350,3.0001408327595547,2.230845,-2.026980,-0.2038645287788,-2.5218790132564,0,1.7e-11
0.9966868130390771,0.0,-0.0000000000000000,0.0001798881480017,-0.0024511590082046,-0.0000000000000000,6.3421587506974006,3.0001408331527961,2.221319,-2.026055,-0.1952641280827,-2.5005154275422,0,7.1e-12
0.9966870169446572,0.0,0.0000000000000000,0.0001823475285200,-0.0024515099981195,-0.0000000000000000,6.3399688153903133,3.0001408335302751,2.210898,-2.025069,-0.1858290908435,-2.4772206066232,0,7.6e-12
0.9966872284946555,0.0,-0.0000000000000000,0.0001848731586400,-0.0024518801508735,-0.0000000000000000,6.3377318548017438,3.0001408338901969,2.199512,-2.024018,-0.1754933222142,-2.4518520388197,0,1.0e-11
0.9966874480521438,0.0,0.0000000000000000,0.0001874673007420,-0.0024522705882032,0.0000000000000000,6.3354468010291223,3.0001408342306228,2.187086,-2.022900,-0.1641854049897,-2.4242565668940,0,9.9e-12
0.9966876760021294,0.0,0.0000000000000000,0.0001901323251164,-0.0024526825068733,-0.0000000000000000,6.3331125563064656,3.0001408345494616,2.173539,-2.021711,-0.1518281037779,-2.3942694858215,0,9.9e-12
0.9966879127532331,0.0,-0.0000000000000000,0.0001928707172855,-0.0024531171846736,-0.0000000000000000,6.3307279915560919,3.0001408348444554,2.158786,-2.020448,-0.1383378403372,-2.3617135850058,0,1.1e-11
0.9966881587395308,0.0,0.0000000000000000,0.0001956850859774,-0.0024535759870060,-0.0000000000000000,6.3282919448026025,3.0001408351131627,2.142730,-2.019106,-0.1236241141751,-2.3263980939826,0,8.9e-12
0.9966884144225769,0.0,0.0000000000000000,0.0001985781718901,-0.0024540603741378,0.0000000000000000,6.3258032194303828,3.0001408353529495,2.125270,-2.017681,-0.1075888626799,-2.2881175232858,0,4.8e-12
0.9966886802936286,0.0,-0.0000000000000000,0.0002015528572584,-0.0024545719091758,-0.0000000000000000,6.3232605822617343,3.0001408355609640,2.106296,-2.016170,-0.0901257498171,-2.2466503914735,0,9.2e-12
0.9966889568761046,0.0,-0.0000000000000000,0.0002046121764065,-0.0024551122669001,0.0000000000000000,6.3206627614298210,3.0001408357341228,2.085687,-2.014568,-0.0711193581646,-2.2017577962564,0,1.2e-11
0.9966892447282946,0.0,0.0000000000000000,0.0002077593273644,-0.0024556832435037,0.0000000000000000,6.3180084440151694,3.0001408358690878,2.063314,-2.012870,-0.0504443336852,-2.1531818862603,0,7.9e-12
0.9966895444463670,0.0,0.0000000000000000,0.0002109976846952,-0.0024562867674161,0.0000000000000000,6.3152962734092783,3.0001408359622430,2.039035,-2.011071,-0.0279643898537,-2.1006441207846,0,7.1e-12
0.9966898566677083,0.0,-0.0000000000000000,0.0002143308137310,-0.0024569249113328,0.0000000000000000,6.3125248463622885,3.0001408360096677,2.012697,-2.009166,-0.0035312079788,-2.0438433485612,0,1.1e-11
0.9966901820746357,0.0,-0.0000000000000000,0.0002177624863649,-0.0024575999056017,0.0000000000000000,6.3096927096628024,3.0001408360071067,-2.007150,1.984134,0.0230167932707,-1.9824536874204,0,8.5e-12
0.9966905213985509,0.0,0.0000000000000000,0.0002212966986719,-0.0024583141532054,-0.0000000000000000,6.3067983563888594,3.0001408359499409,-2.005017,1.953161,0.0518558314775,-1.9161221374198,0,1.1e-11
0.9966908754245830,0.0,-0.0000000000000000,0.0002249376906054,-0.0024590702465264,-0.0000000000000000,6.3038402216562623,3.0001408358331472,-2.002761,1.919583,0.0831783367878,-1.8444659142580,0,5.7e-12
0.9966912449968066,0.0,0.0000000000000000,0.0002286899680859,-0.0024598709861918,-0.0000000000000000,6.3008166777757593,3.0001408356512576,-2.000376,1.883181,0.1171946800201,-1.7670694810828,0,6.8e-12
0.9966916310241205,0.0,0.0000000000000000,0.0002325583279030,-0.0024607194023226,-0.0000000000000000,6.2977260287123222,3.0001408353983154,-1.997854,1.843719,0.1541352090434,-1.6834811423866,0,9.8e-12
0.9966920344868960,0.0,0.0000000000000000,0.0002365478858392,-0.0024616187785662,-0.0000000000000000,6.2945665037165455,3.0001408350678194,-1.995189,1.800937,0.1942524799378,-1.5932092813290,0,8.9e-12
0.9966924564445245,0.0,0.0000000000000000,0.0002406641086164,-0.0024625726793896,-0.0000000000000000,6.2913362499705032,3.0001408346526670,-1.992373,1.754550,0.2378238633557,-1.4957180157645,0,1.4e-11
0.9966928980440128,0.0,0.0000000000000000,0.0002449128502917,-0.0024635849811704,-0.0000000000000000,6.2880333240541901,3.0001408341450855,-1.989399,1.704245,0.2851545090899,-1.3904222923813,0,5.0e-12
0.9966933605298230,0.0,-0.0000000000000000,0.0002493003939601,-0.0024646599077889,0.0000000000000000,6.2846556819949164,3.0001408335365531,-1.986257,1.649677,0.3365807292325,-1.2766822794452,0,1.1e-11
0.9966938452551900,0.0,0.0000000000000000,0.0002538334997672,-0.0024658020715694,0.0000000000000000,6.2812011676054622,3.0001408328177095,-1.982939,1.590466,0.3924739767170,-1.1537968784641,0,9.7e-12
0.9966943536951848,0.0,-0.0000000000000000,0.0002585194604078,-0.0024670165205272,-0.0000000000000000,6.2776674987447363,3.0001408319782552,-1.979436,1.526191,0.4532453764283,-1.0209963015182,0,1.1e-11
0.9966948874618982,0.0,-0.0000000000000000,0.0002633661657616,-0.0024683087932901,0.0000000000000000,6.2740522510451520,3.0001408310068287,-1.975736,1.456385,0.5193510667116,-0.8774333950963,0,1.0e-11
0.9966954483221693,0.0,-0.0000000000000000,0.0002683821784778,-0.0024696849831937,-0.0000000000000000,6.2703528385313447,3.0001408298908672,-1.971830,1.380532,0.5912984454681,-0.7221735453028,0,9.1e-12
0.9966960382184168,0.0,-0.0000000000000000,0.0002735768230162,-0.0024711518135919,-0.0000000000000000,6.2665664904056380,3.0001408286164448,-1.967705,1.298052,0.6696535308322,-0.5541828148209,0,8.8e-12
0.9966966592932814,0.0,0.0000000000000000,0.0002789602911922,-0.0024727167269132,0.0000000000000000,6.2626902230766541,3.0001408271680741,-1.963349,1.208300,0.7550497264145,-0.3723138723825,0,1.0e-11
0.9966973139189744,0.0,0.0000000000000000,0.0002845437681920,-0.0024743879906910,-0.0000000000000000,6.2587208062506434,3.0001408255284763,-1.958749,1.110550,0.8481982627587,-0.1752893206843,0,5.2e-12
0.9966980047324963,0.0,0.0000000000000000,0.0002903395841409,-0.0024761748247717,0.0000000000000000,6.2546547215650623,3.0001408236783047,-1.953889,1.003988,0.9499007869473,0.0383184186664,0,8.3e-12
0.9966987346782475,0.0,-0.0000000000000000,0.0002963613978821,-0.0024780875551783,-0.0000000000000000,6.2504881117934721,3.0001408215958101,-1.948754,0.887690,1.0610646500240,0.2701113556371,0,7.7e-12
0.9966995070600276,0.0,0.0000000000000000,0.0003026244216812,-0.0024801378018469,0.0000000000000000,6.2462167180509098,3.0001408192564272,-1.943327,0.760605,1.1827216350324,0.5218956464727,0,1.0e-11
0.9967003256050800,0.0,0.0000000000000000,0.0003091456984290,-0.0024823387098427,0.0000000000000000,6.2418358016245588,3.0001408166322734,-1.937588,0.621537,1.3160510925949,0.7957181583362,0,1.0e-11
0.9967011945437686,0.0,-0.0000000000000000,0.0003159444468269,-0.0024847052370418,0.0000000000000000,6.2373400459708375,3.0001408136915204,-1.931516,0.469107,1.4624088425097,1.0939120685451,0,8.6e-12
0.9967021187097577,0.0,-0.0000000000000000,0.0003230424955425,-0.0024872545159755,0.0000000000000000,6.2327234329574477,3.0001408103976019,-1.925088,0.301724,1.6233636784682,1.4191543215038,0,9.4e-12
0.9967031036673981,0.0,-0.0000000000000000,0.0003304648348248,-0.0024900063142348,0.0000000000000000,6.2279790854485633,3.0001408067082092,-1.918277,0.117533,1.8007440433216,1.7745389084302,0,8.4e-12
0.9967041558756533,0.0,-0.0000000000000000,0.0003382403250502,-0.0024929836275598,-0.0000000000000000,6.2230990656656662,3.0001408025739895,-1.911054,-0.085645,1.9966984220524,2.1636714618435,0,5.1e-12
0.9967046590347535,0.0,0.0000000000000000,0.0003419050048349,-0.0024944204994579,0.0000000000000000,6.2208306649664395,3.0001408005297345,-1.907621,-0.185085,2.0927059932474,2.3530727772532,0,1.1e-11
0.9967051845546567,0.0,-0.0000000000000000,0.0003456969449510,-0.0024959299885253,-0.0000000000000000,6.2185046250296994,3.0001407983497974,-1.904050,-0.290491,2.1945414722171,2.5531102018456,0,5.5e-12
0.9967057339406413,0.0,0.0000000000000000,0.0003496232658036,-0.0024975173544432,-0.0000000000000000,6.2161186570119442,3.0001407960231714,-1.900335,-0.402349,2.3026836465045,2.7645976064025,0,9.7e-12
0.9967063088517226,0.0,-0.0000000000000000,0.0003536917650357,-0.0024991884083922,0.0000000000000000,6.2136702804667481,3.0001407935376561,-1.896466,-0.521199,2.4176653037641,2.9884361254271,0,1.0e-11
0.9967069111229273,0.0,0.0000000000000000,0.0003579110136048,-0.0025009495936948,-0.0000000000000000,6.2111567964987113,3.0001407908796791,-1.892436,-0.647645,2.5400813535285,3.2256269994852,0,4.2e-12
0.9967075427917723,0.0,0.0000000000000000,0.0003622904695558,-0.0025028080818242,-0.0000000000000000,6.2085752562174283,3.0001407880340842,-1.888235,-0.782364,2.6705987012760,3.4772870437486,0,8.4e-12
0.9967082061298895,0.0,0.0000000000000000,0.0003668406132773,-0.0025047718872729,-0.0000000000000000,6.2059224235987864,3.0001407849838775,-1.883850,-0.926118,2.8099680586009,3.7446670717392,0,9.6e-12
0.9967089036810056,0.0,0.0000000000000000,0.0003715731090199,-0.0025068500057938,0.0000000000000000,6.2031947317093756,3.0001407817099244,-1.879272,-1.079766,2.9590382268080,4.0291742121832,0,6.3e-12
0.9967096383067720,0.0,0.0000000000000000,0.0003765009984817,-0.0025090525816121,-0.0000000000000000,6.2003882310942613,3.0001407781905765,-1.874487,-1.244287,3.1187735247658,4.3323989348036,0,6.9e-12
0.9967104132423458,0.0,0.0000000000000000,0.0003816389336478,-0.0025113911108049,0.0000000000000000,6.1974985289950606,3.0001407744012192,-1.869480,-1.420795,3.2902751276157,4.6561480815373,0,9.2e-12
0.9967112321640941,0.0,0.0000000000000000,0.0003870034575899,-0.0025138786898839,-0.0000000000000000,6.1945207179964497,3.0001407703137160,-1.864235,-1.610572,3.4748073636650,5.0024853420705,0,7.3e-12
0.9967120992723750,0.0,-0.0000000000000000,0.0003926133436051,-0.0025165303209720,0.0000000000000000,6.1914492927880698,3.0001407658957193,-1.858734,-1.815096,3.6738303045149,5.3737812198198,0,6.8e-12
0.9967130193930374,0.0,0.0000000000000000,0.0003984900047823,-0.0025193632878348,-0.0000000000000000,6.1882780541405591,3.0001407611098245,-2.036084,-1.852956,3.8890404184465,5.7727749344919,0,7.1e-12
0.9967139981019868,0.0,0.0000000000000000,0.0004046579871423,-0.0025223976201511,0.0000000000000000,6.1850000002318160,3.0001407559125051,-2.275543,-1.846879,4.1224213282954,6.2026512434996,0,5.7e-12
0.9967150418778242,0.0,-0.0000000000000000,0.0004111455592461,-0.0025256566666965,-0.0000000000000000,6.1816072076729309,3.0001407502527950,-2.535833,-1.840474,4.3763076797883,6.6671362551082,0,6.4e-12
0.9967161582877625,0.0,0.0000000000000000,0.0004179854072463,-0.0025291678002345,0.0000000000000000,6.1780907089588082,3.0001407440706469,-2.819752,-1.833713,4.6534651061267,7.1706161877671,0,8.3e-12
0.9967173562111801,0.0,-0.0000000000000000,0.0004252154332011,-0.0025329632760328,0.0000000000000000,6.1744403813247297,3.0001407372948945,-3.130630,-1.826560,4.9571902496120,7.7182839933798,0,8.4e-12
0.9967186461017510,0.0,0.0000000000000000,0.0004328796283321,-0.0025370812568594,0.0000000000000000,6.1706448771198117,3.0001407298407785,-3.472459,-1.818975,5.2914344442475,8.3163175755656,0,6.1e-12
0.9967200402803899,0.0,0.0000000000000000,0.0004410289383026,-0.0025415669908076,0.0000000000000000,6.1666916527180256,3.0001407216070071,-3.850039,-1.810914,5.6609531976309,8.9720899092080,0,6.3e-12
0.9967204014958267,0.0,0.0000000000000000,0.0004431183364221,-0.0025427349074294,0.0000000000000000,6.1656916527180252,3.0001407194446696,-3.949223,-1.808848,5.7580710689494,9.1435450819913,0,5.0e-12
0.9967207662638825,0.0,0.0000000000000000,0.0004452193212600,-0.0025439166468991,0.0000000000000000,6.1646916527180258,3.0001407172491823,-4.049943,-1.806772,5.8567154071525,9.3173243544274,0,5.3e-12
0.9967211346378240,0.0,0.0000000000000000,0.0004473320473988,-0.0025451124251501,0.0000000000000000,6.1636916527180254,3.0001407150200023,-4.152230,-1.804685,5.9569149825866,9.4934667240679,0,4.0e-12
0.9967215066721524,0.0,0.0000000000000000,0.0004494566729346,-0.0025463224632205,0.0000000000000000,6.1626916527180260,3.0001407127565747,-4.256113,-1.802587,6.0586993436575,9.6720122060177,0,6.0e-12
0.9967218824226436,0.0,0.0000000000000000,0.0004515933595610,-0.0025475469874148,0.0000000000000000,6.1616916527180257,3.0001407104583286,-4.361621,-1.800478,6.1620987995155,9.8530018256929,0,5.3e-12
0.9967222619463915,0.0,0.0000000000000000,0.0004537422727011,-0.0025487862294901,0.0000000000000000,6.1606916527180253,3.0001407081246798,-4.468787,-1.798358,6.2671444865099,10.0364776997115,0,5.2e-12
0.9967226453018511,0.0,0.0000000000000000,0.0004559035816391,-0.0025500404268328,0.0000000000000000,6.1596916527180259,3.0001407057550304,-4.577641,-1.796227,6.3738683628147,10.2224830384331,0,5.7e-12
0.9967230325488844,0.0,0.0000000000000000,0.0004580774596373,-0.0025513098226507,0.0000000000000000,6.1586916527180255,3.0001407033487673,-4.688218,-1.794085,6.4823032675816,10.4110622045627,0,5.1e-12
0.9967234237488081,0.0,0.0000000000000000,0.0004602640840878,-0.0025525946661738,0.0000000000000000,6.1576916527180252,3.0001407009052601,-4.800551,-1.791932,6.5924829511090,10.6022607667830,0,7.6e-12
0.9967238189644461,0.0,0.0000000000000000,0.0004624636366325,-0.0025538952128699,0.0000000000000000,6.1566916527180258,3.0001406984238632,-4.914674,-1.789768,6.7044420513425,10.7961254845200,0,6.4e-12
0.9967242182601778,0.0,0.0000000000000000,0.0004646763033423,-0.0025552117246510,0.0000000000000000,6.1556916527180254,3.0001406959039145,-5.030624,-1.787592,6.8182162394963,10.9927044667342,0,5.3e-12
0.9967246217019955,0.0,0.0000000000000000,0.0004669022748413,-0.0025565444701086,0.0000000000000000,6.1546916527180260,3.0001406933447345,-5.148437,-1.785405,6.9338421428193,11.1920470984975,0,6.7e-12
0.9967250293575630,0.0,0.0000000000000000,0.0004691417464951,-0.0025578937247603,0.0000000000000000,6.1536916527180257,3.0001406907456247,-5.268150,-1.783207,7.0513574516027,11.3942041656244,0,8.2e-12
0.9967254412962706,0.0,0.0000000000000000,0.0004713949185566,-0.0025592597712814,0.0000000000000000,6.1526916527180253,3.0001406881058688,-5.389803,-1.780998,7.1708009492379,11.5992278877963,0,4.7e-12
0.9967258575893084,0.0,0.0000000000000000,0.0004736619963892,-0.0025606428998035,0.0000000000000000,6.1516916527180259,3.0001406854247308,-5.513436,-1.778777,7.2922125223089,11.8071719793256,0,6.4e-12
0.9967262783097151,0.0,0.0000000000000000,0.0004759431905833,-0.0025620434081324,0.0000000000000000,6.1506916527180255,3.0001406827014536,-5.639089,-1.776544,7.4156332366779,12.0180916848511,0,7.6e-12
0.9967267035324631,0.0,0.0000000000000000,0.0004782387172132,-0.0025634616020907,0.0000000000000000,6.1496916527180252,3.0001406799352610,-5.766805,-1.774300,7.5411053846271,12.2320438789619,0,7.1e-12
0.9967271333345242,0.0,0.0000000000000000,0.0004805487980224,-0.0025648977957972,0.0000000000000000,6.1486916527180258,3.0001406771253545,-5.896628,-1.772044,7.6686725095327,12.4490871128161,0,5.8e-12
0.9967275677949432,0.0,0.0000000000000000,0.0004828736606356,-0.0025663523119755,0.0000000000000000,6.1476916527180254,3.0001406742709111,-6.028603,-1.769777,7.7983794751074,12.6692816661365,0,7.6e-12
0.9967280069949229,0.0,0.0000000000000000,0.0004852135387812,-0.0025678254823079,0.0000000000000000,6.1466916527180260,3.0001406713710876,-6.162775,-1.767498,7.9302725266498,12.8926896481364,0,1.0e-11
0.9967284510179034,0.0,0.0000000000000000,0.0004875686725445,-0.0025693176477688,0.0000000000000000,6.1456916527180256,3.0001406684250145,-6.299193,-1.765206,8.0643993083753,13.1193750447841,0,8.1e-12
0.9967288999496524,0.0,0.0000000000000000,0.0004899393086044,-0.0025708291590007,0.0000000000000000,6.1446916527180253,3.0001406654317964,-6.437906,-1.762903,8.2008089772297,13.3494038160940,0,6.6e-12
0.9967293538783604,0.0,0.0000000000000000,0.0004923257005093,-0.0025723603767089,0.0000000000000000,6.1436916527180259,3.0001406623905127,-6.578965,-1.760588,8.3395522207974,13.5828439804461,0,5.4e-12
0.9967298128947268,0.0,0.0000000000000000,0.0004947281089322,-0.0025739116720346,0.0000000000000000,6.1426916527180255,3.0001406593002149,-6.722421,-1.758260,8.4806813553599,13.8197657079623,0,5.7e-12
0.9967302770920765,0.0,0.0000000000000000,0.0004971468019798,-0.0025754834270266,0.0000000000000000,6.1416916527180252,3.0001406561599260,-6.868330,-1.755921,8.6242503687336,14.0602413774925,0,4.6e-12
0.9967307465664601,0.0,0.0000000000000000,0.0004995820555012,-0.0025770760350713,0.0000000000000000,6.1406916527180258,3.0001406529686392,-7.016746,-1.753569,8.7703150099257,14.3043457137186,0,5.9e-12
0.9967312214167686,0.0,0.0000000000000000,0.0005020341533951,-0.0025786899013689,0.0000000000000000,6.1396916527180254,3.0001406497253167,-7.167729,-1.751204,8.9189328734599,14.5521558855411,0,5.6e-12
0.9967317017448540,0.0,0.0000000000000000,0.0005045033879701,-0.0025803254434389,0.0000000000000000,6.1386916527180260,3.0001406464288869,-7.321336,-1.748827,9.0701634586593,14.8037515972507,0,5.8e-12
0.9967321876556560,0.0,0.0000000000000000,0.0005069900602876,-0.0025819830916502,0.0000000000000000,6.1376916527180256,3.0001406430782467,-7.477631,-1.746438,9.2240682734268,15.0592152092412,0,5.9e-12
0.9967326792573353,0.0,0.0000000000000000,0.0005094944805495,-0.0025836632897825,0.0000000000000000,6.1366916527180253,3.0001406396722556,-7.636676,-1.744035,9.3807109325427,15.3186318949499,0,5.7e-12
0.9967331766614144,0.0,0.0000000000000000,0.0005120169685144,-0.0025853664956109,0.0000000000000000,6.1356916527180259,3.0001406362097378,-7.798537,-1.741620,9.5401572247603,15.5820896949093,0,6.1e-12
0.9967336799829295,0.0,0.0000000000000000,0.0005145578538917,-0.0025870931815462,0.0000000000000000,6.1346916527180255,3.0001406326894782,-7.963283,-1.739192,9.7024752367427,15.8496797403253,0,5.3e-12
0.9967341893405856,0.0,0.0000000000000000,0.0005171174768156,-0.0025888438352829,0.0000000000000000,6.1336916527180252,3.0001406291102199,-8.130984,-1.736751,9.8677354849598,16.1214963623079,0,5.5e-12
0.9967347048569258,0.0,0.0000000000000000,0.0005196961883138,-0.0025906189605098,0.0000000000000000,6.1326916527180257,3.0001406254706664,-8.301714,-1.734297,10.0360109856209,16.3976372063939,0,5.0e-12
0.9967352266585086,0.0,0.0000000000000000,0.0005222943508207,-0.0025924190776511,0.0000000000000000,6.1316916527180254,3.0001406217694750,-8.475548,-1.731829,10.2073773939316,16.6782034683389,0,7.5e-12
0.9967357548760962,0.0,0.0000000000000000,0.0005249123386967,-0.0025942447246603,0.0000000000000000,6.1306916527180260,3.0001406180052572,-8.652565,-1.729349,10.3819131454180,16.9633000066927,0,7.5e-12
0.9967362896448542,0.0,0.0000000000000000,0.0005275505388114,-0.0025960964578506,0.0000000000000000,6.1296916527180256,3.0001406141765776,-8.832845,-1.726854,10.5596996138170,17.2530356021539,0,5.4e-12
0.9967368311045648,0.0,0.0000000000000000,0.0005302093511450,-0.0025979748527950,0.0000000000000000,6.1286916527180253,3.0001406102819459,-9.016475,-1.724346,10.7408211886363,17.5475230612195,0,4.9e-12
0.9967373793998514,0.0,0.0000000000000000,0.0005328891894268,-0.0025998805052649,0.0000000000000000,6.1276916527180258,3.0001406063198215,-9.203541,-1.721824,10.9253655169019,17.8468795056146,0,6.9e-12
0.9967379346804209,0.0,0.0000000000000000,0.0005355904818256,-0.0026018140322484,0.0000000000000000,6.1266916527180255,3.0001406022886070,-9.394135,-1.719288,11.1134236076350,18.1512265569252,0,4.7e-12
0.9967384971013177,0.0,0.0000000000000000,0.0005383136716749,-0.0026037760730132,0.0000000000000000,6.1256916527180252,3.0001405981866447,-9.588352,-1.716738,11.3050900469911,18.4606905903830,0,7.0e-12
0.9967390668231995,0.0,0.0000000000000000,0.0005410592182490,-0.0026057672902663,0.0000000000000000,6.1246916527180257,3.0001405940122163,-9.786289,-1.714174,11.5004631681259,18.7754029628807,0,6.6e-12
0.9967396440126239,0.0,0.0000000000000000,0.0005438275975911,-0.0026077883713568,0.0000000000000000,6.1236916527180254,3.0001405897635371,-9.988050,-1.711595,11.6996452880888,19.0955003687538,0,5.5e-12
0.9967402288423668,0.0,0.0000000000000000,0.0005466193034106,-0.0026098400296089,0.0000000000000000,6.1226916527180260,3.0001405854387531,-10.193741,-1.709002,11.9027428628150,19.4211250095082,0,5.8e-12
0.9967408214917487,0.0,0.0000000000000000,0.0005494348480186,-0.0026119230056951,0.0000000000000000,6.1216916527180256,3.0001405810359389,-10.403473,-1.706394,12.1098667932009,19.7524250192068,0,5.7e-12
