x0,y0,z0,xd0,yd0,zd0,Tp,JC,stabilityIndex1,stabilityIndex2,alpha,beta,impactFlag,error
1.0035144319906357,0.0,0.0000000000000000,0.0000000000000000,0.0020481373253674,0.0000452501820956,8.4992804327054152,3.0001400709695405,177.260369,1.999145,-179.2595133891886,356.3690935935010,0,2.4e-10
1.0035144158515494,0.0,0.0000000000000000,0.0000000000000000,0.0020481492619181,0.0000523365651248,8.4992904327054148,3.0001400703861578,177.215034,1.998856,-179.2138893396008,356.2272452893885,0,2.7e-10
1.0035143997107392,0.0,-0.0000000000000000,0.0000000000000000,0.0020481612002980,0.0000585720456601,8.4993004327054145,3.0001400698027583,177.169702,1.998566,-179.1682684359422,356.0854197621557,0,1.5e-10
1.0035143835681772,0.0,0.0000000000000000,0.0000000000000000,0.0020481731405557,0.0000642050217239,8.4993104327054159,3.0001400692193423,177.124373,1.998277,-179.1226504517409,355.9436158194694,0,1.5e-09
1.0035143674240035,0.0,0.0000000000000006,0.0000000000000000,0.0020481850824864,0.0000693823749502,8.4993204327054155,3.0001400686359116,177.079048,1.997988,-179.0770361615070,355.8018379743589,0,4.3e-10
1.0035143512780480,0.0,-0.0000000000000000,0.0000000000000000,0.0020481970263404,0.0000741995670286,8.4993304327054151,3.0001400680524641,177.033726,1.997699,-179.0314246072988,355.6600810700147,0,4.5e-11
1.0035143351303915,0.0,0.0000000000000000,0.0000000000000000,0.0020482089719910,0.0000787227305091,8.4993404327054147,3.0001400674690006,176.988407,1.997410,-178.9858163337191,355.5183474700243,0,2.2e-10
1.0035143189810114,0.0,0.0000000000000000,0.0000000000000000,0.0020482209194734,0.0000829999531356,8.4993504327054143,3.0001400668855216,176.943091,1.997120,-178.9402111524194,355.3766367462322,0,2.4e-10
1.0035143028299354,0.0,-0.0000000000000002,0.0000000000000000,0.0020482328687435,0.0000870674845401,8.4993604327054157,3.0001400663020266,176.897778,1.996831,-178.8946092544283,355.2349496424522,0,1.1e-09
1.0035142866770967,0.0,0.0000000000000007,0.0000000000000000,0.0020482448199084,0.0000909534689531,8.4993704327054154,3.0001400657185147,176.852469,1.996541,-178.8490102707800,355.0932840044879,0,2.0e-10
1.0035142705225519,0.0,0.0000000000000001,0.0000000000000000,0.0020482567728756,0.0000946802581397,8.4993804327054150,3.0001400651349863,176.807162,1.996252,-178.8034143993202,354.9516419508691,0,5.9e-11
1.0035142543662945,0.0,-0.0000000000000002,0.0000000000000000,0.0020482687276640,0.0000982659660818,8.4993904327054146,3.0001400645514424,176.761859,1.995962,-178.7578218206237,354.8100226766510,0,9.5e-11
1.0035142382083244,0.0,0.0000000000000000,0.0000000000000000,0.0020482806842711,0.0001017255119679,8.4994004327054160,3.0001400639678826,176.716560,1.995673,-178.7122322959355,354.6684269270718,0,1.4e-10
1.0035142220485964,0.0,0.0000000000000001,0.0000000000000000,0.0020482926427404,0.0001050713649961,8.4994104327054156,3.0001400633843054,176.671263,1.995383,-178.6666458157027,354.5268530562407,0,5.6e-10
1.0035142058872144,0.0,-0.0000000000000001,0.0000000000000000,0.0020483046029785,0.0001083140484824,8.4994204327054153,3.0001400628007140,176.625969,1.995093,-178.6210627682957,354.3853037804929,0,2.0e-10
1.0035141897240745,0.0,-0.0000000000000006,0.0000000000000000,0.0020483165650887,0.0001114625795121,8.4994304327054149,3.0001400622171062,176.580679,1.994804,-178.5754826465590,354.2437764690349,0,3.2e-11
1.0035141735592179,0.0,0.0000000000000006,0.0000000000000000,0.0020483285290015,0.0001145247192948,8.4994404327054145,3.0001400616334815,176.535392,1.994514,-178.5299057612155,354.1022725257390,0,3.2e-10
1.0035141573926252,0.0,0.0000000000000002,0.0000000000000000,0.0020483404947749,0.0001175072236200,8.4994504327054159,3.0001400610498399,176.490108,1.994224,-178.4843319498499,353.9607909887818,0,9.0e-11
1.0035141412243185,0.0,-0.0000000000000000,0.0000000000000000,0.0020483524623676,0.0001204160076852,8.4994604327054155,3.0001400604661836,176.444827,1.993934,-178.4387613490512,353.8193327635054,0,1.8e-10
1.0035141250542836,0.0,0.0000000000000006,0.0000000000000000,0.0020483644317969,0.0001232562919040,8.4994704327054151,3.0001400598825101,176.399550,1.993644,-178.3931938180574,353.6778973903674,0,8.0e-11
1.0035141088825190,0.0,0.0000000000000000,0.0000000000000000,0.0020483764030679,0.0001260327085354,8.4994804327054148,3.0001400592988214,176.354275,1.993354,-178.3476293713788,353.5364848801255,0,5.1e-12
1.0035140927090362,0.0,0.0000000000000003,0.0000000000000000,0.0020483883761635,0.0001287493874731,8.4994904327054144,3.0001400587151159,176.309004,1.993064,-178.3020681450627,353.3950956541576,0,3.7e-11
1.0035140765338475,0.0,-0.0000000000000001,0.0000000000000000,0.0020484003510686,0.0001314100329503,8.4995004327054158,3.0001400581313953,176.263737,1.992774,-178.2565101705747,353.2537298060197,0,6.7e-10
1.0035140603568911,0.0,0.0000000000000002,0.0000000000000000,0.0020484123278615,0.0001340179878935,8.4995104327054154,3.0001400575476569,176.218472,1.992483,-178.2109550937143,353.1123858719202,0,2.1e-10
1.0035140441782280,0.0,-0.0000000000000000,0.0000000000000000,0.0020484243064698,0.0001365762650487,8.4995204327054150,3.0001400569639034,176.173210,1.992193,-178.1654032821161,352.9710655695108,0,2.1e-10
1.0035140279978334,0.0,0.0000000000000003,0.0000000000000000,0.0020484362869153,0.0001390876080016,8.4995304327054146,3.0001400563801335,176.127952,1.991903,-178.1198546162353,352.8297679959269,0,2.1e-10
1.0035140118156927,0.0,0.0000000000000000,0.0000000000000000,0.0020484482692254,0.0001415545160707,8.4995404327054160,3.0001400557963471,176.082696,1.991612,-178.0743089328634,352.6884930193901,0,3.2e-10
1.0035139956318513,0.0,-0.0000000000000001,0.0000000000000000,0.0020484602533355,0.0001439792693044,8.4995504327054157,3.0001400552125448,176.037445,1.991322,-178.0287666407298,352.5472418284226,0,1.2e-11
1.0035139794462777,0.0,-0.0000000000000000,0.0000000000000000,0.0020484722392923,0.0001463639653241,8.4995604327054153,3.0001400546287265,175.992196,1.991032,-177.9832273948924,352.4060135313030,0,2.6e-10
1.0035139632589609,0.0,-0.0000000000000000,0.0000000000000000,0.0020484842271043,0.0001487105322750,8.4995704327054149,3.0001400540448913,175.946950,1.990741,-177.9376912317036,352.2648079952032,0,1.7e-10
1.0035139470699175,0.0,0.0000000000000005,0.0000000000000000,0.0020484962167525,0.0001510207459486,8.4995804327054145,3.0001400534610401,175.901708,1.990450,-177.8921582476657,352.1236255005060,0,1.8e-10
1.0035139308791334,0.0,-0.0000000000000000,0.0000000000000000,0.0020485082082573,0.0001532962513009,8.4995904327054159,3.0001400528771729,175.856469,1.990160,-177.8466283838775,351.9824656921173,0,7.4e-11
1.0035139146866310,0.0,0.0000000000000000,0.0000000000000000,0.0020485202015875,0.0001555385696506,8.4996004327054155,3.0001400522932897,175.811233,1.989869,-177.8011016332002,351.8413294674265,0,1.4e-10
1.0035138984923906,0.0,0.0000000000000003,0.0000000000000000,0.0020485321967651,0.0001577491178772,8.4996104327054152,3.0001400517093897,175.766000,1.989578,-177.7555780912603,351.7002161091405,0,2.3e-10
1.0035138822964180,0.0,0.0000000000000002,0.0000000000000000,0.0020485441937917,0.0001599292127160,8.4996204327054148,3.0001400511254741,175.720770,1.989287,-177.7100576316427,351.5591256837452,0,2.8e-10
1.0035138660987037,0.0,0.0000000000000000,0.0000000000000000,0.0020485561926711,0.0001620800839277,8.4996304327054144,3.0001400505415421,175.675544,1.988997,-177.6645403531987,351.4180581347864,0,2.4e-10
1.0035138498992537,0.0,-0.0000000000000001,0.0000000000000000,0.0020485681934003,0.0001642028793709,8.4996404327054158,3.0001400499575932,175.630320,1.988706,-177.6190261368388,351.2770135643386,0,1.2e-10
1.0035138336980760,0.0,-0.0000000000000001,0.0000000000000000,0.0020485801959653,0.0001662986735964,8.4996504327054154,3.0001400493736292,175.585100,1.988415,-177.5735151122420,351.1359922320989,0,1.9e-10
1.0035138174951612,0.0,0.0000000000000001,0.0000000000000000,0.0020485922003832,0.0001683684754752,8.4996604327054150,3.0001400487896479,175.539884,1.988124,-177.5280072823647,350.9949938237678,0,2.4e-10
1.0035138012905118,0.0,-0.0000000000000001,0.0000000000000000,0.0020486042066478,0.0001704132319912,8.4996704327054147,3.0001400482056515,175.494670,1.987833,-177.4825025414079,350.8540185522543,0,3.2e-10
1.0035137850841098,0.0,0.0000000000000001,0.0000000000000000,0.0020486162147787,0.0001724338356356,8.4996804327054161,3.0001400476216378,175.449459,1.987541,-177.4370008826090,350.7130658888764,0,1.0e-10
1.0035137688759732,0.0,0.0000000000000004,0.0000000000000000,0.0020486282247586,0.0001744311241093,8.4996904327054157,3.0001400470376081,175.404252,1.987250,-177.3915022804500,350.5721364910969,0,1.1e-10
1.0035137526661153,0.0,-0.0000000000000000,0.0000000000000000,0.0020486402365686,0.0001764058886095,8.4997004327054153,3.0001400464535624,175.359048,1.986959,-177.3460070323029,350.4312304244886,0,2.4e-10
1.0035137364545059,0.0,-0.0000000000000004,0.0000000000000000,0.0020486522502462,0.0001783588793417,8.4997104327054149,3.0001400458695002,175.313847,1.986668,-177.3005148273740,350.2903472446396,0,2.7e-10
1.0035137202411542,0.0,0.0000000000000000,0.0000000000000000,0.0020486642657832,0.0001802908030641,8.4997204327054146,3.0001400452854212,175.268649,1.986376,-177.2550257506844,350.1494868195423,0,1.2e-10
1.0035137040260640,0.0,-0.0000000000000001,0.0000000000000000,0.0020486762831695,0.0001822023298365,8.4997304327054160,3.0001400447013271,175.223455,1.986085,-177.2095398517664,350.0086495935484,0,1.2e-10
1.0035136878092359,0.0,0.0000000000000000,0.0000000000000000,0.0020486883024085,0.0001840940949171,8.4997404327054156,3.0001400441172161,175.178264,1.985793,-177.1640570272995,349.8678355233787,0,1.9e-10
1.0035136715906579,0.0,-0.0000000000000002,0.0000000000000000,0.0020487003235126,0.0001859667022424,8.4997504327054152,3.0001400435330883,175.133076,1.985502,-177.1185773986775,349.7270439978220,0,2.5e-11
1.0035136553703483,0.0,0.0000000000000001,0.0000000000000000,0.0020487123464617,0.0001878207234515,8.4997604327054148,3.0001400429489449,175.087891,1.985210,-177.0731009204793,349.5862761417193,0,1.7e-10
1.0035136391482931,0.0,-0.0000000000000000,0.0000000000000000,0.0020487243712724,0.0001896567046301,8.4997704327054144,3.0001400423647850,175.042709,1.984919,-177.0276275053758,349.4455312834889,0,2.7e-10
1.0035136229244837,0.0,0.0000000000000002,0.0000000000000000,0.0020487363979547,0.0001914751651808,8.4997804327054158,3.0001400417806088,174.997530,1.984627,-176.9821572336005,349.3048091177516,0,2.6e-11
1.0035136066989470,0.0,0.0000000000000002,0.0000000000000000,0.0020487484264754,0.0001932765980205,8.4997904327054155,3.0001400411964161,174.952355,1.984335,-176.9366901988434,349.1641103907605,0,2.9e-10
1.0035135904716450,0.0,0.0000000000000002,0.0000000000000000,0.0020487604568816,0.0001950614772304,8.4998004327054151,3.0001400406122074,174.907183,1.984043,-176.8912262211373,349.0234341412051,0,4.3e-12
1.0035135742426131,0.0,0.0000000000000014,0.0000000000000000,0.0020487724891248,0.0001968302509184,8.4998104327054147,3.0001400400279827,174.862014,1.983751,-176.8457654386267,348.8827815709392,0,2.6e-10
1.0035135580118264,0.0,0.0000000000000002,0.0000000000000000,0.0020487845232489,0.0001985833510349,8.4998204327054161,3.0001400394437412,174.816848,1.983460,-176.8003076725167,348.7421517426756,0,1.5e-10
1.0035135417793033,0.0,0.0000000000000000,0.0000000000000000,0.0020487965592229,0.0002003211877809,8.4998304327054157,3.0001400388594828,174.771686,1.983168,-176.7548531530932,348.6015452805168,0,3.3e-10
1.0035135255450189,0.0,0.0000000000000004,0.0000000000000000,0.0020488085970733,0.0002020441565450,8.4998404327054153,3.0001400382752088,174.726526,1.982876,-176.7094017834519,348.4609613615667,0,1.6e-10
1.0035135093089884,0.0,0.0000000000000001,0.0000000000000000,0.0020488206367873,0.0002037526337488,8.4998504327054150,3.0001400376909180,174.681370,1.982583,-176.6639534587408,348.3204007485620,0,4.6e-11
1.0035134930712155,0.0,0.0000000000000001,0.0000000000000000,0.0020488326783586,0.0002054469805591,8.4998604327054146,3.0001400371066111,174.636217,1.982291,-176.6185083523334,348.1798632946156,0,9.1e-11
1.0035134768316787,0.0,0.0000000000000013,0.0000000000000000,0.0020488447218146,0.0002071275448345,8.4998704327054160,3.0001400365222874,174.591067,1.981999,-176.5730662443489,348.0393486730700,0,2.7e-10
1.0035134605904190,0.0,-0.0000000000000003,0.0000000000000000,0.0020488567671059,0.0002087946574455,8.4998804327054156,3.0001400359379482,174.545921,1.981707,-176.5276274714128,347.8988577076034,0,2.6e-10
1.0035134443473899,0.0,-0.0000000000000001,0.0000000000000000,0.0020488688142878,0.0002104486402964,8.4998904327054152,3.0001400353535925,174.500777,1.981415,-176.4821917304482,347.7583894035797,0,1.2e-10
1.0035134281026330,0.0,-0.0000000000000009,0.0000000000000000,0.0020488808633054,0.0002120897984363,8.4999004327054148,3.0001400347692204,174.455637,1.981122,-176.4367592999208,347.6179447558534,0,7.6e-10
1.0035134118560844,0.0,-0.0000000000000010,0.0000000000000000,0.0020488929142440,0.0002137184306619,8.4999104327054145,3.0001400341848310,174.410500,1.980830,-176.3913297997673,347.4775221040636,0,2.4e-10
1.0035133956077877,0.0,-0.0000000000000005,0.0000000000000000,0.0020489049670574,0.0002153348187581,8.4999204327054159,3.0001400336004260,174.365366,1.980537,-176.3459032892198,347.3371227416992,0,3.5e-10
1.0035133793577471,0.0,0.0000000000000002,0.0000000000000000,0.0020489170217187,0.0002169392365080,8.4999304327054155,3.0001400330160046,174.320235,1.980245,-176.3004800963873,347.1967467725190,0,4.0e-10
1.0035133631059687,0.0,-0.0000000000000001,0.0000000000000000,0.0020489290782357,0.0002185319468479,8.4999404327054151,3.0001400324315668,174.275108,1.979952,-176.2550601925774,347.0563942022218,0,1.2e-10
1.0035133468524340,0.0,-0.0000000000000001,0.0000000000000000,0.0020489411366270,0.0002201132051191,8.4999504327054147,3.0001400318471125,174.229984,1.979660,-176.2096433192038,346.9160646839227,0,1.4e-10
1.0035133305971351,0.0,-0.0000000000000003,0.0000000000000000,0.0020489531969037,0.0002216832567655,8.4999604327054143,3.0001400312626418,174.184863,1.979367,-176.1642295587330,346.7757580780326,0,2.1e-10
1.0035133143400747,0.0,0.0000000000000000,0.0000000000000000,0.0020489652590647,0.0002232423379438,8.4999704327054157,3.0001400306781547,174.139745,1.979074,-176.1188188799456,346.6354745115259,0,3.4e-11
1.0035132980812702,0.0,0.0000000000000005,0.0000000000000000,0.0020489773230825,0.0002247906761081,8.4999804327054154,3.0001400300936512,174.094630,1.978781,-176.0734114857104,346.4952142382754,0,2.7e-10
1.0035132818206975,0.0,0.0000000000000000,0.0000000000000000,0.0020489893889938,0.0002263284930249,8.4999904327054150,3.0001400295091316,174.049519,1.978489,-176.0280071091791,346.3549767699969,0,1.5e-10
1.0035132655583749,0.0,-0.0000000000000004,0.0000000000000000,0.0020490014567743,0.0002278560006581,8.5000004327054146,3.0001400289245952,174.004410,1.978196,-175.9826059140555,346.2147626413880,0,2.1e-10
1.0035132492942838,0.0,0.0000000000000000,0.0000000000000000,0.0020490135264429,0.0002293734059518,8.5000104327054160,3.0001400283400419,173.959305,1.977903,-175.9372077920415,346.0745714414497,0,4.8e-12
1.0035132330284449,0.0,0.0000000000000002,0.0000000000000000,0.0020490255979767,0.0002308809070677,8.5000204327054156,3.0001400277554731,173.914203,1.977610,-175.8918128232001,345.9344036975126,0,2.0e-10
1.0035132167608407,0.0,0.0000000000000003,0.0000000000000000,0.0020490376713967,0.0002323786976055,8.5000304327054153,3.0001400271708878,173.869105,1.977317,-175.8464211188650,345.7942585957844,0,1.7e-10
1.0035129860617447,0.0,-0.0000000000000000,0.0000000000000000,0.0020492089525835,0.0002526564158233,8.5001721312558409,3.0001400188856229,173.230405,1.973158,-175.2035629184114,343.8109124854309,0,7.5e-11
1.0035127435277695,0.0,-0.0000000000000000,0.0000000000000000,0.0020493891456354,0.0002723340596506,8.5003208642170911,3.0001400101854814,172.560688,1.968780,-174.5294685784609,341.7341081888644,0,1.1e-10
1.0035124903039738,0.0,-0.0000000000000001,0.0000000000000000,0.0020495774183279,0.0002914471874053,8.5004758957669910,3.0001400011129959,171.863361,1.964205,-173.8275660464688,339.5748174077089,0,8.6e-11
1.0035122273198600,0.0,-0.0000000000000000,0.0000000000000000,0.0020497730973260,0.0003100343469175,8.5006366249194656,3.0001399917028517,171.141217,1.959447,-173.1006635297440,337.3420672994907,0,6.2e-11
1.0035119553203082,0.0,-0.0000000000000001,0.0000000000000000,0.0020499756455231,0.0003281347989180,8.5008025659437187,3.0001399819830263,170.396521,1.954519,-172.3510402500131,335.0432274558643,0,6.3e-11
1.0035116748948552,0.0,-0.0000000000000001,0.0000000000000000,0.0020501846405864,0.0003457870642034,8.5009733298434345,3.0001399719758597,169.631099,1.949432,-171.5805313259866,332.6842815129330,0,9.1e-11
1.0035113865036922,0.0,-0.0000000000000001,0.0000000000000000,0.0020503997559042,0.0003630280521974,8.5011486079252911,3.0001399616990123,168.846412,1.944193,-170.7906048718420,330.2700642804502,0,8.3e-11
1.0035110904998659,0.0,-0.0000000000000001,0.0000000000000000,0.0020506207443211,0.0003798925865166,8.5013281577473307,3.0001399511662763,168.043617,1.938809,-169.9824256379408,327.8044701777308,0,1.1e-10
1.0035107871478328,0.0,-0.0000000000000001,0.0000000000000000,0.0020508474245535,0.0003964131903322,8.5015117913960054,3.0001399403882578,167.223627,1.933283,-169.1569099835763,325.2906224235812,0,1.1e-10
1.0035104766386918,0.0,-0.0000000000000001,0.0000000000000000,0.0020510796700426,0.0004126200401526,8.5016993658212563,3.0001399293729394,166.387151,1.927619,-168.3147702819756,322.7310148465458,0,6.2e-11
1.0035101591026157,0.0,-0.0000000000000000,0.0000000000000000,0.0020513173998654,0.0004285410203600,8.5018907749607582,3.0001399181261341,165.534733,1.921818,-167.4565512269224,320.1276276781446,0,8.7e-11
1.0035098346189111,0.0,-0.0000000000000001,0.0000000000000000,0.0020515605713995,0.0004442018376245,8.5020859433408571,3.0001399066518570,164.666778,1.915881,-166.5826595862200,317.4820203593554,0,4.3e-11
1.0035095032241494,0.0,-0.0000000000000001,0.0000000000000000,0.0020518091743932,0.0004596261659784,8.5022848208980246,3.0001398949526252,163.783579,1.909809,-165.6933881350517,314.7954084082285,0,6.9e-11
1.0035091649186958,0.0,-0.0000000000000001,0.0000000000000000,0.0020520632262330,0.0004748358057245,8.5024873787831119,3.0001398830297030,162.885334,1.903601,-164.7889350839245,312.0687248562226,0,4.5e-11
1.0035088196720017,0.0,-0.0000000000000001,0.0000000000000000,0.0020523227681068,0.0004898508425776,8.5026936059784148,3.0001398708832934,161.972164,1.897256,-163.8694197245045,309.3026709049573,0,4.4e-11
1.0035084674268107,0.0,-0.0000000000000001,0.0000000000000000,0.0020525878619853,0.0005046898040849,8.5029035065432819,3.0001398585126995,161.044123,1.890772,-162.9348952444179,306.4977561202686,0,5.5e-11
1.0035081081025845,0.0,-0.0000000000000001,0.0000000000000000,0.0020528585881689,0.0005193698051550,8.5031170973960268,3.0001398459164510,160.101211,1.884148,-161.9853591252319,303.6543328127500,0,7.6e-11
1.0035077415982026,0.0,-0.0000000000000001,0.0000000000000000,0.0020531350433823,0.0005339066852463,8.5033344064992740,3.0001398330924118,159.143382,1.877380,-161.0207620804023,300.7726220560999,0,1.1e-10
1.0035073677941500,0.0,-0.0000000000000001,0.0000000000000000,0.0020534173392474,0.0005483151327241,8.5035554713945078,3.0001398200378575,158.170547,1.870467,-160.0410137219943,297.8527380637861,0,4.8e-11
1.0035069865542432,0.0,-0.0000000000000001,0.0000000000000000,0.0020537056010987,0.0005626087988058,8.5037803380056189,3.0001398067495502,157.182585,1.863404,-159.0459897290357,294.8947053653901,0,4.8e-11
1.0035065977269895,0.0,-0.0000000000000001,0.0000000000000000,0.0020539999670842,0.0005768004007010,8.5040090596655791,3.0001397932237874,156.179346,1.856190,-158.0355355207105,291.8984753196382,0,2.6e-11
1.0035062011466478,0.0,-0.0000000000000001,0.0000000000000000,0.0020543005874841,0.0005909018147079,8.5042416963246215,3.0001397794564513,155.160651,1.848819,-157.0094702298495,288.8639388928859,0,8.7e-11
1.0035057966340377,0.0,-0.0000000000000001,0.0000000000000000,0.0020546076242274,0.0006049241601681,8.5044783139066116,3.0001397654430417,154.126302,1.841288,-155.9675903012106,285.7909367556058,0,6.9e-11
1.0035053839971384,0.0,-0.0000000000000001,0.0000000000000000,0.0020549212505701,0.0006188778750183,8.5047189837875550,3.0001397511787045,153.076078,1.833593,-154.9096715301378,282.6792701409413,0,5.3e-11
1.0035049630315138,0.0,-0.0000000000000000,0.0000000000000000,0.0020552416509097,0.0006327727838720,8.5049637823747481,3.0001397366582556,152.009742,1.825730,-153.8354716315844,279.5287073460549,0,4.7e-11
1.0035045335205792,0.0,-0.0000000000000001,0.0000000000000000,0.0020555690207319,0.0006466181593263,8.5052127907697557,3.0001397218761965,150.927039,1.817693,-152.7447317489100,276.3389915314419,0,6.6e-11
1.0035040952357475,0.0,-0.0000000000000000,0.0000000000000000,0.0020559035666518,0.0006604227771567,8.5054660945022249,3.0001397068267281,149.827701,1.809477,-151.6371779745712,273.1098463487288,0,9.1e-12
1.0035036479364370,0.0,-0.0000000000000000,0.0000000000000000,0.0020562455065656,0.0006741949668661,8.5057237833183574,3.0001396915037599,148.711444,1.801078,-150.5125228302086,269.8409804955427,0,3.8e-11
1.0035031913700150,0.0,-0.0000000000000001,0.0000000000000000,0.0020565950698825,0.0006879426560524,8.5059859510271210,3.0001396759009187,147.577976,1.792490,-149.3704660085977,266.5320932815757,0,4.8e-11
1.0035027252716207,0.0,-0.0000000000000001,0.0000000000000000,0.0020569524978329,0.0007016734118455,8.5062526953829440,3.0001396600115480,146.426988,1.783707,-148.2106950134230,263.1828785014932,0,2.3e-11
1.0035022493638865,0.0,-0.0000000000000001,0.0000000000000000,0.0020573180438872,0.0007153944787823,8.5065241180034015,3.0001396438287133,145.258163,1.774723,-147.0328864016929,259.7930277018932,0,4.7e-11
1.0035017633566399,0.0,-0.0000000000000001,0.0000000000000000,0.0020576919742028,0.0007291128117356,8.5068003243286423,3.0001396273452006,144.071174,1.765532,-145.8367059441303,256.3622339011490,0,1.8e-11
1.0035012669464423,0.0,-0.0000000000000001,0.0000000000000000,0.0020580745682055,0.0007428351084205,8.5070814235953574,3.0001396105535107,142.865683,1.756126,-144.6218089012695,252.8901952702272,0,5.3e-11
1.0035007598161441,0.0,-0.0000000000000001,0.0000000000000000,0.0020584661191880,0.0007565678367617,8.5073675288501800,3.0001395934458608,141.641341,1.746500,-143.3878407129673,249.3766179000031,0,4.3e-11
1.0035002416342731,0.0,-0.0000000000000001,0.0000000000000000,0.0020588669350490,0.0007703172626679,8.5076587569715105,3.0001395760141731,140.397792,1.736646,-142.1344373935423,245.8212175851313,0,2.5e-11
1.0034997120544389,0.0,-0.0000000000000001,0.0000000000000000,0.0020592773390524,0.0007840894732394,8.5079552287264182,3.0001395582500701,139.134670,1.726555,-140.8612251249641,242.2237247930625,0,3.8e-11
1.0034991707145706,0.0,-0.0000000000000001,0.0000000000000000,0.0020596976707346,0.0007978904008151,8.5082570688331725,3.0001395401448638,137.851599,1.716222,-139.5678208868692,238.5838856131322,0,5.8e-11
1.0034986172361373,0.0,-0.0000000000000001,0.0000000000000000,0.0020601282868596,0.0008117258437885,8.5085644060517822,3.0001395216895479,136.548197,1.705636,-138.2538325107234,234.9014648845623,0,6.0e-11
1.0034980512232807,0.0,-0.0000000000000001,0.0000000000000000,0.0020605695624705,0.0008256014863842,8.5088773732910745,3.0001395028747839,135.224070,1.694789,-136.9188585010013,231.1762500031946,0,7.4e-11
1.0034974722617980,0.0,-0.0000000000000001,0.0000000000000000,0.0020610218921003,0.0008395229188278,8.5091961077248062,3.0001394836908877,133.878816,1.683672,-135.5624882275940,227.4080518593728,0,7.9e-11
1.0034968799181236,0.0,-0.0000000000000001,0.0000000000000000,0.0020614856910186,0.0008534956542731,8.5095207509377531,3.0001394641278161,132.512025,1.672276,-134.1843017216001,223.5967096177264,0,2.8e-11
1.0034962737381121,0.0,-0.0000000000000001,0.0000000000000000,0.0020619613966769,0.0008675251474928,8.5098514490756152,3.0001394441751481,131.123279,1.660591,-132.7838698652391,219.7420920686236,0,2.7e-11
1.0034956532457791,0.0,-0.0000000000000001,0.0000000000000000,0.0020624494702466,0.0008816168111024,8.5101883530218085,3.0001394238220698,129.712149,1.648605,-131.3607538301171,215.8441019270813,0,4.2e-11
1.0034950179418825,0.0,-0.0000000000000001,0.0000000000000000,0.0020629503983296,0.0008957760324147,8.5105316185870148,3.0001394030573501,128.278197,1.636308,-129.9145055691011,211.9026773518999,0,5.2e-11
1.0034943673024146,0.0,-0.0000000000000001,0.0000000000000000,0.0020634646948038,0.0009100081890555,8.5108814067224081,3.0001393818693272,126.820978,1.623689,-128.4446670793330,207.9177973606829,0,4.8e-11
1.0034937007768743,0.0,-0.0000000000000001,0.0000000000000000,0.0020639929029120,0.0009243186659781,8.5112378837438047,3.0001393602458739,125.340036,1.610734,-126.9507706511007,203.8894833823542,0,6.4e-11
1.0034930177864505,0.0,-0.0000000000000001,0.0000000000000000,0.0020645355975058,0.0009387128708619,8.5116012215846961,3.0001393381743791,123.834907,1.597432,-125.4323382180548,199.8178042841228,0,1.8e-11
1.0034923177219959,0.0,-0.0000000000000001,0.0000000000000000,0.0020650933875331,0.0009531962504438,8.5119715980672375,3.0001393156417202,122.305114,1.583768,-123.8888817259069,195.7028792321571,0,5.5e-11
1.0034915999417957,0.0,-0.0000000000000001,0.0000000000000000,0.0020656669188009,0.0009677743070632,8.5123491971962881,3.0001392926342261,120.750174,1.569728,-122.3199020710656,191.5448831529939,0,5.8e-11
1.0034908637691626,0.0,-0.0000000000000001,0.0000000000000000,0.0020662568769786,0.0009824526148563,8.5127342094828666,3.0001392691376512,119.169593,1.555296,-120.7248897468911,187.3440494112610,0,4.8e-11
1.0034901084897079,0.0,-0.0000000000000001,0.0000000000000000,0.0020668639909942,0.0009972368379257,8.5131268322866482,3.0001392451371340,117.562866,1.540458,-119.1033238161331,183.1006763299320,0,3.4e-11
1.0034893333484169,0.0,-0.0000000000000001,0.0000000000000000,0.0020674890367269,0.0010121327476888,8.5135272701956559,3.0001392206171573,115.929476,1.525196,-117.4546720271077,178.8151308664274,0,4.8e-11
1.0034885375463773,0.0,-0.0000000000000001,0.0000000000000000,0.0020681328411492,0.0010271462417909,8.5139357354335985,3.0001391955615064,114.268899,1.509491,-115.7783902164871,174.4878550784733,0,3.6e-11
1.0034877202371768,0.0,-0.0000000000000001,0.0000000000000000,0.0020687962869133,0.0010422833638407,8.5143524483027093,3.0001391699532229,112.580598,1.493325,-114.0739221848175,170.1193715472509,0,5.5e-11
1.0034868805229116,0.0,-0.0000000000000001,0.0000000000000000,0.0020694803174723,0.0010575503242797,8.5147776376638635,3.0001391437745473,110.864023,1.476676,-112.3406992669178,165.7102896939114,0,6.0e-11
1.0034860174497569,0.0,-0.0000000000000001,0.0000000000000000,0.0020701859427951,0.0010729535226519,8.5152115414572638,3.0001391170068672,109.118615,1.459525,-110.5781397897517,161.2613135047859,0,5.4e-11
1.0034851300030490,0.0,-0.0000000000000001,0.0000000000000000,0.0020709142457621,0.0010884995713478,8.5156544072674052,3.0001390896306508,107.343803,1.441846,-108.7856492394982,156.7732475397661,0,4.2e-11
1.0034842171018061,0.0,-0.0000000000000001,0.0000000000000000,0.0020716663893357,0.0011041953212028,8.5161064929359078,3.0001390616253802,105.539003,1.423616,-106.9626192239347,152.2470069535420,0,4.4e-11
1.0034832775926141,0.0,-0.0000000000000001,0.0000000000000000,0.0020724436246250,0.0011200478890876,8.5165680672260251,3.0001390329694755,103.703620,1.404808,-105.1084278302913,147.6836248070667,0,5.0e-11
1.0034823102427965,0.0,-0.0000000000000001,0.0000000000000000,0.0020732472999630,0.0011360646877960,8.5170394105437772,3.0001390036402094,101.837046,1.385392,-103.2224387714940,143.0842632881795,0,3.3e-11
1.0034813137327552,0.0,-0.0000000000000002,0.0000000000000000,0.0020740788711677,0.0011522534585799,8.5175208157187541,3.0001389736136184,99.938662,1.365340,-101.3040014724151,138.4502235573982,0,5.1e-11
1.0034802866473702,0.0,-0.0000000000000001,0.0000000000000000,0.0020749399131587,0.0011686223066280,8.5180125888495564,3.0001389428643988,98.007834,1.344617,-99.3524508415898,133.7829579727932,0,3.8e-11
1.0034792274663382,0.0,-0.0000000000000001,0.0000000000000000,0.0020758321331279,0.0011851797396853,8.5185150502189284,3.0001389113657955,96.043920,1.323187,-97.3671071851496,129.0840834805304,0,5.8e-11
1.0034781345532238,0.0,-0.0000000000000001,0.0000000000000000,0.0020767573855775,0.0012019347110620,8.5190285352763837,3.0001388790894796,94.046263,1.301013,-95.3472762660676,124.3553956656851,0,5.3e-11
1.0034770061431715,0.0,-0.0000000000000001,0.0000000000000000,0.0020777176894033,0.0012188966655401,8.5195533957031433,3.0001388460054121,92.014198,1.278052,-93.2922495486531,119.5988858491355,0,5.2e-11
1.0034758403288986,0.0,-0.0000000000000001,0.0000000000000000,0.0020787152475206,0.0012360755911338,8.5200900005450926,3.0001388120816905,89.947047,1.254257,-91.2013049472797,114.8167585203055,0,5.6e-11
1.0034746350448369,0.0,-0.0000000000000001,0.0000000000000000,0.0020797524693481,0.0012534820752106,8.5206387374238357,3.0001387772843850,87.844127,1.229581,-89.0737075204038,110.0114522643471,0,4.9e-11
1.0034733880490381,0.0,-0.0000000000000001,0.0000000000000000,0.0020808319967245,0.0012711273669682,8.5212000138125088,3.0001387415773531,85.704744,1.203967,-86.9087110085112,105.1856623494518,0,4.5e-11
1.0034720969026094,0.0,-0.0000000000000001,0.0000000000000000,0.0020819567337669,0.0012890234449622,8.5217742583773326,3.0001387049220392,83.528204,1.177355,-84.7055596264474,100.3423675882982,0,4.7e-11
1.0034707589461396,0.0,-0.0000000000000001,0.0000000000000000,0.0020831298814957,0.0013071830921868,8.5223619223536566,3.0001386672772470,81.313811,1.149680,-82.4634914002627,95.4848586154299,0,3.6e-11
1.0034693712726961,0.0,-0.0000000000000001,0.0000000000000000,0.0020843549780507,0.0013256199782774,8.5229634809325656,3.0001386285988993,79.060874,1.120868,-80.1817415536442,90.6167729003578,0,3.0e-11
1.0034679306969254,0.0,-0.0000000000000001,0.0000000000000000,0.0020856359454539,0.0013443487479009,8.5235794346219400,3.0001385888397718,76.768712,1.090837,-77.8595483390686,85.7421329050435,0,3.3e-11
1.0034664337194237,0.0,-0.0000000000000000,0.0000000000000000,0.0020869771443358,0.0013633851180874,8.5242103104942188,3.0001385479491982,74.436664,1.059497,-75.4961603062150,80.8653902794736,0,3.3e-11
1.0034648764858825,0.0,-0.0000000000000001,0.0000000000000000,0.0020883834379073,0.0013827459807902,8.5248566632452665,3.0001385058727696,72.064101,1.026745,-73.0908462927464,75.9914777271179,0,4.2e-11
1.0034632547399367,0.0,-0.0000000000000000,0.0000000000000000,0.0020898602671792,0.0014024495128319,8.5255190758954758,3.0001384625520009,69.650440,0.992469,-70.6429085342743,71.1258684623535,0,2.9e-11
1.0034615637689988,0.0,-0.0000000000000001,0.0000000000000000,0.0020914137393653,0.0014225152884386,8.5261981599426893,3.0001384179239938,67.195164,0.956537,-68.1517006893273,66.2746454693361,0,4.7e-11
1.0034597983419362,0.0,-0.0000000000000001,0.0000000000000000,0.0020930507321355,0.0014429643923243,8.5268945546547812,3.0001383719211034,64.697848,0.918803,-65.6166514971321,61.4445823186975,0,4.8e-11
1.0034579526376248,0.0,-0.0000000000000000,0.0000000000000000,0.0020947790165881,0.0014638195267109,8.5276089250783063,3.0001383244706155,62.158197,0.879099,-63.0372964279470,56.6432378199504,0,4.8e-11
1.0034560201633893,0.0,-0.0000000000000001,0.0000000000000000,0.0020966074023733,0.0014851051026230,8.5283419581538951,3.0001382754944790,59.576087,0.837233,-60.4133198415098,51.8790666856617,0,5.7e-11
1.0034539936625730,0.0,-0.0000000000000000,0.0000000000000000,0.0020985459087570,0.0015068473007866,8.5290943560768202,3.0001382249091328,56.951630,0.792981,-57.7446110333691,47.1615490511090,0,4.1e-11
1.0034518650110198,0.0,-0.0000000000000001,0.0000000000000000,0.0021006059656266,0.0015290740792238,8.5298668256904495,3.0001381726254950,54.285255,0.746084,-55.0313390374641,42.5013413598476,0,3.6e-11
1.0034496251031331,0.0,-0.0000000000000001,0.0000000000000000,0.0021028006484518,0.0015518150941517,8.5306600622041060,3.0001381185492209,51.577813,0.696238,-52.2740517915725,37.9104517843064,0,4.1e-11
1.0034472637301450,0.0,-0.0000000000000001,0.0000000000000000,0.0021051449501651,0.0015751014826573,8.5314747248760039,3.0001380625813869,48.830720,0.643088,-49.4738080752072,33.4024417084008,0,4.5e-11
1.0034447694559523,0.0,-0.0000000000000000,0.0000000000000000,0.0021076560911123,0.0015989654351590,8.5323114013751304,3.0001380046198269,46.046143,0.586209,-46.6323521601997,28.9926530451507,0,5.5e-11
1.0034421295011977,0.0,-0.0000000000000000,0.0000000000000000,0.0021103538634560,0.0016234394497611,8.5331705564036948,3.0001379445614469,43.227248,0.525096,-43.7523438703351,24.6984582086973,0,4.7e-11
1.0034393296540087,0.0,-0.0000000000000000,0.0000000000000000,0.0021132609983178,0.0016485551191837,8.5340524586992146,3.0001378823059790,40.378516,0.459143,-40.8376595194683,20.5395218755548,0,3.8e-11
1.0034363542382070,0.0,-0.0000000000000001,0.0000000000000000,0.0021164035292239,0.0016743412438132,8.5349570789406926,3.0001378177618236,37.506162,0.387618,-37.8937799272798,16.5380530172671,0,4.2e-11
1.0034331861880392,0.0,-0.0000000000000000,0.0000000000000000,0.0021198111010249,0.0017008209983426,8.5358839496600805,3.0001377508548082,34.618651,0.309631,-34.9282816398014,12.7190046955312,0,3.6e-11
1.0034298073035521,0.0,0.0000000000000000,0.0000000000000000,0.0021235171354087,0.0017280078190853,8.5368319777885109,3.0001376815409020,31.727337,0.224102,-31.9514385573138,9.1101522513338,0,3.2e-11
1.0034261987921571,0.0,-0.0000000000000001,0.0000000000000000,0.0021275587087131,0.0017558996522525,8.5377992025951190,3.0001376098240056,28.847207,0.129716,-28.9769230591985,5.7419354449229,0,2.7e-11
1.0034223422336697,0.0,-0.0000000000000000,0.0000000000000000,0.0021319759258930,0.0017844712787733,8.5387824993089971,3.0001375357796909,25.997672,0.024883,-26.0225551093634,2.6469003783475,0,2.5e-11
1.0034182211213960,0.0,-0.0000000000000000,0.0000000000000000,0.0021368105003612,0.0018136647217548,8.5397772456714716,3.0001374595848946,23.203271,-0.092292,-23.1109794251614,-0.1414763619412,0,1.5e-11
1.0034138230977503,0.0,0.0000000000000000,0.0000000000000000,0.0021421032119365,0.0018433783948743,8.5407769992781883,3.0001373815515429,20.494057,-0.224007,-20.2700497165836,-2.5908144297598,0,2.8e-11
1.0034091428678460,0.0,0.0000000000000000,0.0000000000000000,0.0021478899935708,0.0018734567806866,8.5417732778636584,3.0001373021585822,17.905260,-0.372676,-17.5325834592668,-4.6728617809225,0,2.0e-11
1.0034041854923106,0.0,0.0000000000000000,0.0000000000000000,0.0021541966984009,0.0019036839077415,8.5427555807867073,3.0001372220723108,15.475765,-0.540680,-14.9350853591788,-6.3674374427159,0,2.3e-11
1.0033989693499616,0.0,0.0000000000000001,0.0000000000000000,0.0021610331880516,0.0019337850741451,8.5437118054068044,3.0001371421412415,13.244974,-0.729841,-12.5151322460794,-7.6667307623062,0,1.6e-11
1.0033935276954835,0.0,0.0000000000000000,0.0000000000000000,0.0021683881331132,0.0019634408652102,8.5446291492994391,3.0001370633529070,11.247994,-0.940511,-10.3074829706828,-8.5788584642966,0,1.8e-11
1.0033879077500940,0.0,0.0000000000000000,0.0000000000000000,0.0021762263894374,0.0019923143265109,8.5454954226543887,3.0001369867498808,9.509879,-1.170288,-8.3395907496096,-9.1292944346546,0,1.3e-11
1.0033821669272063,0.0,-0.0000000000000000,0.0000000000000000,0.0021844904305887,0.0020200866106132,8.5463004791565140,3.0001369133194178,8.040496,-1.412746,-6.6277500193252,-9.3591765822276,0,1.6e-11
1.0033763669379288,0.0,-0.0000000000000000,0.0000000000000000,0.0021931059301656,0.0020464915527869,8.5470373486614477,3.0001368438861999,6.832113,-1.656970,-5.1751436238861,-9.3206042715644,0,1.2e-11
1.0033705674504472,0.0,0.0000000000000000,0.0000000000000000,0.0022019899095226,0.0020713392333817,8.5477027412918858,3.0001367790389959,5.861142,-1.888758,-3.9723841843320,-9.0702760551962,0,1.5e-11
1.0033648210348323,0.0,-0.0000000000000000,0.0000000000000000,0.0022110590121735,0.0020945234087659,8.5482968538664004,3.0001367191071919,5.093621,-2.093472,-3.0001484041452,-8.6633533351620,0,1.4e-11
1.0033591703387263,0.0,-0.0000000000000000,0.0000000000000000,0.0022202359063273,0.0021160143458732,8.5488226694517682,3.0001366641825831,4.492121,-2.259288,-2.2328329648968,-8.1489920558053,0,9.7e-12
1.0033536474459832,0.0,0.0000000000000000,0.0000000000000000,0.0022294530099185,0.0021358428663660,8.5492850507393694,3.0001366141685781,4.021405,-2.379275,-1.6421297131857,-7.5680308261779,0,1.1e-11
1.0033482747541529,0.0,0.0000000000000001,0.0000000000000000,0.0022386538059689,0.0021540818686968,8.5496898803265715,3.0001365688374397,3.651542,-2.451710,-1.1998324764594,-6.9525220382306,0,9.6e-12
1.0033430665944334,0.0,0.0000000000000001,0.0000000000000000,0.0022477925229305,0.0021708296324452,8.5500433838006291,3.0001365278821988,3.358722,-2.479052,-0.8796699697020,-6.3264478988453,0,1.0e-11
1.0033380310083715,0.0,0.0000000000000001,0.0000000000000000,0.0022568329648192,0.0021861968173464,8.5503516672662396,3.0001364909572481,3.124729,-2.466452,-0.6582767466820,-5.7069938883584,0,8.5e-12
1.0033331713540803,0.0,0.0000000000000000,0.0000000000000000,0.0022657470560050,0.0022002973711273,8.5506204413642788,3.0001364577068665,2.935900,-2.420363,-0.5155373601409,-5.1059449290450,0,5.5e-12
1.0033284876154809,0.0,-0.0000000000000000,0.0000000000000000,0.0022745134223481,0.0022132427265471,8.5508548833877231,3.0001364277835374,2.782063,-2.347526,-0.4345369396240,-4.5309673630514,0,5.5e-12
1.0033239774048568,0.0,0.0000000000000000,0.0000000000000000,0.0022831161513584,0.0022251384391835,8.5510595909091087,3.0001364008586520,2.655632,-2.254334,-0.4012982924893,-3.9866813647555,0,7.8e-12
1.0033196367010906,0.0,0.0000000000000000,0.0000000000000000,0.0022915437687535,0.0022360824914095,8.5512385905572437,3.0001363766279714,2.550915,-2.146489,-0.4044259334722,-3.4755091668575,0,8.0e-12
1.0033154603801830,0.0,0.0000000000000001,0.0000000000000000,0.0022997884178225,0.0022461646622734,8.5513953766736286,3.0001363548137268,2.463599,-2.028870,-0.4347293890485,-2.9983224049480,0,8.9e-12
1.0033114425910203,0.0,0.0000000000000000,0.0000000000000000,0.0023078452091837,0.0022554665396681,8.5515329636676860,3.0001363351646475,2.390384,-1.905520,-0.4848648933118,-2.5549244635655,0,7.9e-12
1.0033075770195168,0.0,0.0000000000000001,0.0000000000000000,0.0023157117059171,0.0022640618932736,8.5516539423639326,3.0001363174548308,2.328712,-1.779698,-0.5490138044840,-2.1444038919724,0,8.1e-12
1.0033038570737296,0.0,0.0000000000000001,0.0000000000000000,0.0023233875132919,0.0022720172295279,8.5517605348987402,3.0001363014819948,2.276575,-1.653971,-0.6226039670210,-1.7653900762264,0,7.3e-12
1.0033002760135532,0.0,0.0000000000000000,0.0000000000000000,0.0023308739484213,0.0022793924198467,8.5518546454304722,3.0001362870654793,2.232383,-1.530309,-0.7020737242977,-1.4162362182531,0,9.9e-12
1.0032977800137357,0.0,0.0000000000000000,0.0000000000000000,0.0023361480369402,0.0022843734361020,8.5519155973186347,3.0001362775587883,2.204758,-1.443400,-0.7613584390325,-1.1823475071197,0,6.0e-12
1.0032953360599746,0.0,0.0000000000000001,0.0000000000000000,0.0023413565124281,0.0022891267926947,8.5519717720275761,3.0001362686712052,2.180053,-1.358262,-0.8217915867313,-0.9610823235991,0,6.2e-12
1.0032929428362265,0.0,0.0000000000000000,0.0000000000000000,0.0023464992097725,0.0022936652698356,8.5520235671373346,3.0001362603635084,2.157970,-1.275265,-0.8827052060241,-0.7519830896636,0,9.4e-12
1.0032905989509093,0.0,-0.0000000000000000,0.0000000000000000,0.0023515763041891,0.0022980009748701,8.5520713452571595,3.0001362525988822,2.138246,-1.194706,-0.9435398032720,-0.5545747041653,0,8.6e-12
1.0032883029432111,0.0,-0.0000000000000000,0.0000000000000000,0.0023565882965617,0.0023021453761565,8.5521154370055772,3.0001362453428029,2.120647,-1.116816,-1.0038305527861,-0.3683726282137,0,7.5e-12
1.0032863542794321,0.0,0.0000000000000001,0.0000000000000000,0.0023608719149994,0.0023055844682446,8.5521508368837011,3.0001362394513413,2.106977,-1.051728,-1.0552484708604,-0.2159666561252,0,6.3e-12
1.0032844339951315,0.0,0.0000000000000001,0.0000000000000000,0.0023651198544541,0.0023089042754712,8.5521839719868584,3.0001362338814945,2.094587,-0.988680,-1.1059071061328,-0.0708749349344,0,7.6e-12
1.0032827952269272,0.0,0.0000000000000000,0.0000000000000000,0.0023687659331306,0.0023116838610027,8.5522109210285269,3.0001362293106353,2.084824,-0.935847,-1.1489762470538,0.0489229097186,0,8.9e-12
1.0032811721998551,0.0,0.0000000000000001,0.0000000000000000,0.0023723958917055,0.0023143888118404,8.5522364422241708,3.0001362249470418,2.075859,-0.884501,-1.1913585535931,0.1639013195151,0,5.8e-12
1.0032798046743114,0.0,-0.0000000000000001,0.0000000000000000,0.0023754689720448,0.0023166313516424,8.5522570672470923,3.0001362213950653,2.068829,-0.842053,-1.2267756480206,0.2579356750536,0,6.4e-12
1.0032783867643094,0.0,-0.0000000000000001,0.0000000000000000,0.0023786692984202,0.0023189215735342,8.5522776254799417,3.0001362178312743,2.062026,-0.798884,-1.2631422471200,0.3526808876886,0,5.2e-12
1.0032769160427100,0.0,-0.0000000000000001,0.0000000000000000,0.0023820038692422,0.0023212599123953,8.5522980820253398,3.0001362142614241,2.055473,-0.755064,-1.3004095771170,0.4479867911540,0,4.6e-12
1.0032753899336087,0.0,-0.0000000000000000,0.0000000000000000,0.0023854801730189,0.0023236467190506,8.5523183987683620,3.0001362106919887,2.049194,-0.710679,-1.3385157582518,0.5436813270738,0,5.7e-12
1.0032738057013399,0.0,-0.0000000000000001,0.0000000000000000,0.0023891062298473,0.0023260822454919,8.5523385340764317,3.0001362071302431,2.043214,-0.665830,-1.3773839913892,0.6395679825380,0,4.6e-12
1.0032721604385242,0.0,-0.0000000000000000,0.0000000000000000,0.0023928906369850,0.0023285666283699,8.5523584424674262,3.0001362035843515,2.037555,-0.620635,-1.4169205617897,0.7354229570670,0,6.1e-12
1.0032704510530996,0.0,-0.0000000000000001,0.0000000000000000,0.0023968426189627,0.0023310998698800,8.5523780742400923,3.0001362000634648,2.032243,-0.575230,-1.4570126223575,0.8309920011393,0,5.0e-12
1.0032686742542405,0.0,-0.0000000000000001,0.0000000000000000,0.0024009720827334,0.0023336818158686,8.5523973750507380,3.0001361965778353,2.027301,-0.529775,-1.4975257426194,0.9259868746266,0,4.9e-12
1.0032668265370455,0.0,-0.0000000000000000,0.0000000000000000,0.0024052896784334,0.0023363121307690,8.5524162854114802,3.0001361931389363,2.022750,-0.484449,-1.5383012351107,1.0200814490616,0,5.3e-12
1.0032649041659116,0.0,-0.0000000000000001,0.0000000000000000,0.0024098068663481,0.0023389902688218,8.5524347401588727,3.0001361897596057,2.018610,-0.439457,-1.5791532118332,1.1129073216666,0,3.8e-12
1.0032629031564522,0.0,-0.0000000000000001,0.0000000000000000,0.0024145359908337,0.0023417154409860,8.5524526677977359,3.0001361864542031,2.014898,-0.395033,-1.6198653979396,1.2040489692008,0,5.0e-12
1.0032608192558521,0.0,-0.0000000000000000,0.0000000000000000,0.0024194903619531,0.0023444865766773,8.5524699897440897,3.0001361832387818,2.011626,-0.351438,-1.6601876809972,1.2930383367069,0,4.8e-12
1.0032586479215244,0.0,-0.0000000000000000,0.0000000000000000,0.0024246843456493,0.0023473022799533,8.5524866194814706,3.0001361801312942,2.008799,-0.308966,-1.6998324166309,1.3793488320820,0,4.8e-12
1.0032563842979345,0.0,-0.0000000000000001,0.0000000000000000,0.0024301334634913,0.0023501607786078,8.5525024615055241,3.0001361771518105,2.006417,-0.267946,-1.7384705112042,1.4623886606303,0,4.7e-12
1.0032540231914826,0.0,-0.0000000000000001,0.0000000000000000,0.0024358545029438,0.0023530598652667,8.5525174101354455,3.0001361743227752,2.004469,-0.228742,-1.7757273044330,1.5414934074287,0,5.1e-12
1.0032515590432922,0.0,-0.0000000000000002,0.0000000000000000,0.0024418656393501,0.0023559968292439,8.5525313480501275,3.0001361716692960,2.002938,-0.191759,-1.8111783516236,1.6159178652171,0,5.9e-12
1.0032489858998381,0.0,-0.0000000000000001,0.0000000000000000,0.0024481865707483,0.0023589683774412,8.5525441446009989,3.0001361692194632,2.001791,-0.157446,-1.8443451526693,1.6848269579245,0,5.7e-12
1.0032462973813585,0.0,-0.0000000000000000,0.0000000000000000,0.0024548386668551,0.0023619705415560,8.5525556537102219,3.0001361670047255,2.000986,-0.126295,-1.8746909814099,1.7472857275201,0,4.2e-12
1.0032434866480144,0.0,-0.0000000000000001,0.0000000000000000,0.0024618451333341,0.0023649985707275,8.5525657114103613,3.0001361650603062,2.000470,-0.098853,-1.9016170330645,1.8022483713780,0,3.6e-12
1.0032405463639495,0.0,-0.0000000000000001,0.0000000000000000,0.0024692311925832,0.0023680468052336,8.5525741327984139,3.0001361634256809,2.000179,-0.075720,-1.9244591101151,1.8485461972546,0,3.9e-12
1.0032374686594905,0.0,-0.0000000000000001,0.0000000000000000,0.0024770242818836,0.0023711085287901,8.5525807084175227,3.0001361621451226,2.000047,-0.057561,-1.9424852281204,1.8848745081481,0,1.1e-11
1.0032342450919773,0.0,-0.0000000000000001,0.0000000000000000,0.0024852542694758,0.0023741757949510,8.5525851997350024,3.0001361612683186,2.000005,-0.045111,-1.9548946543683,1.9097784710035,0,3.4e-12
1.0032308666061511,0.0,-0.0000000000000001,0.0000000000000000,0.0024939536882311,0.0023772392219155,8.5525873336916227,3.0001361608510826,2.000000,-0.039181,-1.9608189812865,1.9216379234907,0,4.4e-12
