x0,y0,z0,xd0,yd0,zd0,Tp,JC,stabilityIndex1,stabilityIndex2,alpha,beta,impactFlag,error
1.0017813694548008,0.0,0.0000000000000000,0.0000000000000000,0.0086177521934794,0.0000000000000000,1.2350219441186272,3.0001476564377283,1.988838,0.409001,-2.3978390208093,2.8134367219411,0,1.6e-13
1.0018018521123169,0.0,-0.0000000000000000,0.0000000000000000,0.0084907100612673,0.0000000000000000,1.2366682278373657,3.0001476267655414,1.983594,0.402727,-2.3863212984611,2.7988472319034,0,4.4e-14
1.0018189008181526,0.0,0.0000000000000000,0.0000000000000000,0.0083864020337292,0.0000000000000000,1.2382497809556028,3.0001475969032549,1.978922,0.396789,-2.3757104768026,2.7852135844474,0,2.6e-14
1.0018337026775883,0.0,-0.0000000000000000,0.0000000000000000,0.0082968608976677,0.0000000000000000,1.2397689120625812,3.0001475675940639,1.974619,0.391127,-2.3657450978132,2.7723257749931,0,1.4e-13
1.0018468840316370,0.0,-0.0000000000000000,0.0000000000000000,0.0082179000098222,0.0000000000000000,1.2412312976696755,3.0001475390571168,1.970583,0.385699,-2.3562825254515,2.7600521611495,0,1.9e-13
1.0018588228845378,0.0,0.0000000000000000,0.0000000000000000,0.0081470009252477,0.0000000000000000,1.2426423195852623,3.0001475113497298,1.966759,0.380476,-2.3472341528116,2.7483035409034,0,2.8e-14
1.0018697681223450,0.0,-0.0000000000000000,0.0000000000000000,0.0080825101825285,0.0000000000000000,1.2440065444168176,3.0001474844709692,1.963107,0.375433,-2.3385400595616,2.7370157324430,0,1.1e-14
1.0018798939903060,0.0,0.0000000000000000,0.0000000000000000,0.0080232732409184,0.0000000000000000,1.2453277728909919,3.0001474583977061,1.959602,0.370555,-2.3301571989847,2.7261403715583,0,6.0e-14
1.0018893281850629,0.0,0.0000000000000000,0.0000000000000000,0.0079684461138971,0.0000000000000000,1.2466091795210292,3.0001474330987463,1.956227,0.365827,-2.3220532097674,2.7156396631964,0,2.7e-14
1.0018964556427061,0.0,0.0000000000000000,0.0000000000000000,0.0079272545496042,0.0000000000000000,1.2476091795210291,3.0001474133604913,1.953605,0.362138,-2.3157427634444,2.7074740921299,0,7.2e-14
1.0019033965971209,0.0,0.0000000000000000,0.0000000000000000,0.0078873291660306,0.0000000000000000,1.2486091795210292,3.0001473936343972,1.950992,0.358449,-2.3094419024575,2.6993322046704,0,4.8e-14
1.0019101661295695,0.0,0.0000000000000000,0.0000000000000000,0.0078485673270355,0.0000000000000000,1.2496091795210291,3.0001473739262541,1.948387,0.354761,-2.3031487460467,2.6912126667699,0,3.9e-14
1.0019167773166795,0.0,0.0000000000000000,0.0000000000000000,0.0078108799824168,0.0000000000000000,1.2506091795210292,3.0001473542408230,1.945788,0.351073,-2.2968617343993,2.6831143852225,0,2.9e-13
1.0019232415915258,0.0,0.0000000000000000,0.0000000000000000,0.0077741892294099,0.0000000000000000,1.2516091795210291,3.0001473345820586,1.943195,0.347385,-2.2905795574817,2.6750364566067,0,6.1e-15
1.0019295690223666,0.0,0.0000000000000000,0.0000000000000000,0.0077384264272423,0.0000000000000000,1.2526091795210292,3.0001473149532649,1.940605,0.343696,-2.2843011183176,2.6669781319716,0,6.3e-14
1.0019357685348469,0.0,0.0000000000000000,0.0000000000000000,0.0077035306950753,0.0000000000000000,1.2536091795210291,3.0001472953572206,1.938019,0.340006,-2.2780254809628,2.6589387855046,0,6.7e-13
1.0019418480936702,0.0,0.0000000000000000,0.0000000000000000,0.0076694476855849,0.0000000000000000,1.2546091795210292,3.0001472757962988,1.935436,0.336316,-2.2717518424520,2.6509178888535,0,3.1e-15
1.0019478148329692,0.0,0.0000000000000000,0.0000000000000000,0.0076361286936803,0.0000000000000000,1.2556091795210291,3.0001472562724918,1.932855,0.332625,-2.2654795188252,2.6429150024578,0,6.0e-13
1.0019536751863751,0.0,0.0000000000000000,0.0000000000000000,0.0076035297847055,0.0000000000000000,1.2566091795210292,3.0001472367875217,1.930276,0.328932,-2.2592079055768,2.6349297506458,0,8.2e-14
1.0019594349738270,0.0,0.0000000000000000,0.0000000000000000,0.0075716111987546,0.0000000000000000,1.2576091795210291,3.0001472173428647,1.927698,0.325239,-2.2529364949479,2.6269618185970,0,5.7e-13
1.0019650994839377,0.0,0.0000000000000000,0.0000000000000000,0.0075403367947921,0.0000000000000000,1.2586091795210292,3.0001471979397834,1.925121,0.321544,-2.2466648284105,2.6190109393345,0,4.9e-14
1.0019706735423777,0.0,0.0000000000000000,0.0000000000000000,0.0075096735869298,0.0000000000000000,1.2596091795210291,3.0001471785793812,1.922545,0.317848,-2.2403925131203,2.6110768861906,0,1.8e-14
1.0019761615647784,0.0,0.0000000000000000,0.0000000000000000,0.0074795913832265,0.0000000000000000,1.2606091795210292,3.0001471592626059,1.919968,0.314151,-2.2341192006974,2.6031594685981,0,3.6e-14
1.0019815676065651,0.0,0.0000000000000000,0.0000000000000000,0.0074500624485282,0.0000000000000000,1.2616091795210291,3.0001471399902844,1.917392,0.310452,-2.2278445842181,2.5952585254625,0,6.0e-13
1.0019868954009510,0.0,0.0000000000000000,0.0000000000000000,0.0074210612443148,0.0000000000000000,1.2626091795210292,3.0001471207631232,1.914816,0.306752,-2.2215683906564,2.5873739232559,0,4.8e-14
1.0019921483986054,0.0,0.0000000000000000,0.0000000000000000,0.0073925641623206,0.0000000000000000,1.2636091795210291,3.0001471015817525,1.912240,0.303051,-2.2152903807827,2.5795055482955,0,1.2e-13
1.0019973297926563,0.0,0.0000000000000000,0.0000000000000000,0.0073645493507138,0.0000000000000000,1.2646091795210292,3.0001470824467109,1.909663,0.299348,-2.2090103396984,2.5716533082929,0,3.6e-14
1.0020024425473126,0.0,0.0000000000000000,0.0000000000000000,0.0073369965211027,0.0000000000000000,1.2656091795210291,3.0001470633584661,1.907085,0.295643,-2.2027280785141,2.5638171275356,0,7.6e-14
1.0020074894206810,0.0,0.0000000000000000,0.0000000000000000,0.0073098867933213,0.0000000000000000,1.2666091795210292,3.0001470443174272,1.904506,0.291938,-2.1964434256456,2.5559969449007,0,7.8e-14
1.0020124729835560,0.0,0.0000000000000000,0.0000000000000000,0.0072832025664292,0.0000000000000000,1.2676091795210291,3.0001470253239466,1.901926,0.288230,-2.1901562319482,2.5481927126931,0,2.1e-13
1.0020173956384855,0.0,0.0000000000000000,0.0000000000000000,0.0072569273902873,0.0000000000000000,1.2686091795210293,3.0001470063783318,1.899345,0.284521,-2.1838663582119,2.5404043941798,0,9.8e-15
1.0020222596288231,0.0,0.0000000000000000,0.0000000000000000,0.0072310458975525,0.0000000000000000,1.2696091795210291,3.0001469874808313,1.896763,0.280811,-2.1775737077101,2.5326319657986,0,4.3e-12
1.0020270670745717,0.0,0.0000000000000000,0.0000000000000000,0.0072055435817063,0.0000000000000000,1.2706091795210293,3.0001469686317082,1.894179,0.277099,-2.1712781080506,2.5248754039421,0,1.0e-13
1.0020318199438605,0.0,0.0000000000000000,0.0000000000000000,0.0071804069502421,0.0000000000000000,1.2716091795210291,3.0001469498311186,1.891594,0.273386,-2.1649795249238,2.5171347055600,0,3.3e-14
1.0020365201031063,0.0,0.0000000000000000,0.0000000000000000,0.0071556232226848,0.0000000000000000,1.2726091795210293,3.0001469310792386,1.889007,0.269671,-2.1586778510965,2.5094098664894,0,4.1e-13
1.0020411693063949,0.0,0.0000000000000000,0.0000000000000000,0.0071311803824479,0.0000000000000000,1.2736091795210291,3.0001469123761995,1.886419,0.265954,-2.1523730081681,2.5017008920216,0,8.6e-14
1.0020457692103397,0.0,0.0000000000000000,0.0000000000000000,0.0071070670813973,0.0000000000000000,1.2746091795210293,3.0001468937221181,1.883829,0.262236,-2.1460649271025,2.4940077911957,0,4.8e-14
1.0020503213789942,0.0,0.0000000000000000,0.0000000000000000,0.0070832726038049,0.0000000000000000,1.2756091795210291,3.0001468751170846,1.881237,0.258516,-2.1397535462613,2.4863305795598,0,6.0e-14
1.0020548272925696,0.0,0.0000000000000000,0.0000000000000000,0.0070597868083873,0.0000000000000000,1.2766091795210293,3.0001468565611713,1.878644,0.254795,-2.1334388101721,2.4786692768241,0,6.8e-14
1.0020592883533677,0.0,0.0000000000000000,0.0000000000000000,0.0070366000874236,0.0000000000000000,1.2776091795210291,3.0001468380544329,1.876048,0.251072,-2.1271206690017,2.4710239067565,0,1.5e-13
1.0020637058905937,0.0,0.0000000000000000,0.0000000000000000,0.0070137033329969,0.0000000000000000,1.2786091795210293,3.0001468195969063,1.873451,0.247348,-2.1207990812317,2.4633944973165,0,5.2e-14
1.0020680811674842,0.0,0.0000000000000000,0.0000000000000000,0.0069910878901595,0.0000000000000000,1.2796091795210291,3.0001468011886199,1.870852,0.243622,-2.1144740072710,2.4557810789237,0,6.7e-14
1.0020724153842586,0.0,0.0000000000000000,0.0000000000000000,0.0069687455351054,0.0000000000000000,1.2806091795210293,3.0001467828295847,1.868251,0.239895,-2.1081454124521,2.4481836857426,0,2.1e-14
1.0020767096828935,0.0,0.0000000000000000,0.0000000000000000,0.0069466684428913,0.0000000000000000,1.2816091795210292,3.0001467645198017,1.865647,0.236166,-2.1018132681842,2.4406023544051,0,1.4e-14
1.0020809651514000,0.0,0.0000000000000000,0.0000000000000000,0.0069248491586636,0.0000000000000000,1.2826091795210293,3.0001467462592624,1.863042,0.232436,-2.0954775481641,2.4330371240011,0,5.1e-14
1.0020851828270529,0.0,0.0000000000000000,0.0000000000000000,0.0069032805751600,0.0000000000000000,1.2836091795210292,3.0001467280479459,1.860435,0.228704,-2.0891382302746,2.4254880358597,0,7.1e-14
1.0020893636996069,0.0,0.0000000000000000,0.0000000000000000,0.0068819559105805,0.0000000000000000,1.2846091795210293,3.0001467098858248,1.857825,0.224970,-2.0827952961478,2.4179551333905,0,1.4e-13
1.0020935087150005,0.0,0.0000000000000000,0.0000000000000000,0.0068608686841427,0.0000000000000000,1.2856091795210292,3.0001466917728656,1.855214,0.221235,-2.0764487287915,2.4104384614945,0,1.8e-14
1.0020976187768251,0.0,0.0000000000000000,0.0000000000000000,0.0068400127044860,0.0000000000000000,1.2866091795210293,3.0001466737090237,1.852600,0.217499,-2.0700985156000,2.4029380673809,0,3.3e-14
1.0021016947501546,0.0,0.0000000000000000,0.0000000000000000,0.0068193820449115,0.0000000000000000,1.2876091795210292,3.0001466556942487,1.849984,0.213761,-2.0637446457603,2.3954539992062,0,7.2e-14
1.0021057374632119,0.0,0.0000000000000000,0.0000000000000000,0.0067989710312199,0.0000000000000000,1.2886091795210293,3.0001466377284873,1.847366,0.210021,-2.0573871108091,2.3879863067129,0,8.9e-14
1.0021097477097392,0.0,0.0000000000000000,0.0000000000000000,0.0067787742257267,0.0000000000000000,1.2896091795210292,3.0001466198116766,1.844745,0.206281,-2.0510259046475,2.3805350407794,0,8.5e-14
1.0021137262508211,0.0,0.0000000000000000,0.0000000000000000,0.0067587864145070,0.0000000000000000,1.2906091795210293,3.0001466019437517,1.842123,0.202538,-2.0446610228239,2.3731002536472,0,5.7e-14
1.0021176738170388,0.0,0.0000000000000000,0.0000000000000000,0.0067390025930821,0.0000000000000000,1.2916091795210292,3.0001465841246406,1.839498,0.198794,-2.0382924641151,2.3656819979620,0,3.9e-14
1.0021215911099526,0.0,0.0000000000000000,0.0000000000000000,0.0067194179559118,0.0000000000000000,1.2926091795210293,3.0001465663542697,1.836871,0.195049,-2.0319202268842,2.3582803280371,0,1.3e-14
1.0021254788037521,0.0,0.0000000000000000,0.0000000000000000,0.0067000278851723,0.0000000000000000,1.2936091795210292,3.0001465486325598,1.834242,0.191303,-2.0255443128762,2.3508952985357,0,3.6e-14
1.0021293375467506,0.0,0.0000000000000000,0.0000000000000000,0.0066808279405223,0.0000000000000000,1.2946091795210293,3.0001465309594275,1.831610,0.187555,-2.0191647249367,2.3435269649186,0,7.3e-14
1.0021331679630223,0.0,0.0000000000000000,0.0000000000000000,0.0066618138482227,0.0000000000000000,1.2956091795210292,3.0001465133347875,1.828976,0.183805,-2.0127814661160,2.3361753834790,0,1.1e-14
1.0021369706531424,0.0,0.0000000000000000,0.0000000000000000,0.0066429814953284,0.0000000000000000,1.2966091795210293,3.0001464957585524,1.826340,0.180054,-2.0063945429363,2.3288406107230,0,2.2e-13
1.0021407461956675,0.0,0.0000000000000000,0.0000000000000000,0.0066243269200365,0.0000000000000000,1.2976091795210292,3.0001464782306275,1.823702,0.176302,-2.0000039606955,2.3215227047808,0,4.2e-14
1.0021444951486689,0.0,0.0000000000000000,0.0000000000000000,0.0066058463014011,0.0000000000000000,1.2986091795210293,3.0001464607509214,1.821061,0.172549,-1.9936097282105,2.3142217226144,0,4.0e-14
1.0021482180477708,0.0,0.0000000000000000,0.0000000000000000,0.0065875359693905,0.0000000000000000,1.2996091795210292,3.0001464433193252,1.818418,0.168794,-1.9872118645092,2.3069377222733,0,2.6e-12
1.0021519154190992,0.0,0.0000000000000000,0.0000000000000000,0.0065693923305941,0.0000000000000000,1.3006091795210293,3.0001464259357737,1.815773,0.165038,-1.9808103478038,2.2996707638111,0,6.8e-14
1.0021555877569461,0.0,0.0000000000000000,0.0000000000000000,0.0065514119929382,0.0000000000000000,1.3016091795210292,3.0001464086001315,1.813125,0.161280,-1.9744052205456,2.2924209048257,0,3.1e-14
1.0021592355480082,0.0,0.0000000000000000,0.0000000000000000,0.0065335916280652,0.0000000000000000,1.3026091795210293,3.0001463913123101,1.810475,0.157521,-1.9679964840542,2.2851882046478,0,2.9e-13
1.0021628592601732,0.0,0.0000000000000000,0.0000000000000000,0.0065159280336527,0.0000000000000000,1.3036091795210292,3.0001463740722021,1.807823,0.153761,-1.9615841494461,2.2779727237083,0,1.9e-14
1.0021664593460093,0.0,0.0000000000000000,0.0000000000000000,0.0064984181125735,0.0000000000000000,1.3046091795210293,3.0001463568797040,1.805169,0.150000,-1.9551682316903,2.2707745207027,0,6.9e-14
1.0021700362432679,0.0,0.0000000000000000,0.0000000000000000,0.0064810588694007,0.0000000000000000,1.3056091795210292,3.0001463397347070,1.802512,0.146237,-1.9487487438698,2.2635936560801,0,3.5e-14
1.0021735903754754,0.0,0.0000000000000000,0.0000000000000000,0.0064638474061791,0.0000000000000000,1.3066091795210293,3.0001463226371028,1.799853,0.142473,-1.9423257019217,2.2564301895034,0,1.5e-13
1.0021771221532665,0.0,0.0000000000000000,0.0000000000000000,0.0064467809141321,0.0000000000000000,1.3076091795210292,3.0001463055867830,1.797191,0.138708,-1.9358991188815,2.2492841815313,0,6.3e-14
1.0021806319751840,0.0,0.0000000000000000,0.0000000000000000,0.0064298566685396,0.0000000000000000,1.3086091795210293,3.0001462885836423,1.794528,0.134941,-1.9294690045063,2.2421556934266,0,2.2e-12
1.0021841202214743,0.0,0.0000000000000000,0.0000000000000000,0.0064130720623606,0.0000000000000000,1.3096091795210292,3.0001462716275467,1.791862,0.131173,-1.9230354008214,2.2350447814399,0,1.4e-13
1.0021875872706074,0.0,0.0000000000000000,0.0000000000000000,0.0063964245138599,0.0000000000000000,1.3106091795210293,3.0001462547184068,1.789194,0.127405,-1.9165982975520,2.2279515103756,0,1.9e-14
1.0021910334827073,0.0,0.0000000000000000,0.0000000000000000,0.0063799115579643,0.0000000000000000,1.3116091795210292,3.0001462378561006,1.786523,0.123635,-1.9101577223587,2.2208759390928,0,4.7e-14
1.0021944592090897,0.0,0.0000000000000000,0.0000000000000000,0.0063635307926230,0.0000000000000000,1.3126091795210293,3.0001462210405130,1.783850,0.119863,-1.9037136934534,2.2138181278420,0,6.5e-14
1.0021978647907206,0.0,0.0000000000000000,0.0000000000000000,0.0063472798868345,0.0000000000000000,1.3136091795210292,3.0001462042715299,1.781175,0.116091,-1.8972662293846,2.2067781369362,0,4.6e-14
1.0022012505585558,0.0,0.0000000000000000,0.0000000000000000,0.0063311565781924,0.0000000000000000,1.3146091795210293,3.0001461875490345,1.778498,0.112317,-1.8908153488186,2.1997560271034,0,6.1e-14
1.0022046168342185,0.0,0.0000000000000000,0.0000000000000000,0.0063151586685601,0.0000000000000000,1.3156091795210292,3.0001461708729118,1.775819,0.108543,-1.8843610712336,2.1927518584384,0,4.7e-14
1.0022079639298911,0.0,0.0000000000000000,0.0000000000000000,0.0062992840241100,0.0000000000000000,1.3166091795210293,3.0001461542430441,1.773137,0.104767,-1.8779034192543,2.1857656898098,0,8.0e-13
1.0022112921494064,0.0,0.0000000000000000,0.0000000000000000,0.0062835305693024,0.0000000000000000,1.3176091795210292,3.0001461376593115,1.770453,0.100990,-1.8714424068478,2.1787975851380,0,3.3e-14
1.0022146017877298,0.0,0.0000000000000000,0.0000000000000000,0.0062678962882410,0.0000000000000000,1.3186091795210293,3.0001461211215990,1.767766,0.097212,-1.8649780608660,2.1718476008707,0,1.5e-13
1.0022178931322920,0.0,0.0000000000000000,0.0000000000000000,0.0062523792178957,0.0000000000000000,1.3196091795210292,3.0001461046297884,1.765078,0.093433,-1.8585103995039,2.1649157981025,0,9.9e-14
1.0022211664621339,0.0,0.0000000000000000,0.0000000000000000,0.0062369774519517,0.0000000000000000,1.3206091795210293,3.0001460881837598,1.762387,0.089652,-1.8520394448470,2.1580022368712,0,2.2e-14
1.0022244220491987,0.0,0.0000000000000000,0.0000000000000000,0.0062216891333131,0.0000000000000000,1.3216091795210292,3.0001460717833948,1.759694,0.085871,-1.8455652187076,2.1511069765468,0,4.0e-14
1.0022276601581721,0.0,0.0000000000000000,0.0000000000000000,0.0062065124546449,0.0000000000000000,1.3226091795210293,3.0001460554285737,1.756999,0.082089,-1.8390877425440,2.1442300769187,0,9.4e-15
1.0022308810467107,0.0,0.0000000000000000,0.0000000000000000,0.0061914456567374,0.0000000000000000,1.3236091795210292,3.0001460391191768,1.754301,0.078306,-1.8326070388778,2.1373715973402,0,8.7e-14
1.0022340849657836,0.0,0.0000000000000000,0.0000000000000000,0.0061764870262926,0.0000000000000000,1.3246091795210293,3.0001460228550849,1.751602,0.074521,-1.8261231309972,2.1305315966163,0,9.4e-14
1.0022372721602308,0.0,0.0000000000000000,0.0000000000000000,0.0061616348924901,0.0000000000000000,1.3256091795210292,3.0001460066361791,1.748900,0.070736,-1.8196360397943,2.1237101345937,0,9.8e-14
1.0022404428681100,0.0,0.0000000000000000,0.0000000000000000,0.0061468876303031,0.0000000000000000,1.3266091795210293,3.0001459904623387,1.746196,0.066950,-1.8131457904002,2.1169072694079,0,4.7e-14
1.0022435973219839,0.0,0.0000000000000000,0.0000000000000000,0.0061322436531086,0.0000000000000000,1.3276091795210292,3.0001459743334422,1.743490,0.063162,-1.8066524051385,2.1101230600894,0,3.7e-14
1.0022467357484928,0.0,0.0000000000000000,0.0000000000000000,0.0061177014147089,0.0000000000000000,1.3286091795210293,3.0001459582493717,1.740782,0.059374,-1.8001559072259,2.1033575652430,0,8.1e-15
1.0022498583686539,0.0,0.0000000000000000,0.0000000000000000,0.0061032594074609,0.0000000000000000,1.3296091795210292,3.0001459422100050,1.738071,0.055585,-1.7936563206516,2.0966108430571,0,5.4e-14
1.0022529653981238,0.0,0.0000000000000000,0.0000000000000000,0.0060889161605434,0.0000000000000000,1.3306091795210293,3.0001459262152230,1.735359,0.051795,-1.7871536699360,2.0898829512245,0,2.5e-14
1.0022560570474253,0.0,0.0000000000000000,0.0000000000000000,0.0060746702384715,0.0000000000000000,1.3316091795210292,3.0001459102649051,1.732644,0.048004,-1.7806479780591,2.0831739483040,0,6.4e-14
1.0022591335219162,0.0,0.0000000000000000,0.0000000000000000,0.0060605202410089,0.0000000000000000,1.3326091795210293,3.0001458943589303,1.729927,0.044212,-1.7741392707156,2.0764838911113,0,3.4e-14
1.0022621950223360,0.0,0.0000000000000000,0.0000000000000000,0.0060464647999502,0.0000000000000000,1.3336091795210292,3.0001458784971797,1.727208,0.040419,-1.7676275709430,2.0698128378372,0,5.2e-14
1.0022652417444646,0.0,0.0000000000000000,0.0000000000000000,0.0060325025807785,0.0000000000000000,1.3346091795210293,3.0001458626795312,1.724487,0.036626,-1.7611129046274,2.0631608450370,0,4.2e-14
1.0022682738797095,0.0,0.0000000000000000,0.0000000000000000,0.0060186322791978,0.0000000000000000,1.3356091795210292,3.0001458469058657,1.721764,0.032831,-1.7545952962439,2.0565279697674,0,2.3e-14
1.0022712916150596,0.0,0.0000000000000000,0.0000000000000000,0.0060048526212146,0.0000000000000000,1.3366091795210293,3.0001458311760625,1.719039,0.029036,-1.7480747704117,2.0499142690205,0,6.8e-14
1.0022742951332708,0.0,0.0000000000000000,0.0000000000000000,0.0059911623619114,0.0000000000000000,1.3376091795210292,3.0001458154900011,1.716311,0.025240,-1.7415513528322,2.0433197986752,0,7.1e-15
1.0022772846129526,0.0,0.0000000000000000,0.0000000000000000,0.0059775602847971,0.0000000000000000,1.3386091795210293,3.0001457998475631,1.713582,0.021443,-1.7350250685557,2.0367446151721,0,1.7e-14
1.0022802602286986,0.0,0.0000000000000000,0.0000000000000000,0.0059640452008807,0.0000000000000000,1.3396091795210292,3.0001457842486268,1.710850,0.017645,-1.7284959431549,2.0301887743569,0,3.6e-14
1.0022832221511038,0.0,0.0000000000000000,0.0000000000000000,0.0059506159484044,0.0000000000000000,1.3406091795210293,3.0001457686930721,1.708117,0.013847,-1.7219640037139,2.0236523310358,0,4.7e-13
1.0022861705479034,0.0,0.0000000000000000,0.0000000000000000,0.0059372713865988,0.0000000000000000,1.3416091795210292,3.0001457531807820,1.705381,0.010048,-1.7154292710313,2.0171353430849,0,5.6e-14
1.0022891055817509,0.0,0.0000000000000000,0.0000000000000000,0.0059240104073109,0.0000000000000000,1.3426091795210293,3.0001457377116334,1.702644,0.006248,-1.7088917760643,2.0106378631162,0,8.3e-14
1.0022920274128930,0.0,0.0000000000000000,0.0000000000000000,0.0059108319206128,0.0000000000000000,1.3436091795210292,3.0001457222855095,1.699904,0.002447,-1.7023515429324,2.0041599465534,0,6.3e-14
1.0022949361977356,0.0,0.0000000000000000,0.0000000000000000,0.0058977348622931,0.0000000000000000,1.3446091795210293,3.0001457069022890,1.697163,-0.001354,-1.6958085978248,1.9977016481207,0,1.3e-13
1.0022978320895246,0.0,0.0000000000000000,0.0000000000000000,0.0058847181900092,0.0000000000000000,1.3456091795210292,3.0001456915618538,1.694419,-0.005156,-1.6892629676190,1.9912630213027,0,6.2e-14
1.0023007152382284,0.0,0.0000000000000000,0.0000000000000000,0.0058717808838348,0.0000000000000000,1.3466091795210293,3.0001456762640846,1.691674,-0.008959,-1.6827146771617,1.9848441213536,0,2.3e-14
1.0023035857907414,0.0,0.0000000000000000,0.0000000000000000,0.0058589219449801,0.0000000000000000,1.3476091795210292,3.0001456610088630,1.688926,-0.012763,-1.6761637541264,1.9784450008209,0,1.9e-14
1.0023064438909040,0.0,0.0000000000000000,0.0000000000000000,0.0058461403955771,0.0000000000000000,1.3486091795210293,3.0001456457960707,1.686177,-0.016567,-1.6696102243373,1.9720657136067,0,1.4e-14
1.0023092896796850,0.0,0.0000000000000000,0.0000000000000000,0.0058334352775348,0.0000000000000000,1.3496091795210292,3.0001456306255880,1.683425,-0.020371,-1.6630541148827,1.9657063122899,0,8.6e-14
1.0023121232950831,0.0,0.0000000000000000,0.0000000000000000,0.0058208056529883,0.0000000000000000,1.3506091795210293,3.0001456154972974,1.680672,-0.024177,-1.6564954520589,1.9593668501387,0,3.4e-14
1.0023149448724664,0.0,0.0000000000000000,0.0000000000000000,0.0058082506023113,0.0000000000000000,1.3516091795210292,3.0001456004110807,1.677917,-0.027983,-1.6499342628857,1.9530473792480,0,2.2e-14
1.0023177545444366,0.0,0.0000000000000000,0.0000000000000000,0.0057957692247500,0.0000000000000000,1.3526091795210293,3.0001455853668197,1.675160,-0.031789,-1.6433705741716,1.9467479518056,0,2.2e-14
1.0023205524410204,0.0,0.0000000000000000,0.0000000000000000,0.0057833606372792,0.0000000000000000,1.3536091795210292,3.0001455703643982,1.672401,-0.035596,-1.6368044129618,1.9404686195018,0,3.1e-14
1.0023233386896377,0.0,0.0000000000000000,0.0000000000000000,0.0057710239746589,0.0000000000000000,1.3546091795210293,3.0001455554036967,1.669640,-0.039404,-1.6302358061244,1.9342094341147,0,1.8e-14
1.0023261134152897,0.0,0.0000000000000000,0.0000000000000000,0.0057587583883377,0.0000000000000000,1.3556091795210292,3.0001455404845996,1.666877,-0.043212,-1.6236647809659,1.9279704466595,0,5.4e-14
1.0023288767406073,0.0,0.0000000000000000,0.0000000000000000,0.0057465630460570,0.0000000000000000,1.3566091795210293,3.0001455256069893,1.664112,-0.047021,-1.6170913647987,1.9217517077301,0,8.9e-15
1.0023316287857722,0.0,0.0000000000000000,0.0000000000000000,0.0057344371322096,0.0000000000000000,1.3576091795210292,3.0001455107707491,1.661346,-0.050830,-1.6105155845641,1.9155532683324,0,5.7e-14
1.0023343696688487,0.0,0.0000000000000000,0.0000000000000000,0.0057223798459486,0.0000000000000000,1.3586091795210293,3.0001454959757630,1.658578,-0.054640,-1.6039374675624,1.9093751785610,1,1.2e-14
1.0023370995055219,0.0,0.0000000000000000,0.0000000000000000,0.0057103904025049,0.0000000000000000,1.3596091795210292,3.0001454812219142,1.655807,-0.058450,-1.5973570414885,1.9032174881614,1,1.2e-14
1.0023398184093846,0.0,0.0000000000000000,0.0000000000000000,0.0056984680315628,0.0000000000000000,1.3606091795210293,3.0001454665090863,1.653035,-0.062261,-1.5907743339424,1.8970802466052,1,8.4e-14
1.0023425264920203,0.0,0.0000000000000000,0.0000000000000000,0.0056866119767153,0.0000000000000000,1.3616091795210292,3.0001454518371644,1.650262,-0.066072,-1.5841893716190,1.8909635038231,1,2.5e-14
1.0023452238628061,0.0,0.0000000000000000,0.0000000000000000,0.0056748214964504,0.0000000000000000,1.3626091795210293,3.0001454372060330,1.647486,-0.069884,-1.5776021831207,1.8848673078061,1,3.7e-14
1.0023479106292379,0.0,0.0000000000000000,0.0000000000000000,0.0056630958623411,0.0000000000000000,1.3636091795210292,3.0001454226155762,1.644709,-0.073696,-1.5710127954362,1.8787917077623,1,4.8e-14
1.0023505868968461,0.0,0.0000000000000000,0.0000000000000000,0.0056514343593934,0.0000000000000000,1.3646091795210293,3.0001454080656789,1.641930,-0.077508,-1.5644212363469,1.8727367518429,1,6.7e-14
1.0023532527692542,0.0,0.0000000000000000,0.0000000000000000,0.0056398362856618,0.0000000000000000,1.3656091795210292,3.0001453935562270,1.639149,-0.081321,-1.5578275338966,1.8667024877919,1,2.2e-14
1.0023559083482438,0.0,0.0000000000000000,0.0000000000000000,0.0056283009518527,0.0000000000000000,1.3666091795210291,3.0001453790871060,1.636366,-0.085134,-1.5512317159254,1.8606889630033,1,7.3e-14
1.0023585537338291,0.0,0.0000000000000000,0.0000000000000000,0.0056168276808275,0.0000000000000000,1.3676091795210292,3.0001453646582008,1.633582,-0.088948,-1.5446338098185,1.8546962252815,1,4.4e-14
1.0023611890242381,0.0,0.0000000000000000,0.0000000000000000,0.0056054158076512,0.0000000000000000,1.3686091795210293,3.0001453502693982,1.630796,-0.092762,-1.5380338436627,1.8487243212999,1,5.0e-15
1.0023638143161004,0.0,0.0000000000000000,0.0000000000000000,0.0055940646785115,0.0000000000000000,1.3696091795210292,3.0001453359205845,1.628008,-0.096576,-1.5314318451109,1.8427732976940,1,1.7e-13
1.0023664297039834,0.0,0.0000000000000000,0.0000000000000000,0.0055827736531633,0.0000000000000000,1.3706091795210291,3.0001453216116452,1.625219,-0.100391,-1.5248278435707,1.8368431999457,1,5.4e-14
1.0023690352814647,0.0,0.0000000000000000,0.0000000000000000,0.0055715420990735,0.0000000000000000,1.3716091795210292,3.0001453073424686,1.622427,-0.104206,-1.5182218653290,1.8309340748534,1,2.8e-14
1.0023716311400488,0.0,0.0000000000000000,0.0000000000000000,0.0055603693972061,0.0000000000000000,1.3726091795210293,3.0001452931129413,1.619635,-0.108021,-1.5116139392025,1.8250459676163,1,8.5e-14
1.0023742173698342,0.0,0.0000000000000000,0.0000000000000000,0.0055492549384117,0.0000000000000000,1.3736091795210292,3.0001452789229504,1.616840,-0.111836,-1.5050040932417,1.8191789235461,1,3.9e-14
1.0023767940594277,0.0,0.0000000000000000,0.0000000000000000,0.0055381981237487,0.0000000000000000,1.3746091795210291,3.0001452647723834,1.614044,-0.115652,-1.4983923556399,1.8133329872749,1,3.9e-14
1.0023793612959853,0.0,0.0000000000000000,0.0000000000000000,0.0055271983642852,0.0000000000000000,1.3756091795210292,3.0001452506611295,1.611246,-0.119468,-1.4917787545269,1.8075082032924,1,1.4e-13
1.0023819191650729,0.0,0.0000000000000000,0.0000000000000000,0.0055162550817636,0.0000000000000000,1.3766091795210293,3.0001452365890748,1.608447,-0.123284,-1.4851633181838,1.8017046161077,1,2.9e-14
1.0023844677510683,0.0,0.0000000000000000,0.0000000000000000,0.0055053677064087,0.0000000000000000,1.3776091795210292,3.0001452225561089,1.605646,-0.127100,-1.4785460748059,1.7959222691211,1,6.6e-14
1.0023870071368297,0.0,0.0000000000000000,0.0000000000000000,0.0054945356786361,0.0000000000000000,1.3786091795210291,3.0001452085621212,1.602844,-0.130917,-1.4719270527186,1.7901612057431,1,2.0e-14
1.0023895374038978,0.0,0.0000000000000000,0.0000000000000000,0.0054837584479252,0.0000000000000000,1.3796091795210292,3.0001451946069992,1.600040,-0.134733,-1.4653062802228,1.7844214693467,1,1.8e-14
1.0023920586324973,0.0,0.0000000000000000,0.0000000000000000,0.0054730354727839,0.0000000000000000,1.3806091795210294,3.0001451806906334,1.597234,-0.138550,-1.4586837858646,1.7787031023589,1,6.8e-14
1.0023945709016477,0.0,0.0000000000000000,0.0000000000000000,0.0054623662200898,0.0000000000000000,1.3816091795210292,3.0001451668129135,1.594427,-0.142367,-1.4520595974966,1.7730061475320,1,2.8e-14
1.0023970742890034,0.0,0.0000000000000000,0.0000000000000000,0.0054517501659031,0.0000000000000000,1.3826091795210291,3.0001451529737291,1.591618,-0.146184,-1.4454337439611,1.7673306466155,1,3.1e-14
1.0023995688710532,0.0,0.0000000000000000,0.0000000000000000,0.0054411867943763,0.0000000000000000,1.3836091795210292,3.0001451391729694,1.588808,-0.150001,-1.4388062534231,1.7616766415083,1,3.6e-14
1.0024020547230790,0.0,0.0000000000000000,0.0000000000000000,0.0054306755979091,0.0000000000000000,1.3846091795210294,3.0001451254105262,1.585996,-0.153819,-1.4321771546241,1.7560441732893,1,3.0e-14
1.0024045319191739,0.0,0.0000000000000000,0.0000000000000000,0.0054202160770188,0.0000000000000000,1.3856091795210292,3.0001451116862894,1.583183,-0.157636,-1.4255464759553,1.7504332829469,1,7.0e-15
1.0024070005323176,0.0,0.0000000000000000,0.0000000000000000,0.0054098077399074,0.0000000000000000,1.3866091795210291,3.0001450980001496,1.580368,-0.161454,-1.4189142460295,1.7448440108552,1,1.3e-13
1.0024094606343688,0.0,0.0000000000000000,0.0000000000000000,0.0053994501024528,0.0000000000000000,1.3876091795210292,3.0001450843519999,1.577552,-0.165271,-1.4122804929560,1.7392763979872,1,2.7e-14
1.0024119122960560,0.0,0.0000000000000000,0.0000000000000000,0.0053891426882347,0.0000000000000000,1.3886091795210294,3.0001450707417301,1.574734,-0.169089,-1.4056452454618,1.7337304838154,1,1.3e-14
1.0024143555870821,0.0,0.0000000000000000,0.0000000000000000,0.0053788850279207,0.0000000000000000,1.3896091795210292,3.0001450571692327,1.571915,-0.172906,-1.3990085324573,1.7282063074318,1,1.8e-14
1.0024167905760497,0.0,0.0000000000000000,0.0000000000000000,0.0053686766596330,0.0000000000000000,1.3906091795210291,3.0001450436343999,1.569094,-0.176724,-1.3923703818855,1.7227039088098,1,3.7e-14
1.0024192173305602,0.0,0.0000000000000000,0.0000000000000000,0.0053585171284131,0.0000000000000000,1.3916091795210292,3.0001450301371237,1.566272,-0.180541,-1.3857308232002,1.7172233257920,1,5.4e-15
1.0024216359172402,0.0,0.0000000000000000,0.0000000000000000,0.0053484059860043,0.0000000000000000,1.3926091795210291,3.0001450166772972,1.563449,-0.184359,-1.3790898843447,1.7117645975470,1,5.0e-14
1.0024240464017278,0.0,0.0000000000000000,0.0000000000000000,0.0053383427909224,0.0000000000000000,1.3936091795210293,3.0001450032548140,1.560624,-0.188176,-1.3724475939080,1.7063277618822,1,2.1e-13
1.0024264488485108,0.0,0.0000000000000000,0.0000000000000000,0.0053283271092946,0.0000000000000000,1.3946091795210291,3.0001449898695660,1.557798,-0.191994,-1.3658039811637,1.7009128566553,1,2.4e-14
1.0024288433215021,0.0,0.0000000000000000,0.0000000000000000,0.0053183585117119,0.0000000000000000,1.3956091795210293,3.0001449765214474,1.554970,-0.195811,-1.3591590744438,1.6955199186369,1,8.7e-14
1.0024312298833791,0.0,0.0000000000000000,0.0000000000000000,0.0053084365767813,0.0000000000000000,1.3966091795210291,3.0001449632103525,1.552141,-0.199628,-1.3525129021442,1.6901489857178,1,1.5e-14
1.0024336085960373,0.0,0.0000000000000000,0.0000000000000000,0.0052985608886401,0.0000000000000000,1.3976091795210293,3.0001449499361743,1.549311,-0.203445,-1.3458654935435,1.6848000934898,1,1.3e-13
1.0024359795204985,0.0,0.0000000000000000,0.0000000000000000,0.0052887310374342,0.0000000000000000,1.3986091795210291,3.0001449366988089,1.546479,-0.207262,-1.3392168763916,1.6794732796967,1,7.0e-14
1.0024383427168642,0.0,0.0000000000000000,0.0000000000000000,0.0052789466195183,0.0000000000000000,1.3996091795210293,3.0001449234981492,1.543646,-0.211079,-1.3325670804098,1.6741685785890,1,3.0e-14
1.0024406982444301,0.0,0.0000000000000000,0.0000000000000000,0.0052692072368535,0.0000000000000000,1.4006091795210291,3.0001449103340914,1.540812,-0.214896,-1.3259161338499,1.6688860264289,1,3.2e-14
1.0024430461615921,0.0,0.0000000000000000,0.0000000000000000,0.0052595124974344,0.0000000000000000,1.4016091795210293,3.0001448972065305,1.537976,-0.218712,-1.3192640655170,1.6636256584547,1,5.4e-14
1.0024453865260368,0.0,0.0000000000000000,0.0000000000000000,0.0052498620143136,0.0000000000000000,1.4026091795210291,3.0001448841153615,1.535140,-0.222529,-1.3126109041046,1.6583875092184,1,7.5e-14
1.0024477193945600,0.0,0.0000000000000000,0.0000000000000000,0.0052402554064623,0.0000000000000000,1.4036091795210293,3.0001448710604812,1.532301,-0.226345,-1.3059566783920,1.6531716132137,1,5.4e-14
1.0024500448232028,0.0,0.0000000000000000,0.0000000000000000,0.0052306922981014,0.0000000000000000,1.4046091795210291,3.0001448580417853,1.529462,-0.230161,-1.2993014172144,1.6479780043564,1,3.2e-15
1.0024523628672499,0.0,0.0000000000000000,0.0000000000000000,0.0052211723186268,0.0000000000000000,1.4056091795210293,3.0001448450591695,1.526621,-0.233976,-1.2926451493848,1.6428067163086,1,6.0e-14
1.0024546735811981,0.0,0.0000000000000000,0.0000000000000000,0.0052116951027811,0.0000000000000000,1.4066091795210292,3.0001448321125315,1.523780,-0.237792,-1.2859879035499,1.6376577825609,1,7.0e-14
1.0024569770188418,0.0,0.0000000000000000,0.0000000000000000,0.0052022602901783,0.0000000000000000,1.4076091795210293,3.0001448192017675,1.520937,-0.241607,-1.2793297082703,1.6325312363791,1,7.7e-14
1.0024592732332751,0.0,0.0000000000000000,0.0000000000000000,0.0051928675252532,0.0000000000000000,1.4086091795210292,3.0001448063267753,1.518092,-0.245422,-1.2726705928765,1.6274271092957,1,4.1e-14
1.0024615622767890,0.0,0.0000000000000000,0.0000000000000000,0.0051835164578129,0.0000000000000000,1.4096091795210293,3.0001447934874523,1.515247,-0.249236,-1.2660105853085,1.6223454348520,1,1.0e-13
1.0024638442010061,0.0,0.0000000000000000,0.0000000000000000,0.0051742067422859,0.0000000000000000,1.4106091795210292,3.0001447806836961,1.512400,-0.253051,-1.2593497152402,1.6172862439428,1,5.5e-14
1.0024661190569315,0.0,0.0000000000000000,0.0000000000000000,0.0051649380373866,0.0000000000000000,1.4116091795210293,3.0001447679154052,1.509553,-0.256864,-1.2526880110550,1.6122495680865,1,1.2e-14
1.0024683868948496,0.0,0.0000000000000000,0.0000000000000000,0.0051557100067381,0.0000000000000000,1.4126091795210292,3.0001447551824767,1.506704,-0.260678,-1.2460255014208,1.6072354387855,1,3.3e-14
1.0024706477643770,0.0,0.0000000000000000,0.0000000000000000,0.0051465223185084,0.0000000000000000,1.4136091795210293,3.0001447424848116,1.503853,-0.264491,-1.2393622155819,1.6022438861410,1,2.6e-14
1.0024729017145084,0.0,0.0000000000000000,0.0000000000000000,0.0051373746451356,0.0000000000000000,1.4146091795210292,3.0001447298223067,1.501002,-0.268304,-1.2326981819067,1.5972749411116,1,2.0e-14
1.0024751487932066,0.0,0.0000000000000000,0.0000000000000000,0.0051282666655251,0.0000000000000000,1.4156091795210293,3.0001447171948592,1.498150,-0.272117,-1.2260334316329,1.5923286313371,1,1.0e-12
1.0024773890493273,0.0,0.0000000000000000,0.0000000000000000,0.0051191980548151,0.0000000000000000,1.4166091795210292,3.0001447046023770,1.495297,-0.275929,-1.2193679867442,1.5874049922975,1,1.1e-13
1.0024796225289074,0.0,0.0000000000000000,0.0000000000000000,0.0051101685040097,0.0000000000000000,1.4176091795210293,3.0001446920447519,1.492442,-0.279740,-1.2127018824422,1.5825040481332,1,7.8e-14
1.0024818492787217,0.0,0.0000000000000000,0.0000000000000000,0.0051011777011391,0.0000000000000000,1.4186091795210292,3.0001446795218856,1.489586,-0.283551,-1.2060351457062,1.5776258288478,1,7.4e-14
1.0024840693447614,0.0,0.0000000000000000,0.0000000000000000,0.0050922253392811,0.0000000000000000,1.4196091795210293,3.0001446670336791,1.486730,-0.287362,-1.1993678055457,1.5727703625971,1,9.4e-14
1.0024862827724275,0.0,0.0000000000000000,0.0000000000000000,0.0050833111155608,0.0000000000000000,1.4206091795210292,3.0001446545800339,1.483872,-0.291172,-1.1926998901306,1.5679376782782,1,4.3e-14
1.0024884896064092,0.0,0.0000000000000000,0.0000000000000000,0.0050744347317150,0.0000000000000000,1.4216091795210293,3.0001446421608491,1.481013,-0.294982,-1.1860314285263,1.5631278034641,1,7.8e-14
1.0024906898909980,0.0,0.0000000000000000,0.0000000000000000,0.0050655958924773,0.0000000000000000,1.4226091795210292,3.0001446297760270,1.478154,-0.298791,-1.1793624494818,1.5583407654921,1,4.8e-15
1.0024928836697968,0.0,0.0000000000000000,0.0000000000000000,0.0050567943070554,0.0000000000000000,1.4236091795210293,3.0001446174254687,1.475293,-0.302600,-1.1726929814939,1.5535765917432,1,7.5e-14
1.0024950709859843,0.0,0.0000000000000000,0.0000000000000000,0.0050480296877462,0.0000000000000000,1.4246091795210292,3.0001446051090759,1.472431,-0.306408,-1.1660230539595,1.5488353077771,1,2.4e-14
1.0024972518821360,0.0,0.0000000000000000,0.0000000000000000,0.0050393017508538,0.0000000000000000,1.4256091795210293,3.0001445928267505,1.469568,-0.310216,-1.1593526951527,1.5441169408363,1,1.2e-14
1.0024994264003571,0.0,0.0000000000000000,0.0000000000000000,0.0050306102159738,0.0000000000000000,1.4266091795210292,3.0001445805783944,1.466705,-0.314023,-1.1526819340670,1.5394215162813,1,4.2e-14
1.0025015945822140,0.0,0.0000000000000000,0.0000000000000000,0.0050219548063374,0.0000000000000000,1.4276091795210293,3.0001445683639116,1.463840,-0.317829,-1.1460107992557,1.5347490599982,1,3.5e-14
1.0025037564687729,0.0,0.0000000000000000,0.0000000000000000,0.0050133352486114,0.0000000000000000,1.4286091795210292,3.0001445561832032,1.460974,-0.321635,-1.1393393192970,1.5300995973611,1,3.7e-14
1.0025059121006097,0.0,0.0000000000000000,0.0000000000000000,0.0050047512727999,0.0000000000000000,1.4296091795210293,3.0001445440361731,1.458108,-0.325440,-1.1326675234934,1.5254731522260,1,3.2e-14
1.0025080615178112,0.0,0.0000000000000000,0.0000000000000000,0.0049962026122614,0.0000000000000000,1.4306091795210292,3.0001445319227242,1.455240,-0.329245,-1.1259954399839,1.5208697500956,1,9.9e-14
1.0025102047600265,0.0,0.0000000000000000,0.0000000000000000,0.0049876890034027,0.0000000000000000,1.4316091795210293,3.0001445198427605,1.452372,-0.333049,-1.1193230979134,1.5162894139179,1,7.8e-15
1.0025123418663695,0.0,0.0000000000000000,0.0000000000000000,0.0049792101861818,0.0000000000000000,1.4326091795210292,3.0001445077961861,1.449503,-0.336852,-1.1126505255198,1.5117321683900,1,2.6e-14
1.0025144728755431,0.0,0.0000000000000000,0.0000000000000000,0.0049707659034322,0.0000000000000000,1.4336091795210293,3.0001444957829038,1.446632,-0.340655,-1.1059777517766,1.5071980363903,1,2.1e-14
1.0025165978257968,0.0,0.0000000000000000,0.0000000000000000,0.0049623559011140,0.0000000000000000,1.4346091795210292,3.0001444838028197,1.443761,-0.344456,-1.0993048053124,1.5026870406748,1,6.8e-14
1.0025187167548744,0.0,0.0000000000000000,0.0000000000000000,0.0049539799285213,0.0000000000000000,1.4356091795210293,3.0001444718558377,1.440889,-0.348258,-1.0926317149546,1.4981992039516,1,1.8e-14
1.0025208297001749,0.0,0.0000000000000000,0.0000000000000000,0.0049456377374595,0.0000000000000000,1.4366091795210292,3.0001444599418616,1.438017,-0.352058,-1.0859585093033,1.4937345482348,1,5.2e-14
1.0025229366986008,0.0,0.0000000000000000,0.0000000000000000,0.0049373290830234,0.0000000000000000,1.4376091795210293,3.0001444480607993,1.435143,-0.355858,-1.0792852166230,1.4892930958192,1,2.0e-14
1.0025250377866450,0.0,0.0000000000000000,0.0000000000000000,0.0049290537231352,0.0000000000000000,1.4386091795210292,3.0001444362125538,1.432269,-0.359657,-1.0726118658096,1.4848748679569,1,4.5e-14
1.0025271330004100,0.0,0.0000000000000000,0.0000000000000000,0.0049208114184049,0.0000000000000000,1.4396091795210293,3.0001444243970319,1.429393,-0.363455,-1.0659384858122,1.4804798850665,1,2.6e-14
1.0025293151983594,0.0,-0.0000000000000000,0.0000000000000000,0.0049122374449726,0.0000000000000000,1.4406536703739603,3.0001444120906662,1.426389,-0.367421,-1.0589682030306,1.4759142040136,1,9.9e-13
1.0025315342031866,0.0,0.0000000000000000,0.0000000000000000,0.0049035298431111,0.0000000000000000,1.4417188987236322,3.0001443995765209,1.423325,-0.371465,-1.0518595618719,1.4712840464837,1,1.0e-12
1.0025337905243514,0.0,0.0000000000000000,0.0000000000000000,0.0048946871529915,0.0000000000000000,1.4428052748039377,3.0001443868518383,1.420199,-0.375589,-1.0446098637392,1.4665892097715,1,1.0e-12
1.0025360846748679,0.0,-0.0000000000000000,0.0000000000000000,0.0048857079189791,0.0000000000000000,1.4439132169452096,3.0001443739138534,1.417009,-0.379793,-1.0372163595682,1.4618295333690,1,1.1e-12
1.0025384171710456,0.0,-0.0000000000000000,0.0000000000000000,0.0048765906910906,0.0000000000000000,1.4450431517354663,3.0001443607597951,1.413756,-0.384080,-1.0296762487908,1.4570049015106,1,1.1e-12
1.0025407885323721,0.0,0.0000000000000000,0.0000000000000000,0.0048673340258738,0.0000000000000000,1.4461955141843550,3.0001443473868883,1.410437,-0.388450,-1.0219866802321,1.4521152424221,1,1.1e-12
1.0025431992813840,0.0,0.0000000000000000,0.0000000000000000,0.0048579364873757,0.0000000000000000,1.4473707478904128,3.0001443337923552,1.407051,-0.392906,-1.0141447511368,1.4471605327156,1,1.2e-12
1.0025456499435785,0.0,0.0000000000000000,0.0000000000000000,0.0048483966478857,0.0000000000000000,1.4485693052115340,3.0001443199734172,1.403597,-0.397450,-1.0061475053943,1.4421408013928,1,1.2e-12
1.0025481410472588,0.0,0.0000000000000000,0.0000000000000000,0.0048387130889730,0.0000000000000000,1.4497916474391379,3.0001443059272961,1.400074,-0.402082,-0.9979919346858,1.4370561300573,1,1.2e-12
1.0025506731233937,0.0,-0.0000000000000000,0.0000000000000000,0.0048288844025218,0.0000000000000000,1.4510382449758659,3.0001442916512149,1.396479,-0.406804,-0.9896749764762,1.4319066582687,1,1.3e-12
1.0025532467055158,0.0,0.0000000000000000,0.0000000000000000,0.0048189091914896,0.0000000000000000,1.4523095775165975,3.0001442771424021,1.392812,-0.411619,-0.9811935132579,1.4266925873172,1,1.2e-12
1.0025558623295259,0.0,-0.0000000000000000,0.0000000000000000,0.0048087860711888,0.0000000000000000,1.4536061342336339,3.0001442623980905,1.389071,-0.416527,-0.9725443727516,1.4214141816003,1,1.3e-12
1.0025585205335934,0.0,-0.0000000000000000,0.0000000000000000,0.0047985136700371,0.0000000000000000,1.4549284139651451,3.0001442474155233,1.385255,-0.421531,-0.9637243269242,1.4160717737922,1,1.3e-12
1.0025612218579527,0.0,0.0000000000000000,0.0000000000000000,0.0047880906308476,0.0000000000000000,1.4562769254079262,3.0001442321919503,1.381363,-0.426633,-0.9547300908543,1.4106657689461,1,1.3e-12
1.0025639668447544,0.0,-0.0000000000000000,0.0000000000000000,0.0047775156118310,0.0000000000000000,1.4576521873138057,3.0001442167246357,1.377391,-0.431833,-0.9455583232571,1.4051966464021,1,1.3e-12
1.0025667560379219,0.0,0.0000000000000000,0.0000000000000000,0.0047667872875481,0.0000000000000000,1.4590547286899842,3.0001442010108574,1.373340,-0.437135,-0.9362056241294,1.3996649670689,1,1.4e-12
1.0025695899829039,0.0,0.0000000000000000,0.0000000000000000,0.0047559043503975,0.0000000000000000,1.4604850890039647,3.0001441850479087,1.369208,-0.442539,-0.9266685363860,1.3940713747906,1,1.5e-12
1.0025724692265694,0.0,0.0000000000000000,0.0000000000000000,0.0047448655113422,0.0000000000000000,1.4619438183919349,3.0001441688331036,1.364992,-0.448049,-0.9169435426331,1.3884166041569,1,1.5e-12
1.0025753943169466,0.0,0.0000000000000000,0.0000000000000000,0.0047336695014595,0.0000000000000000,1.4634314778721393,3.0001441523637755,1.360692,-0.453665,-0.9070270676137,1.3827014813109,1,1.4e-12
1.0025783658030716,0.0,-0.0000000000000000,0.0000000000000000,0.0047223150728634,0.0000000000000000,1.4649486395620399,3.0001441356372816,1.356305,-0.459390,-0.8969154760798,1.3769269303928,1,1.4e-12
1.0025813842347366,0.0,-0.0000000000000000,0.0000000000000000,0.0047108010001870,0.0000000000000000,1.4664958869004081,3.0001441186510069,1.351831,-0.465225,-0.8866050719480,1.3710939805949,1,1.5e-12
1.0025844501623113,0.0,0.0000000000000000,0.0000000000000000,0.0046991260816097,0.0000000000000000,1.4680738148735317,3.0001441014023658,1.347266,-0.471174,-0.8760920985516,1.3652037698964,1,1.5e-12
1.0025875641364950,0.0,-0.0000000000000000,0.0000000000000000,0.0046872891402897,0.0000000000000000,1.4696830302463961,3.0001440838888032,1.342609,-0.477237,-0.8653727388538,1.3592575493824,1,1.5e-12
1.0025907267081038,0.0,0.0000000000000000,0.0000000000000000,0.0046752890255461,0.0000000000000000,1.4713241517983704,3.0001440661077989,1.337860,-0.483416,-0.8544431134790,1.3532566919135,1,1.5e-12
1.0025939384277940,0.0,-0.0000000000000000,0.0000000000000000,0.0046631246143703,0.0000000000000000,1.4729978105640080,3.0001440480568715,1.333014,-0.489715,-0.8432992825596,1.3472026946313,1,1.5e-12
1.0025971998458580,0.0,0.0000000000000000,0.0000000000000000,0.0046507948125689,0.0000000000000000,1.4747046500784162,3.0001440297335815,1.328072,-0.496135,-0.8319372434837,1.3410971886754,1,1.5e-12
1.0026005115119339,0.0,-0.0000000000000000,0.0000000000000000,0.0046382985562629,0.0000000000000000,1.4764453266280000,3.0001440111355313,1.323031,-0.502678,-0.8203529321564,1.3349419430756,1,1.5e-12
1.0026038739747314,0.0,0.0000000000000000,0.0000000000000000,0.0046256348133524,0.0000000000000000,1.4782205095062577,3.0001439922603730,1.317888,-0.509346,-0.8085422222921,1.3287388722369,1,1.6e-12
1.0026072877818120,0.0,0.0000000000000000,0.0000000000000000,0.0046128025846728,0.0000000000000000,1.4800308812745642,3.0001439731058084,1.312643,-0.516142,-0.7965009247243,1.3224900454484,1,1.5e-12
1.0026107534792250,0.0,-0.0000000000000000,0.0000000000000000,0.0045998009057766,0.0000000000000000,1.4818771380288591,3.0001439536695940,1.307292,-0.523068,-0.7842247894908,1.3161976879407,1,1.6e-12
1.0026142716112620,0.0,-0.0000000000000000,0.0000000000000000,0.0045866288482216,0.0000000000000000,1.4837599896713121,3.0001439339495457,1.301835,-0.530125,-0.7717095035621,1.3098641955319,1,1.5e-12
1.0026178427201367,0.0,0.0000000000000000,0.0000000000000000,0.0045732855210987,0.0000000000000000,1.4856801601878276,3.0001439139435386,1.296268,-0.537318,-0.7589506925803,1.3034921374943,1,1.6e-12
1.0026214673456733,0.0,0.0000000000000000,0.0000000000000000,0.0045597700725449,0.0000000000000000,1.4876383879311572,3.0001438936495166,1.290591,-0.544647,-0.7459439202375,1.2970842677594,1,1.6e-12
1.0026251460249787,0.0,-0.0000000000000000,0.0000000000000000,0.0045460816912963,0.0000000000000000,1.4896354259099047,3.0001438730654910,1.284799,-0.552115,-0.7326846896470,1.2906435304562,1,1.5e-12
1.0026288792920939,0.0,0.0000000000000000,0.0000000000000000,0.0045322196083103,0.0000000000000000,1.4916720420834582,3.0001438521895460,1.278893,-0.559724,-0.7191684425830,1.2841730712543,1,1.5e-12
1.0026326676776629,0.0,-0.0000000000000000,0.0000000000000000,0.0045181830982760,0.0000000000000000,1.4937490196629359,3.0001438310198467,1.272868,-0.567477,-0.7053905614125,1.2776762440841,1,1.5e-12
1.0026365117085669,0.0,0.0000000000000000,0.0000000000000000,0.0045039714812595,0.0000000000000000,1.4958671574183409,3.0001438095546362,1.266723,-0.575377,-0.6913463692570,1.2711566213267,1,1.5e-12
1.0026404119075449,0.0,0.0000000000000000,0.0000000000000000,0.0044895841244033,0.0000000000000000,1.4980272699921324,3.0001437877922474,1.260456,-0.583425,-0.6770311293441,1.2646180062962,1,1.5e-12
1.0026443687928408,0.0,-0.0000000000000000,0.0000000000000000,0.0044750204433978,0.0000000000000000,1.5002301882189839,3.0001437657311016,1.254065,-0.591625,-0.6624400487877,1.2580644377224,1,1.4e-12
1.0026483828777653,0.0,0.0000000000000000,0.0000000000000000,0.0044602799044242,0.0000000000000000,1.5024767594525112,3.0001437433697151,1.247546,-0.599978,-0.6475682784586,1.2515002021618,1,1.3e-12
1.0026524546703197,0.0,-0.0000000000000000,0.0000000000000000,0.0044453620256892,0.0000000000000000,1.5047678478983391,3.0001437207067054,1.240898,-0.608487,-0.6324109127401,1.2449298479660,1,1.3e-12
1.0026565846727742,0.0,0.0000000000000000,0.0000000000000000,0.0044302663791632,0.0000000000000000,1.5071043349542026,3.0001436977407936,1.234118,-0.617155,-0.6169629929591,1.2383581925999,1,1.3e-12
1.0026607733812216,0.0,0.0000000000000000,0.0000000000000000,0.0044149925923868,0.0000000000000000,1.5094871195570312,3.0001436744708099,1.227203,-0.625984,-0.6012195090064,1.2317903331967,1,1.2e-12
1.0026650212851418,0.0,-0.0000000000000000,0.0000000000000000,0.0043995403502310,0.0000000000000000,1.5119171185371292,3.0001436508956987,1.220152,-0.634977,-0.5851753990670,1.2252316621033,1,1.2e-12
1.0026693288669346,0.0,-0.0000000000000000,0.0000000000000000,0.0043839093966907,0.0000000000000000,1.5143952669796408,3.0001436270145239,1.212962,-0.644136,-0.5688255545564,1.2186878740219,1,1.1e-12
1.0026736966014727,0.0,-0.0000000000000000,0.0000000000000000,0.0043680995365799,0.0000000000000000,1.5169225185933386,3.0001436028264719,1.205629,-0.653464,-0.5521648205116,1.2121649809829,1,9.4e-13
1.0026781249555681,0.0,-0.0000000000000000,0.0000000000000000,0.0043521106375983,0.0000000000000000,1.5194998460872549,3.0001435783308605,1.198151,-0.662963,-0.5351879967391,1.2056693274961,1,8.7e-13
1.0026826143875023,0.0,-0.0000000000000000,0.0000000000000000,0.0043359426320325,0.0000000000000000,1.5221282415547399,3.0001435535271392,1.190527,-0.672637,-0.5178898435275,1.1992075978364,1,8.3e-13
1.0026871653464995,0.0,0.0000000000000000,0.0000000000000000,0.0043195955186815,0.0000000000000000,1.5248087168655471,3.0001435284148990,1.182752,-0.682487,-0.5002650826118,1.1927868334664,1,6.5e-13
1.0026917782721962,0.0,-0.0000000000000000,0.0000000000000000,0.0043030693647409,0.0000000000000000,1.5275423040659237,3.0001435029938737,1.174825,-0.692516,-0.4823084014961,1.1864144428631,1,5.5e-13
1.0026964535940943,0.0,0.0000000000000000,0.0000000000000000,0.0042863643077093,0.0000000000000000,1.5303300557869013,3.0001434772639497,1.166742,-0.702728,-0.4640144538559,1.1800982235838,1,3.6e-13
1.0027011917309749,0.0,0.0000000000000000,0.0000000000000000,0.0042694805574575,0.0000000000000000,1.5331730456610408,3.0001434512251657,1.158501,-0.713123,-0.4453778681120,1.1738463647614,1,2.5e-13
1.0027059930903568,0.0,0.0000000000000000,0.0000000000000000,0.0042524183979770,0.0000000000000000,1.5360723687474778,3.0001434248777232,1.150099,-0.723705,-0.4263932467764,1.1676674729393,1,5.6e-14
1.0027108580678457,0.0,-0.0000000000000000,0.0000000000000000,0.0042351781896365,0.0000000000000000,1.5390291419660092,3.0001433982219892,1.141532,-0.734477,-0.4070551753373,1.1615705759552,1,1.5e-13
1.0027157870465619,0.0,0.0000000000000000,0.0000000000000000,0.0042177603709696,0.0000000000000000,1.5420445045397104,3.0001433712585022,1.132799,-0.745441,-0.3873582215773,1.1555651506598,1,3.8e-13
1.0027207803964842,0.0,-0.0000000000000000,0.0000000000000000,0.0042001654608107,0.0000000000000000,1.5451196184468545,3.0001433439879772,1.123896,-0.756599,-0.3672969461215,1.1496611252781,1,5.1e-13
1.0027258384737974,0.0,0.0000000000000000,0.0000000000000000,0.0041823940603609,0.0000000000000000,1.5482556688819544,3.0001433164113127,1.114820,-0.767954,-0.3468659023964,1.1438689089918,1,9.3e-13
1.0027309616202200,0.0,0.0000000000000000,0.0000000000000000,0.0041644468552415,0.0000000000000000,1.5514538647262768,3.0001432885295940,1.105569,-0.779509,-0.3260596470941,1.1381993944249,1,1.1e-12
1.0027361501623173,0.0,-0.0000000000000000,0.0000000000000000,0.0041463246176123,0.0000000000000000,1.5547154390279261,3.0001432603440992,1.096138,-0.791265,-0.3048727444338,1.1326639812216,1,1.5e-12
1.0027414044105050,0.0,-0.0000000000000000,0.0000000000000000,0.0041280282092476,0.0000000000000000,1.5580416494925657,3.0001432318563075,1.086526,-0.803226,-0.2832997757165,1.1272745804891,1,1.6e-13
1.0027467246593817,0.0,-0.0000000000000000,0.0000000000000000,0.0041095585800257,0.0000000000000000,1.5614337789801787,3.0001432030678958,1.076728,-0.815393,-0.2613353326383,1.1220436743162,1,3.7e-14
1.0027521111854558,0.0,0.0000000000000000,0.0000000000000000,0.0040909167753626,0.0000000000000000,1.5648931360196778,3.0001431739807551,1.066742,-0.827768,-0.2389740451990,1.1169842713793,1,9.5e-14
1.0027575642473485,0.0,-0.0000000000000000,0.0000000000000000,0.0040721039350199,0.0000000000000000,1.5684210553264690,3.0001431445969882,1.056566,-0.840355,-0.2162105773734,1.1121099593239,1,9.7e-14
1.0027630840847379,0.0,-0.0000000000000000,0.0000000000000000,0.0040531212962465,0.0000000000000000,1.5720188983343300,3.0001431149189166,1.046194,-0.853154,-0.1930396366020,1.1074349192708,1,2.0e-13
1.0027686709175694,0.0,-0.0000000000000000,0.0000000000000000,0.0040339701959120,0.0000000000000000,1.5756880537372515,3.0001430849490864,1.035625,-0.866169,-0.1694559854127,1.1029739340680,1,1.2e-13
1.0027743249451861,0.0,0.0000000000000000,0.0000000000000000,0.0040146520729036,0.0000000000000000,1.5794299380424490,3.0001430546902705,1.024855,-0.879400,-0.1454544486413,1.0987424129507,1,4.6e-14
1.0027800463454970,0.0,0.0000000000000000,0.0000000000000000,0.0039951684702748,0.0000000000000000,1.5832459961344831,3.0001430241454754,1.013880,-0.892850,-0.1210299224677,1.0947564095550,1,9.7e-14
1.0027858352740529,0.0,-0.0000000000000000,0.0000000000000000,0.0039755210377612,0.0000000000000000,1.5871377018510395,3.0001429933179438,1.002699,-0.906521,-0.0961773892542,1.0910326272261,1,9.8e-14
1.0027916918631457,0.0,-0.0000000000000000,0.0000000000000000,0.0039557115340566,0.0000000000000000,1.5911065585702950,3.0001429622111604,0.991306,-0.920414,-0.0708919224848,1.0875884532299,1,2.3e-13
1.0027976162208652,0.0,-0.0000000000000000,0.0000000000000000,0.0039357418292574,0.0000000000000000,1.5951540998102685,3.0001429308288543,0.979699,-0.934530,-0.0451687023573,1.0844419629927,1,2.0e-13
1.0028036084301366,0.0,-0.0000000000000000,0.0000000000000000,0.0039156139072562,0.0000000000000000,1.5992818898403542,3.0001428991750028,0.967874,-0.948871,-0.0190030259807,1.0816119437432,1,2.6e-13
1.0028096685477232,0.0,-0.0000000000000000,0.0000000000000000,0.0038953298682398,0.0000000000000000,1.6034915243052921,3.0001428672538348,-0.963438,0.955829,0.0076096779418,1.0791179036472,1,1.8e-13
1.0028157966031972,0.0,-0.0000000000000000,0.0000000000000000,0.0038748919312732,0.0000000000000000,1.6077846308618502,3.0001428350698349,-0.978233,0.943559,0.0346738425625,1.0769801080928,1,2.4e-13
1.0028219925979105,0.0,0.0000000000000000,0.0000000000000000,0.0038543024367028,0.0000000000000000,1.6121628698283852,3.0001428026277437,-0.993255,0.931061,0.0621937379647,1.0752195625846,1,2.4e-13
1.0028282565038995,0.0,0.0000000000000000,0.0000000000000000,0.0038335638488769,0.0000000000000000,1.6166279348476864,3.0001427699325607,-1.008505,0.918332,0.0901734713821,1.0738580705972,1,2.2e-13
1.0028345882627907,0.0,-0.0000000000000000,0.0000000000000000,0.0038126787587104,0.0000000000000000,1.6211815535632235,3.0001427369895484,-1.023984,0.905367,0.1186169583764,1.0729182082368,1,3.4e-13
1.0028409877846443,0.0,0.0000000000000000,0.0000000000000000,0.0037916498864679,0.0000000000000000,1.6258254883092549,3.0001427038042299,-1.039692,0.892164,0.1475279209151,1.0724233771475,1,3.7e-13
1.0028474549467998,0.0,-0.0000000000000000,0.0000000000000000,0.0037704800844435,0.0000000000000000,1.6305615368148634,3.0001426703823917,-1.055629,0.878720,0.1769098643257,1.0723977988696,1,3.8e-13
1.0028539895926953,0.0,0.0000000000000000,0.0000000000000000,0.0037491723396501,0.0000000000000000,1.6353915329223085,3.0001426367300836,-1.071795,0.865029,0.2067660618369,1.0728665299850,1,4.6e-13
1.0028605915305977,0.0,0.0000000000000000,0.0000000000000000,0.0037277297768872,0.0000000000000000,1.6403173473201575,3.0001426028536189,-1.088188,0.851089,0.2370995441587,1.0738554941549,1,5.0e-13
1.0028672605323650,0.0,0.0000000000000000,0.0000000000000000,0.0037061556614800,0.0000000000000000,1.6453408882911962,3.0001425687595722,-1.104808,0.836895,0.2679130788599,1.0753914840937,1,5.6e-13
1.0028739963321471,0.0,-0.0000000000000000,0.0000000000000000,0.0036844534023026,0.0000000000000000,1.6504641024756046,3.0001425344547803,-1.121654,0.822444,0.2992091576568,1.0775021877025,1,6.3e-13
1.0028807986250334,0.0,-0.0000000000000000,0.0000000000000000,0.0036626265549072,0.0000000000000000,1.6556889756498248,3.0001424999463340,-1.138723,0.807733,0.3309899755109,1.0802161884343,1,5.5e-13
1.0028876670657072,0.0,0.0000000000000000,0.0000000000000000,0.0036406788245466,0.0000000000000000,1.6610175335211561,3.0001424652415829,-1.156014,0.792756,0.3632574197649,1.0835629981849,1,5.6e-13
1.0028946012670374,0.0,-0.0000000000000000,0.0000000000000000,0.0036186140694118,0.0000000000000000,1.6664518425386816,3.0001424303481259,-1.173524,0.777511,0.3960130553365,1.0875730762615,1,5.5e-13
1.0029016007986278,0.0,-0.0000000000000000,0.0000000000000000,0.0035964363039538,0.0000000000000000,1.6719940107207969,3.0001423952738087,-1.191250,0.761992,0.4292581066632,1.0922778376721,1,6.4e-13
1.0029086651853385,0.0,0.0000000000000000,0.0000000000000000,0.0035741497023029,0.0000000000000000,1.6776461884996876,3.0001423600267163,-1.209188,0.746195,0.4629934423116,1.0977096675752,1,8.0e-13
1.0029157939057873,0.0,-0.0000000000000000,0.0000000000000000,0.0035517586016617,0.0000000000000000,1.6834105695830215,3.0001423246151675,-1.227336,0.730116,0.4972195711161,1.1039019739721,1,7.6e-13
1.0029229863907583,0.0,-0.0000000000000000,0.0000000000000000,0.0035292675060551,0.0000000000000000,1.6892893918335743,3.0001422890477074,-1.245688,0.713751,0.5319366171929,1.1108891659103,1,6.3e-13
1.0029302420214932,0.0,0.0000000000000000,0.0000000000000000,0.0035066810903822,0.0000000000000000,1.6952849381670398,3.0001422533330988,-1.264238,0.697094,0.5671443179651,1.1187067072545,1,1.3e-13
1.0029375601285753,0.0,-0.0000000000000000,0.0000000000000000,0.0034840042026412,0.0000000000000000,1.7013995374669117,3.0001422174803087,-1.282983,0.680141,0.6028420255007,1.1273911794935,1,4.8e-14
1.0029449399894557,0.0,-0.0000000000000000,0.0000000000000000,0.0034612418703862,0.0000000000000000,1.7076355655213609,3.0001421814985023,-1.301914,0.662885,0.6390286806584,1.1369802430045,1,6.5e-14
1.0029523808272327,0.0,-0.0000000000000000,0.0000000000000000,0.0034383993033209,0.0000000000000000,1.7139954459764801,3.0001421453970272,-1.321025,0.645322,0.6757028236530,1.1475127203050,1,2.3e-14
1.0029598818087571,0.0,0.0000000000000000,0.0000000000000000,0.0034154818979591,0.0000000000000000,1.7204816513108083,3.0001421091853997,-1.340309,0.627446,0.7128625934996,1.1590286358392,1,1.6e-13
1.0029674420427992,0.0,0.0000000000000000,0.0000000000000000,0.0033924952421804,0.0000000000000000,1.7270967038298894,3.0001420728732890,-1.359756,0.609250,0.7505057346311,1.1715692731333,1,1.2e-13
1.0029750605781933,0.0,-0.0000000000000000,0.0000000000000000,0.0033694451198563,0.0000000000000000,1.7338431766815630,3.0001420364705025,-1.379356,0.590727,0.7886296094434,1.1851772406451,1,2.0e-13
1.0029827364018769,0.0,-0.0000000000000000,0.0000000000000000,0.0033463375159055,0.0000000000000000,1.7407236948926603,3.0001419999869623,-1.399101,0.571870,0.8272312068586,1.1998965142419,1,9.5e-14
1.0029904684369508,0.0,0.0000000000000000,0.0000000000000000,0.0033231786213009,0.0000000000000000,1.7477409364273726,3.0001419634326916,-1.418978,0.552671,0.8663071747940,1.2157725556168,1,9.9e-14
1.0029982555406176,0.0,-0.0000000000000000,0.0000000000000000,0.0032999748385910,0.0000000000000000,1.7548976332681274,3.0001419268177849,-1.438975,0.533121,0.9058538501497,1.2328524034052,1,1.8e-13
1.0030060965021006,0.0,0.0000000000000000,0.0000000000000000,0.0032767327874988,0.0000000000000000,1.7621965725193407,3.0001418901523906,-1.459078,0.513211,0.9458672969296,1.2511847739654,1,1.8e-14
1.0030139900404873,0.0,0.0000000000000000,0.0000000000000000,0.0032534593109878,0.0000000000000000,1.7696405975347367,3.0001418534466802,-1.479274,0.492931,0.9863433622186,1.2708202179337,1,1.9e-13
1.0030219348025142,0.0,-0.0000000000000000,0.0000000000000000,0.0032301614815163,0.0000000000000000,1.7772326090688637,3.0001418167108223,-1.499546,0.472269,1.0272777362706,1.2918112566304,1,1.9e-13
1.0030299293602813,0.0,-0.0000000000000000,0.0000000000000000,0.0032068466077655,0.0000000000000000,1.7849755664534288,3.0001417799549501,-1.519878,0.451212,1.0686660448420,1.3142126236357,1,1.4e-14
1.0030379722089096,0.0,-0.0000000000000000,0.0000000000000000,0.0031835222416322,0.0000000000000000,1.7928724887991694,3.0001417431891317,-1.540251,0.429747,1.1105039224467,1.3380813853713,1,1.9e-13
1.0030460617640971,0.0,0.0000000000000000,0.0000000000000000,0.0031601961858170,0.0000000000000000,1.8009264562240346,3.0001417064233302,-1.560646,0.407859,1.1527871492516,1.3634772873699,1,3.3e-13
1.0030541963596278,0.0,0.0000000000000000,0.0000000000000000,0.0031368765017337,0.0000000000000000,1.8091406111083481,3.0001416696673684,-1.581041,0.385529,1.1955117700971,1.3904629747957,1,6.8e-14
1.0030623742447755,0.0,-0.0000000000000000,0.0000000000000000,0.0031135715179951,0.0000000000000000,1.8175181593779208,3.0001416329308883,-1.601414,0.362739,1.2386742748293,1.4191044068712,1,2.0e-13
1.0030705935816231,0.0,-0.0000000000000000,0.0000000000000000,0.0030902898394972,0.0000000000000000,1.8260623718158133,3.0001415962233042,-1.621740,0.339468,1.2822717673058,1.4494711602067,1,3.6e-13
1.0030788524421950,0.0,-0.0000000000000000,0.0000000000000000,0.0030670403572626,0.0000000000000000,1.8347765854040434,3.0001415595537586,-1.641994,0.315691,1.3263021946263,1.4816369083809,1,2.1e-13
1.0030871488058992,0.0,0.0000000000000000,0.0000000000000000,0.0030438322579864,0.0000000000000000,1.8436642046950165,3.0001415229310688,-1.662147,0.291382,1.3707646164605,1.5156799871698,1,7.7e-14
1.0030954805561130,0.0,0.0000000000000000,0.0000000000000000,0.0030206750362118,0.0000000000000000,1.8527287032162181,3.0001414863636757,-1.682170,0.266511,1.4156594874771,1.5516839022725,1,1.3e-13
1.0031038454774144,0.0,0.0000000000000000,0.0000000000000000,0.0029975785053158,0.0000000000000000,1.8619736249062044,3.0001414498595831,-1.702032,0.241043,1.4609890203562,1.5897380707309,1,2.5e-13
1.0031122412519955,0.0,-0.0000000000000000,0.0000000000000000,0.0029745528112252,0.0000000000000000,1.8714025855860901,3.0001414134262983,-1.721697,0.214940,1.5067575703254,1.6299385092063,1,3.1e-13
1.0031197842109283,0.0,0.0000000000000000,0.0000000000000000,0.0029540010849808,0.0000000000000000,1.8800058266151360,3.0001413808646236,-1.739114,0.190990,1.5481234162778,1.6678459206696,1,3.1e-13
1.0031274089720255,0.0,-0.0000000000000000,0.0000000000000000,0.0029333582415386,0.0000000000000000,1.8888332615509269,3.0001413481092354,-1.756454,0.166264,1.5901906137879,1.7079650610122,1,3.1e-13
1.0031342672359391,0.0,0.0000000000000000,0.0000000000000000,0.0029149053085624,0.0000000000000000,1.8968889923208843,3.0001413187791726,-1.771806,0.143545,1.6282609606767,1.7456662359742,1,1.4e-13
1.0031412055549820,0.0,0.0000000000000000,0.0000000000000000,0.0028963491438453,0.0000000000000000,1.9051534795377905,3.0001412892298913,-1.787081,0.120065,1.6670157507591,1.7854342470840,1,1.5e-13
1.0031429128506384,0.0,-0.0000000000000000,0.0000000000000000,0.0028918005564003,0.0000000000000000,1.9072051672746708,3.0001412819772075,-1.790798,0.114207,1.6765911294411,1.7954791041108,1,1.6e-13
1.0031446480943038,0.0,-0.0000000000000000,0.0000000000000000,0.0028871846387430,0.0000000000000000,1.9092978563908432,3.0001412746131035,-1.794558,0.108218,1.6863396795120,1.8057956972523,1,4.1e-13
1.0031464116179043,0.0,-0.0000000000000000,0.0000000000000000,0.0028825008857634,0.0000000000000000,1.9114323659974337,3.0001412671364425,-1.798361,0.102097,1.6962644135190,1.8163925815292,1,2.6e-13
1.0031482037520458,0.0,0.0000000000000000,0.0000000000000000,0.0028777488104492,0.0000000000000000,1.9136095315715806,3.0001412595460959,-1.802207,0.095839,1.7063683892333,1.8272785343466,1,7.4e-13
1.0031500248256957,0.0,0.0000000000000000,0.0000000000000000,0.0028729279452715,0.0000000000000000,1.9158302052842420,3.0001412518409407,-1.806095,0.089440,1.7166547522064,1.8384627645067,1,5.1e-14
1.0031518751661390,0.0,-0.0000000000000000,0.0000000000000000,0.0028680378426993,0.0000000000000000,1.9180952563339582,3.0001412440198623,-1.810024,0.082897,1.7271267184135,1.8499548290474,1,1.8e-14
1.0031537550983061,0.0,0.0000000000000000,0.0000000000000000,0.0028630780775404,0.0000000000000000,1.9204055712887864,3.0001412360817539,-1.813993,0.076205,1.7377875632818,1.8617645642214,1,3.0e-14
1.0031556649446960,0.0,0.0000000000000000,0.0000000000000000,0.0028580482475938,0.0000000000000000,1.9227620544337611,3.0001412280255160,-1.818001,0.069361,1.7486406585991,1.8739022738248,1,2.1e-13
1.0031576050249547,0.0,-0.0000000000000000,0.0000000000000000,0.0028529479753482,0.0000000000000000,1.9251656281261158,3.0001412198500601,-1.822049,0.062359,1.7596894482320,1.8863785958256,1,9.8e-14
1.0031595756555489,0.0,-0.0000000000000000,0.0000000000000000,0.0028477769093231,0.0000000000000000,1.9276172331574972,3.0001412115543049,-1.826134,0.055196,1.7709374844981,1.8992046870635,1,2.2e-13
1.0031615771493880,0.0,0.0000000000000000,0.0000000000000000,0.0028425347256662,0.0000000000000000,1.9301178291235681,3.0001412031371797,-1.830255,0.047867,1.7823883963767,1.9123920422675,1,9.0e-14
1.0031636098154351,0.0,0.0000000000000000,0.0000000000000000,0.0028372211297164,0.0000000000000000,1.9326683948011103,3.0001411945976217,-1.834412,0.040366,1.7940459159486,1.9259526271199,1,5.7e-14
1.0031656739583219,0.0,-0.0000000000000000,0.0000000000000000,0.0028318358576091,0.0000000000000000,1.9352699285327417,3.0001411859345808,-1.838602,0.032688,1.8059139039480,1.9398989948285,1,2.1e-13
1.0031677698779051,0.0,-0.0000000000000000,0.0000000000000000,0.0028263786780666,0.0000000000000000,1.9379234486195587,3.0001411771470146,-1.842826,0.024829,1.8179963172578,1.9542441024643,1,3.9e-14
1.0031698978688706,0.0,0.0000000000000000,0.0000000000000000,0.0028208493940248,0.0000000000000000,1.9406299937215827,3.0001411682338932,-1.847080,0.016782,1.8302972450089,1.9690014846732,1,4.2e-13
1.0031720582202388,0.0,0.0000000000000000,0.0000000000000000,0.0028152478445944,0.0000000000000000,1.9433906232665823,3.0001411591941944,-1.851363,0.008542,1.8428209175709,1.9841852757720,1,6.2e-13
1.0031742512149309,0.0,0.0000000000000000,0.0000000000000000,0.0028095739068363,0.0000000000000000,1.9462064178670153,3.0001411500269093,-1.855674,0.000102,1.8555716987086,1.9998101578141,1,4.4e-13
1.0031764771292446,0.0,0.0000000000000000,0.0000000000000000,0.0028038274978513,0.0000000000000000,1.9490784797456508,3.0001411407310359,-1.860010,-0.008544,1.8685541052433,2.0158914245879,1,9.2e-14
1.0031787362323723,0.0,0.0000000000000000,0.0000000000000000,0.0027980085766696,0.0000000000000000,1.9520079331697373,3.0001411313055852,-1.864370,-0.017403,1.8817728372697,2.0324451200033,1,4.9e-14
1.0031810287858527,0.0,0.0000000000000000,0.0000000000000000,0.0027921171464936,0.0000000000000000,1.9549959248941469,3.0001411217495759,-1.868751,-0.026482,1.8952327592370,2.0494879043963,1,2.8e-14
1.0031833550430183,0.0,0.0000000000000000,0.0000000000000000,0.0027861532568087,0.0000000000000000,1.9580436246135535,3.0001411120620363,-1.873150,-0.035788,1.9089389400395,2.0670372295302,1,2.9e-14
1.0031857152484347,0.0,-0.0000000000000000,0.0000000000000000,0.0027801170056442,0.0000000000000000,1.9611522254238423,3.0001411022420039,-1.877566,-0.045331,1.9228966484163,2.0851112722221,1,3.0e-13
1.0031881096372937,0.0,-0.0000000000000000,0.0000000000000000,0.0027740085419431,0.0000000000000000,1.9643229442930255,3.0001410922885232,-1.881995,-0.055117,1.9371113869937,2.1037290652439,1,1.1e-13
1.0031905384347901,0.0,0.0000000000000000,0.0000000000000000,0.0027678280680074,0.0000000000000000,1.9675570225418291,3.0001410822006469,-1.886434,-0.065155,1.9515888958059,2.1229104693474,1,4.9e-13
1.0031930018554898,0.0,-0.0000000000000000,0.0000000000000000,0.0027615758419608,0.0000000000000000,1.9708557263341280,3.0001410719774326,-1.890880,-0.075455,1.9663351962093,2.1426763409496,1,1.7e-13
1.0031955001026442,0.0,0.0000000000000000,0.0000000000000000,0.0027552521804490,0.0000000000000000,1.9742203471775330,3.0001410616179425,-1.895330,-0.086026,1.9813565799874,2.1630484129044,1,1.5e-13
1.0031980333675126,0.0,0.0000000000000000,0.0000000000000000,0.0027488574612458,0.0000000000000000,1.9776522024342382,3.0001410511212452,-1.899780,-0.096879,1.9966596746979,2.1840495668592,1,1.4e-13
1.0032006018286257,0.0,0.0000000000000000,0.0000000000000000,0.0027423921261588,0.0000000000000000,1.9811526358424976,3.0001410404864077,-1.904227,-0.108025,2.0122514356813,2.2057037082584,1,4.3e-14
1.0032032056510478,0.0,0.0000000000000000,0.0000000000000000,0.0027358566838447,0.0000000000000000,1.9847230180488211,3.0001410297124980,-1.908665,-0.119474,2.0281391670976,2.2280357834259,1,3.4e-14
1.0032058449855923,0.0,0.0000000000000000,0.0000000000000000,0.0027292517128958,0.0000000000000000,1.9883647471512638,3.0001410187985829,-1.913092,-0.131239,2.0443306269865,2.2510722459831,1,7.2e-14
1.0032085199680187,0.0,0.0000000000000000,0.0000000000000000,0.0027225778649340,0.0000000000000000,1.9920792492539694,3.0001410077437241,-1.917501,-0.143333,2.0608339608817,2.2748405787683,1,2.4e-13
1.0032112307181889,0.0,-0.0000000000000000,0.0000000000000000,0.0027158358678938,0.0000000000000000,1.9958679790332681,3.0001409965469774,-1.921889,-0.155768,2.0776578191240,2.2993697993006,1,3.4e-13
1.0032139773392046,0.0,-0.0000000000000000,0.0000000000000000,0.0027090265293424,0.0000000000000000,1.9997324203155764,3.0001409852073873,-1.926251,-0.168561,2.0948113607678,2.3246903373247,1,8.1e-14
1.0032167599165069,0.0,-0.0000000000000000,0.0000000000000000,0.0027021507399907,0.0000000000000000,2.0036740866673641,3.0001409737239850,-1.930580,-0.181725,2.1123042970332,2.3508341094266,1,2.5e-13
1.0032195785169331,0.0,0.0000000000000000,0.0000000000000000,0.0026952094773624,0.0000000000000000,2.0076945219975246,3.0001409620957857,-1.934870,-0.195277,2.1301470069176,2.3778349765963,1,7.5e-14
1.0032224331877513,0.0,0.0000000000000000,0.0000000000000000,0.0026882038095030,0.0000000000000000,2.0117953011723757,3.0001409503217840,-1.939117,-0.209233,2.1483504702107,2.4057281639764,1,1.4e-13
1.0032253239556559,0.0,-0.0000000000000000,0.0000000000000000,0.0026811348989247,0.0000000000000000,2.0159780306436001,3.0001409384009468,-1.943313,-0.223613,2.1669264408529,2.4345510013090,1,1.5e-13
1.0032282508257082,0.0,0.0000000000000000,0.0000000000000000,0.0026740040067132,0.0000000000000000,2.0202443490895057,3.0001409263322136,-1.947451,-0.238436,2.1858874832793,2.4643428757365,1,1.0e-13
1.0032312137802772,0.0,0.0000000000000000,0.0000000000000000,0.0026668124966757,0.0000000000000000,2.0245959280698269,3.0001409141144864,-1.951525,-0.253722,2.2052470056024,2.4951451316444,1,2.1e-13
1.0032342127778879,0.0,0.0000000000000000,0.0000000000000000,0.0026595618398349,0.0000000000000000,2.0290344726944824,3.0001409017466250,-1.955526,-0.269493,2.2250193917245,2.5270015043062,1,1.3e-13
1.0032372477520728,0.0,0.0000000000000000,0.0000000000000000,0.0026522536189267,0.0000000000000000,2.0335617223065796,3.0001408892274424,-1.959446,-0.285774,2.2452200503855,2.5599580443881,1,4.0e-13
1.0032403186101484,0.0,0.0000000000000000,0.0000000000000000,0.0026448895332647,0.0000000000000000,2.0381794511800915,3.0001408765556956,-1.963278,-0.302588,2.2658655483229,2.5940634853004,1,2.3e-13
1.0032434252319251,0.0,-0.0000000000000000,0.0000000000000000,0.0026374714036967,0.0000000000000000,2.0428894692325992,3.0001408637300777,-1.967012,-0.319962,2.2869736699831,2.6293691555389,1,5.5e-14
1.0032465674685433,0.0,-0.0000000000000000,0.0000000000000000,0.0026300011775482,0.0000000000000000,2.0476936227529721,3.0001408507492111,-1.970638,-0.337926,2.3085635808131,2.6659294230418,1,3.3e-14
1.0032497451409137,0.0,-0.0000000000000000,0.0000000000000000,0.0026224809344275,0.0000000000000000,2.0525937951457673,3.0001408376116365,-1.974147,-0.356509,2.3306559302124,2.7038017576302,1,3.7e-13
1.0032529580384277,0.0,-0.0000000000000000,0.0000000000000000,0.0026149128916473,0.0000000000000000,2.0575919076909668,3.0001408243158045,-1.977528,-0.375745,2.3532729926737,2.7430469417410,1,3.2e-13
1.0032562059174774,0.0,0.0000000000000000,0.0000000000000000,0.0026072994101281,0.0000000000000000,2.0626899203208171,3.0001408108600613,-1.980770,-0.395669,2.3764388103384,2.7837292433734,1,2.0e-13
1.0032594884999224,0.0,-0.0000000000000000,0.0000000000000000,0.0025996430006025,0.0000000000000000,2.0678898324137083,3.0001407972426417,-1.983862,-0.416318,2.4001793799906,2.8259167504242,1,2.9e-13
1.0032628054714898,0.0,-0.0000000000000000,0.0000000000000000,0.0025919463300942,0.0000000000000000,2.0731936836057541,3.0001407834616520,-1.986791,-0.437732,2.4245228359975,2.8696816243844,1,1.3e-13
1.0032661564801990,0.0,0.0000000000000000,0.0000000000000000,0.0025842122285168,0.0000000000000000,2.0786035546202082,3.0001407695150584,-1.989545,-0.459954,2.4494996059216,2.9151000992655,1,6.3e-13
1.0032695411345698,0.0,0.0000000000000000,0.0000000000000000,0.0025764436959308,0.0000000000000000,2.0841215681160006,3.0001407554006692,-1.992111,-0.483032,2.4751427261976,2.9622533125713,1,2.9e-13
1.0032729590018035,0.0,-0.0000000000000000,0.0000000000000000,0.0025686439100712,0.0000000000000000,2.0897498895553519,3.0001407411161201,-1.994473,-0.507015,2.5014879786099,3.0112269857184,1,2.4e-14
1.0032764096061229,0.0,-0.0000000000000000,0.0000000000000000,0.0025608162336393,0.0000000000000000,2.0954907280906498,3.0001407266588571,-1.996619,-0.531955,2.5285742434463,3.0621122481383,1,2.3e-13
1.0032795305168158,0.0,0.0000000000000000,0.0000000000000000,0.0025537778355266,0.0000000000000000,2.1007349586901025,3.0001407135486606,-1.998345,-0.555177,2.5535219081779,3.1094356208875,1,2.5e-13
1.0032826987829064,0.0,-0.0000000000000000,0.0000000000000000,0.0025466736841488,0.0000000000000000,2.1061103736796380,3.0001407002030267,-1.999881,-0.579430,2.5793116037569,3.1587917084892,1,4.5e-13
1.0032858985687181,0.0,-0.0000000000000000,0.0000000000000000,0.0025395417181886,0.0000000000000000,2.1115932657130401,3.0001406866839258,-2.001207,-0.604654,2.6058604553255,3.2100374014003,1,2.4e-13
1.0032891294355213,0.0,-0.0000000000000000,0.0000000000000000,0.0025323851407308,0.0000000000000000,2.1171857877455249,3.0001406729883620,-2.002306,-0.630905,2.6332111606151,3.2632656752690,1,4.2e-13
1.0032920520359976,0.0,0.0000000000000000,0.0000000000000000,0.0025259509042263,0.0000000000000000,2.1222946592152980,3.0001406605572156,-2.003087,-0.655365,2.6584514550772,3.3127524242732,1,2.5e-13
1.0032950192734484,0.0,-0.0000000000000000,0.0000000000000000,0.0025194576377760,0.0000000000000000,2.1275312348797328,3.0001406478918584,-2.003666,-0.680925,2.6845910302836,3.3643462121561,1,2.1e-13
1.0032980163876939,0.0,0.0000000000000000,0.0000000000000000,0.0025129400097910,0.0000000000000000,2.1328725293069892,3.0001406350502293,-2.004026,-0.707524,2.7115498015818,3.4178958521370,1,1.2e-13
1.0033007284796784,0.0,0.0000000000000000,0.0000000000000000,0.0025070785113060,0.0000000000000000,2.1377519470542148,3.0001406233845969,-2.004151,-0.732303,2.7364538087347,3.4676450287452,1,8.0e-13
1.0033034828779506,0.0,0.0000000000000000,0.0000000000000000,0.0025011616622241,0.0000000000000000,2.1427533093030902,3.0001406114900182,-2.004077,-0.758191,2.7622688969966,3.5194744180682,1,4.1e-13
1.0033062659436618,0.0,-0.0000000000000000,0.0000000000000000,0.0024952209728133,0.0000000000000000,2.1478546982096192,3.0001405994204302,-2.003791,-0.785126,2.7889168857981,3.5732279795321,1,4.6e-13
1.0033087851606097,0.0,-0.0000000000000000,0.0000000000000000,0.0024898769190500,0.0000000000000000,2.1525149676434472,3.0001405884479313,-2.003344,-0.810210,2.8135538311968,3.6231295004658,1,2.2e-13
1.0033113444765254,0.0,0.0000000000000000,0.0000000000000000,0.0024844810399912,0.0000000000000000,2.1572917129032594,3.0001405772521137,-2.002700,-0.836410,2.8391108608927,3.6750795769769,1,6.0e-14
1.0033139312586938,0.0,0.0000000000000000,0.0000000000000000,0.0024790620350950,0.0000000000000000,2.1621640022197020,3.0001405658834051,-2.001852,-0.863659,2.8655109209473,3.7289173943481,1,1.1e-13
1.0033165452263146,0.0,0.0000000000000000,0.0000000000000000,0.0024736224013859,0.0000000000000000,2.1671337501745809,3.0001405543382189,-2.000786,-0.892014,2.8928000162635,3.7847288074388,1,1.4e-13
1.0033176686914178,0.0,0.0000000000000000,0.0000000000000000,0.0024712959124680,0.0000000000000000,2.1692842684180791,3.0001405493577504,-2.000263,-0.904463,2.9047256923281,3.8091637227192,1,4.1e-13
1.0033177932361306,0.0,0.0000000000000000,0.0000000000000000,0.0024710384313089,0.0000000000000000,2.1695232148895789,3.0001405488049255,-2.000202,-0.905853,2.9060552172873,3.8118893200537,1,3.0e-13
1.0033179177239600,0.0,0.0000000000000000,0.0000000000000000,0.0024707811533547,0.0000000000000000,2.1697621613610787,3.0001405482522125,-2.000141,-0.907245,2.9073856605969,3.8146171698920,1,2.2e-13
1.0033180421549064,0.0,0.0000000000000000,0.0000000000000000,0.0024705240787294,0.0000000000000000,2.1700011078325785,3.0001405476996101,-2.000080,-0.908637,2.9087170055024,3.8173471680439,1,7.0e-13
1.0033181665289896,0.0,0.0000000000000000,0.0000000000000000,0.0024702672072928,0.0000000000000000,2.1702400543040783,3.0001405471471188,-2.000018,-0.910032,2.9100492400217,3.8200792269354,1,3.0e-13
1.0033182908462124,0.0,0.0000000000000000,0.0000000000000000,0.0024700105390634,0.0000000000000000,2.1704790007755781,3.0001405465947379,-1.999955,-0.911427,2.9113823834037,3.8228134580232,1,8.3e-14
1.0033184151065941,0.0,0.0000000000000000,0.0000000000000000,0.0024697540739770,0.0000000000000000,2.1707179472470779,3.0001405460424673,-1.999892,-0.912824,2.9127164381906,3.8255498626807,1,4.2e-13
1.0033185393101589,0.0,0.0000000000000000,0.0000000000000000,0.0024694978118448,0.0000000000000000,2.1709568937185777,3.0001405454903067,-1.999829,-0.914222,2.9140513917340,3.8282883585827,1,9.3e-14
1.0033189115800394,0.0,0.0000000000000000,0.0000000000000000,0.0024687302435678,0.0000000000000000,2.1716737331330771,3.0001405438344828,-1.999636,-0.918425,2.9180617451534,3.8365168837113,1,4.2e-13
1.0033213158364986,0.0,0.0000000000000000,0.0000000000000000,0.0024637917611243,0.0000000000000000,2.1763272391319770,3.0001405331089397,-1.998283,-0.946016,2.9442985113800,3.8904072200930,1,4.0e-13
1.0033237461121858,0.0,-0.0000000000000000,0.0000000000000000,0.0024588333814470,0.0000000000000000,2.1810738360685757,3.0001405222095583,-1.996719,-0.974713,2.9714327576605,3.9462291312794,1,2.2e-13
1.0033261532515267,0.0,0.0000000000000000,0.0000000000000000,0.0024539562166545,0.0000000000000000,2.1858185587148955,3.0001405113536666,-1.994973,-1.003975,2.9989476036557,4.0029024621874,1,8.7e-13
1.0033282894908726,0.0,-0.0000000000000000,0.0000000000000000,0.0024496569167533,0.0000000000000000,2.1900662169913279,3.0001405016667211,-1.993253,-1.030671,3.0239246294031,4.0543891341815,1,6.7e-13
1.0033304609144225,0.0,0.0000000000000000,0.0000000000000000,0.0024453153620057,0.0000000000000000,2.1944201805600092,3.0001404917668988,-1.991338,-1.058539,3.0498771396823,4.1079095481091,1,3.2e-13
1.0033326567969001,0.0,-0.0000000000000000,0.0000000000000000,0.0024409548217521,0.0000000000000000,2.1988612519907131,3.0001404816983261,-1.989225,-1.087502,3.0767271200975,4.1632866506067,1,4.1e-13
1.0033348769458055,0.0,0.0000000000000000,0.0000000000000000,0.0024365773717574,0.0000000000000000,2.2033911772285357,3.0001404714571978,-1.986904,-1.117618,3.1045218855923,4.2205995687701,1,2.9e-13
1.0033368877327273,0.0,-0.0000000000000000,0.0000000000000000,0.0024326404712665,0.0000000000000000,2.2075291989593264,3.0001404621261805,-1.984638,-1.145646,3.1302840992032,4.2736929976747,1,7.5e-14
1.0033389318411401,0.0,-0.0000000000000000,0.0000000000000000,0.0024286659752062,0.0000000000000000,2.2117709065007980,3.0001404525838922,-1.982170,-1.174903,3.1570728388221,4.3288568720450,1,4.1e-13
1.0033409991232702,0.0,-0.0000000000000000,0.0000000000000000,0.0024246754003051,0.0000000000000000,2.2160974849549877,3.0001404428727905,-1.979503,-1.205305,3.1848078340240,4.3859045826469,1,1.3e-13
1.0033419724747199,0.0,0.0000000000000000,0.0000000000000000,0.0024228067733556,0.0000000000000000,2.2181476359471253,3.0001404382785712,-1.978186,-1.219913,3.1980985769282,4.4132139910245,1,4.3e-13
1.0033429611806346,0.0,-0.0000000000000000,0.0000000000000000,0.0024209155091186,0.0000000000000000,2.2202387995578401,3.0001404335971271,-1.976807,-1.234948,3.2117556629799,4.4412548361444,1,1.3e-13
1.0033439653900331,0.0,0.0000000000000000,0.0000000000000000,0.0024190017244414,0.0000000000000000,2.2223717967137717,3.0001404288267350,-1.975365,-1.250427,3.2257920278401,4.4700497908205,1,6.5e-13
1.0033449852489569,0.0,-0.0000000000000000,0.0000000000000000,0.0024170655603425,0.0000000000000000,2.2245474648060841,3.0001404239656280,-1.973855,-1.266366,3.2402213517316,4.4996232294428,1,5.5e-13
1.0033460209001823,0.0,-0.0000000000000000,0.0000000000000000,0.0024151071833142,0.0000000000000000,2.2267666580229362,3.0001404190119949,-1.972276,-1.282781,3.2550578006206,4.5299994904192,1,6.4e-14
1.0033470724829370,0.0,-0.0000000000000000,0.0000000000000000,0.0024131267867217,0.0000000000000000,2.2290302476887760,3.0001404139639769,-1.970625,-1.299692,3.2703163297097,4.5612045310516,1,7.3e-14
1.0033481401325670,0.0,-0.0000000000000000,0.0000000000000000,0.0024111245922856,0.0000000000000000,2.2313391226106849,3.0001404088196639,-1.968897,-1.317115,3.2860124901594,4.5932645602394,1,2.4e-13
1.0033492239802302,0.0,-0.0000000000000000,0.0000000000000000,0.0024091008515667,0.0000000000000000,2.2336941894318723,3.0001404035770967,-1.967091,-1.335072,3.3021627349546,4.6262076578402,1,5.7e-13
1.0033503241525603,0.0,0.0000000000000000,0.0000000000000000,0.0024070558475174,0.0000000000000000,2.2360963729925318,3.0001403982342598,-1.965202,-1.353582,3.3187842089642,4.6600623090707,1,1.1e-13
1.0033514407712880,0.0,-0.0000000000000000,0.0000000000000000,0.0024049898962457,0.0000000000000000,2.2385466166982111,3.0001403927890826,-1.963228,-1.372667,3.3358949362764,4.6948582624578,1,4.3e-14
1.0033525739528977,0.0,-0.0000000000000000,0.0000000000000000,0.0024029033485964,0.0000000000000000,2.2410458828958451,3.0001403872394330,-1.961164,-1.392350,3.3535137949008,4.7306261385663,1,8.9e-14
1.0033537238082135,0.0,-0.0000000000000000,0.0000000000000000,0.0024007965921012,0.0000000000000000,2.2435951532576737,3.0001403815831202,-1.959007,-1.412653,3.3716607319222,4.7673984291612,1,1.3e-13
1.0033548904419933,0.0,-0.0000000000000000,0.0000000000000000,0.0023986700528154,0.0000000000000000,2.2461954291731878,3.0001403758178848,-1.956754,-1.433603,3.3903565085966,4.8052076829702,1,3.8e-13
1.0033560739525118,0.0,0.0000000000000000,0.0000000000000000,0.0023965241972972,0.0000000000000000,2.2488477321493074,3.0001403699414007,-1.954399,-1.455224,3.4096231062677,4.8440886034497,1,2.5e-13
1.0033572744311008,0.0,-0.0000000000000000,0.0000000000000000,0.0023943595346683,0.0000000000000000,2.2515531042190098,3.0001403639512696,-1.951939,-1.477545,3.4294836288726,4.8840771325093,1,4.2e-13
1.0033584919616780,0.0,0.0000000000000000,0.0000000000000000,0.0023921766188461,0.0000000000000000,2.2543126083585419,3.0001403578450176,-1.949369,-1.500593,3.4499623108558,4.9252101314331,1,1.2e-13
1.0033597266202576,0.0,-0.0000000000000000,0.0000000000000000,0.0023899760507564,0.0000000000000000,2.2571273289135316,3.0001403516200913,-1.946685,-1.524400,3.4710847054985,4.9675260965677,1,3.0e-13
1.0033609784744058,0.0,-0.0000000000000000,0.0000000000000000,0.0023877584808084,0.0000000000000000,2.2599983720341874,3.0001403452738544,-1.943882,-1.548996,3.4928777104378,5.0110649013641,1,2.6e-14
1.0033622475827995,0.0,0.0000000000000000,0.0000000000000000,0.0023855246111475,0.0000000000000000,2.2629268661193871,3.0001403388035812,-1.940955,-1.574415,3.5153696793625,5.0558680004057,1,6.8e-14
1.0033635339945193,0.0,-0.0000000000000000,0.0000000000000000,0.0023832751985976,0.0000000000000000,2.2659139622710684,3.0001403322064548,-1.937899,-1.600691,3.5385904876996,5.1019783296813,1,5.9e-13
1.0033648377485458,0.0,0.0000000000000000,0.0000000000000000,0.0023810110571551,0.0000000000000000,2.2689608347575838,3.0001403254795580,-1.934709,-1.627863,3.5625716875514,5.1494406937682,1,5.4e-13
1.0033661588731178,0.0,0.0000000000000000,0.0000000000000000,0.0023787330609441,0.0000000000000000,2.2720686814874673,3.0001403186198736,-1.931379,-1.655968,3.5873464476854,5.1983008612573,1,4.1e-13
1.0033674973850877,0.0,0.0000000000000000,0.0000000000000000,0.0023764421471713,0.0000000000000000,2.2752387244933128,3.0001403116242731,-1.927903,-1.685047,3.6129499181092,5.2486070965590,1,4.8e-13
1.0033688532892089,0.0,0.0000000000000000,0.0000000000000000,0.0023741393193526,0.0000000000000000,2.2784722104263562,3.0001403044895136,-1.924276,-1.715144,3.6394191182237,5.3004088409691,1,1.0e-12
1.0033702265774926,0.0,0.0000000000000000,0.0000000000000000,0.0023718256504795,0.0000000000000000,2.2817704110614523,3.0001402972122295,-1.920490,-1.746303,3.6667932496726,5.3537578824575,1,1.5e-13
1.0033716172283893,0.0,0.0000000000000000,0.0000000000000000,0.0023695022865969,0.0000000000000000,2.2851346238137595,3.0001402897889284,-1.916541,-1.778573,3.6951136973218,5.4087075536664,1,3.0e-14
1.0033730252060262,0.0,-0.0000000000000000,0.0000000000000000,0.0023671704504096,0.0000000000000000,2.2885661722663930,3.0001402822159799,-1.912421,-1.812004,3.7244242535195,5.4653132723051,1,4.1e-13
1.0033744504594215,0.0,0.0000000000000000,0.0000000000000000,0.0023648314449978,0.0000000000000000,2.2920664067098135,3.0001402744896106,-1.908122,-1.846649,3.7547711488652,5.5236318082846,1,3.4e-13
1.0033758929215881,0.0,-0.0000000000000000,0.0000000000000000,0.0023624866579260,0.0000000000000000,2.2956367046935466,3.0001402666058921,-1.903639,-1.882565,3.7862035925925,5.5837235269040,1,1.0e-12
1.0033773525086120,0.0,0.0000000000000000,0.0000000000000000,0.0023601375654500,0.0000000000000000,2.2992784715902772,3.0001402585607364,-1.919810,-1.898963,3.8187733438127,5.6456488198468,1,7.5e-13
1.0033786750610567,0.0,-0.0000000000000000,0.0000000000000000,0.0023580299307524,0.0000000000000000,2.3026041314586911,3.0001402512099919,-1.954372,-1.894602,3.8489739473949,5.7027570338020,1,2.9e-12
1.0033800209744141,0.0,0.0000000000000000,0.0000000000000000,0.0023559059467330,0.0000000000000000,2.3060142566739024,3.0001402436679698,-1.990363,-1.890042,3.8804049534422,5.7618695381440,1,6.5e-14
1.0033813831835043,0.0,-0.0000000000000000,0.0000000000000000,0.0023537781771083,0.0000000000000000,2.3094926465925831,3.0001402359694738,-2.027662,-1.885296,3.9129583569914,5.8227437464103,1,2.4e-13
1.0033826177132970,0.0,-0.0000000000000000,0.0000000000000000,0.0023518693300454,0.0000000000000000,2.3126689417644588,3.0001402289341068,-2.062247,-1.880881,3.9431282825902,5.8788416765921,1,7.2e-14
1.0033838743935368,0.0,0.0000000000000000,0.0000000000000000,0.0023499456906361,0.0000000000000000,2.3159260854531514,3.0001402217136213,-2.098242,-1.876272,3.9745146678136,5.9368740047271,1,2.1e-13
1.0033851465766614,0.0,0.0000000000000000,0.0000000000000000,0.0023480187592379,0.0000000000000000,2.3192484330585761,3.0001402143416565,-2.135519,-1.871487,4.0070061538591,5.9965962638739,1,4.5e-13
1.0033864342034426,0.0,-0.0000000000000000,0.0000000000000000,0.0023460898551738,0.0000000000000000,2.3226372926303807,3.0001402068142200,-2.174136,-1.866518,4.0406537955415,6.0580635552834,1,1.6e-13
1.0033872085994684,0.0,-0.0000000000000000,0.0000000000000000,0.0023449403732936,0.0000000000000000,2.3246883196691774,3.0001402022542578,-2.197803,-1.863468,4.0612705299814,6.0955346607430,1,2.6e-13
1.0033879946846214,0.0,-0.0000000000000000,0.0000000000000000,0.0023437818156865,0.0000000000000000,2.3267803931233733,3.0001401975996131,-2.222175,-1.860324,4.0824986830349,6.1339648091937,1,3.2e-13
1.0033887925438973,0.0,0.0000000000000000,0.0000000000000000,0.0023426145553020,0.0000000000000000,2.3289143353545767,3.0001401928480811,-2.247279,-1.857082,4.1043609681380,6.1733812038492,1,1.1e-13
1.0033896022582047,0.0,-0.0000000000000000,0.0000000000000000,0.0023414389948239,0.0000000000000000,2.3310909852564543,3.0001401879973915,-2.273142,-1.853739,4.1268812458796,6.2138124119107,1,3.5e-13
1.0033904239040425,0.0,-0.0000000000000000,0.0000000000000000,0.0023402555682269,0.0000000000000000,2.3333111985907613,3.0001401830452021,-2.299792,-1.850292,4.1500844634101,6.2552876983188,1,1.9e-13
1.0033912575531796,0.0,-0.0000000000000000,0.0000000000000000,0.0023390647424072,0.0000000000000000,2.3355758483305014,3.0001401779890977,-2.327259,-1.846738,4.1739967188843,6.2978370733708,1,2.5e-13
1.0033921032723347,0.0,0.0000000000000000,0.0000000000000000,0.0023378670186915,0.0000000000000000,2.3378858250102543,3.0001401728265864,-2.355573,-1.843072,4.1986453532743,6.3414914435202,1,8.2e-13
1.0033929611227803,0.0,0.0000000000000000,0.0000000000000000,0.0023366629348256,0.0000000000000000,2.3402420370840580,3.0001401675550965,-2.384768,-1.839291,4.2240589616940,6.3862823245300,1,1.6e-13
1.0033938311599724,0.0,0.0000000000000000,0.0000000000000000,0.0023354530666570,0.0000000000000000,2.3426454112909689,3.0001401621719705,-2.414876,-1.835391,4.2502676795959,6.4322430570021,1,2.6e-13
1.0033947134332444,0.0,0.0000000000000000,0.0000000000000000,0.0023342380299895,0.0000000000000000,2.3450968930277685,3.0001401566744654,-2.445935,-1.831368,4.2773029978101,6.4794073179862,1,2.4e-13
1.0033956079852597,0.0,0.0000000000000000,0.0000000000000000,0.0023330184827678,0.0000000000000000,2.3475974467309770,3.0001401510597434,-2.477980,-1.827218,4.3051978803276,6.5278093303749,1,4.5e-14
1.0033965148516681,0.0,-0.0000000000000000,0.0000000000000000,0.0023317951270451,0.0000000000000000,2.3501480562658030,3.0001401453248731,-2.511051,-1.822936,4.3339871838203,6.5774857864867,1,3.9e-14
1.0033974340606180,0.0,-0.0000000000000000,0.0000000000000000,0.0023305687113077,0.0000000000000000,2.3527497253241436,3.0001401394668195,-2.545189,-1.818518,4.3637072278884,6.6284728248400,1,6.0e-14
1.0033983656322978,0.0,-0.0000000000000000,0.0000000000000000,0.0023293400326885,0.0000000000000000,2.3554034778310338,3.0001401334824411,-2.580436,-1.813960,4.3943962747525,6.6808082388366,1,1.2e-12
1.0033993095783809,0.0,0.0000000000000000,0.0000000000000000,0.0023281099395023,0.0000000000000000,2.3581103583602725,3.0001401273684873,-2.616839,-1.809256,4.4260945254821,6.7345308190738,1,9.0e-14
1.0034002659016352,0.0,-0.0000000000000000,0.0000000000000000,0.0023268793336380,0.0000000000000000,2.3608714325580773,3.0001401211215866,-2.654443,-1.804401,4.4588442099668,6.7896802592249,1,1.3e-12
1.0034012345952230,0.0,0.0000000000000000,0.0000000000000000,0.0023256491733780,0.0000000000000000,2.3636877875777476,3.0001401147382474,-2.693298,-1.799391,4.4926898968375,6.8462981757684,1,3.0e-13
1.0034022156421596,0.0,0.0000000000000000,0.0000000000000000,0.0023244204762211,0.0000000000000000,2.3665605325227537,3.0001401082148469,-2.733458,-1.794220,4.5276782317889,6.9044259132732,1,8.6e-14
1.0034032090148002,0.0,-0.0000000000000000,0.0000000000000000,0.0023231943216870,0.0000000000000000,2.3694907988994474,3.0001401015476259,-2.774975,-1.788883,4.5638584131225,6.9641064171134,1,1.2e-13
1.0034042146740754,0.0,-0.0000000000000000,0.0000000000000000,0.0023219718545383,0.0000000000000000,2.3724797410811851,3.0001400947326817,-2.817909,-1.783374,4.6012822736014,7.0253838673023,1,6.8e-13
1.0034052122892010,0.0,0.0000000000000000,0.0000000000000000,0.0023207783484925,0.0000000000000000,2.3754675609970306,3.0001400879054501,-2.861424,-1.777801,4.6392244979986,7.0870411220233,1,6.9e-13
1.0034061161708570,0.0,0.0000000000000000,0.0000000000000000,0.0023197138604779,0.0000000000000000,2.3781946691362794,3.0001400816605694,-2.901671,-1.772657,4.6743276978534,7.1436664571439,1,5.9e-13
1.0034070368646604,0.0,-0.0000000000000000,0.0000000000000000,0.0023186464476062,0.0000000000000000,2.3809924793810220,3.0001400752400991,-2.943493,-1.767323,4.7108159535854,7.2021026470611,1,4.9e-13
1.0034079690932562,0.0,-0.0000000000000000,0.0000000000000000,0.0023175834053482,0.0000000000000000,2.3838463147915818,3.0001400686763571,-2.986714,-1.761824,4.7485378986341,7.2620641816558,1,1.1e-13
1.0034089128166086,0.0,-0.0000000000000000,0.0000000000000000,0.0023165258652443,0.0000000000000000,2.3867572998927109,3.0001400619654177,-3.031393,-1.756153,4.7875461616543,7.3235907271088,1,7.0e-14
1.0034097507509157,0.0,0.0000000000000000,0.0000000000000000,0.0023156029263306,0.0000000000000000,2.3893608841190925,3.0001400559492954,-3.071866,-1.751030,4.8228962252301,7.3789297824326,1,1.9e-13
1.0034106044823028,0.0,0.0000000000000000,0.0000000000000000,0.0023146784693462,0.0000000000000000,2.3920322329660135,3.0001400497626181,-3.113903,-1.745722,4.8596252099786,7.4360093497668,1,8.7e-14
1.0034114690417169,0.0,0.0000000000000000,0.0000000000000000,0.0023137589874754,0.0000000000000000,2.3947570759882155,3.0001400434370971,-3.157320,-1.740255,4.8975752447624,7.4945424588740,1,1.8e-12
1.0034123443988747,0.0,-0.0000000000000000,0.0000000000000000,0.0023128455364932,0.0000000000000000,2.3975364869134532,3.0001400369689391,-3.202174,-1.734624,4.9367975362757,7.5545667814819,1,3.8e-14
1.0034131374780817,0.0,0.0000000000000000,0.0000000000000000,0.0023120335066043,0.0000000000000000,2.4000728698815670,3.0001400310519313,-3.243611,-1.729437,4.9730479854147,7.6096203921177,1,4.3e-14
1.0034139455941180,0.0,-0.0000000000000000,0.0000000000000000,0.0023112216426202,0.0000000000000000,2.4026755326064784,3.0001400249656589,-3.286640,-1.724066,5.0107059066450,7.6663845847879,1,9.5e-13
1.0034147639628299,0.0,0.0000000000000000,0.0000000000000000,0.0023104158451076,0.0000000000000000,2.4053303165221109,3.0001400187418668,-3.331066,-1.718539,5.0496045524111,7.7245654577986,1,8.6e-13
1.0034155925548900,0.0,-0.0000000000000000,0.0000000000000000,0.0023096171479852,0.0000000000000000,2.4080382678936649,3.0001400123767845,-3.376947,-1.712849,5.0897955119219,7.7841995297283,1,3.5e-13
1.0034163431880883,0.0,-0.0000000000000000,0.0000000000000000,0.0023089088496610,0.0000000000000000,2.4105091841389510,3.0001400065538606,-3.419314,-1.707612,5.1269264727384,7.8388621919760,1,8.5e-13
1.0034171081342211,0.0,-0.0000000000000000,0.0000000000000000,0.0023082023008901,0.0000000000000000,2.4130449362469881,3.0001400005629444,-3.463299,-1.702193,5.1654924474193,7.8952039947477,1,1.3e-12
1.0034178827854416,0.0,-0.0000000000000000,0.0000000000000000,0.0023075028343323,0.0000000000000000,2.4156314719131662,3.0001399944358518,-3.508699,-1.696619,5.2053174964516,7.9529243686155,1,1.0e-12
1.0034186671132299,0.0,-0.0000000000000000,0.0000000000000000,0.0023068114627748,0.0000000000000000,2.4182698106417320,3.0001399881688395,-3.555568,-1.690885,5.2464532278922,8.0120569977718,1,8.6e-13
1.0034193775691447,0.0,-0.0000000000000000,0.0000000000000000,0.0023062001626826,0.0000000000000000,2.4206769499294398,3.0001399824355404,-3.598831,-1.685611,5.2844419889641,8.0662294132116,1,1.8e-13
1.0034201016485089,0.0,-0.0000000000000000,0.0000000000000000,0.0023055921007240,0.0000000000000000,2.4231475204960664,3.0001399765355088,-3.643735,-1.680156,5.3238917922177,8.1220455825938,1,5.7e-13
1.0034208349118787,0.0,-0.0000000000000000,0.0000000000000000,0.0023049920645821,0.0000000000000000,2.4256675714230918,3.0001399705006637,-3.690069,-1.674549,5.3646175986844,8.1792006647809,1,4.4e-14
1.0034215773314257,0.0,-0.0000000000000000,0.0000000000000000,0.0023044010465458,0.0000000000000000,2.4282380961374188,3.0001399643272908,-3.737887,-1.668784,5.4066710638648,8.2377260980386,1,1.6e-13
1.0034222497479297,0.0,-0.0000000000000000,0.0000000000000000,0.0023038804236074,0.0000000000000000,2.4305831046181718,3.0001399586796724,-3.782007,-1.663485,5.4454915956900,8.2913112279416,1,6.5e-13
1.0034229351309785,0.0,0.0000000000000000,0.0000000000000000,0.0023033644372866,0.0000000000000000,2.4329901775309088,3.0001399528665713,-3.827792,-1.658007,5.4857981324509,8.3465036117218,1,1.2e-13
1.0034236292022676,0.0,-0.0000000000000000,0.0000000000000000,0.0023028573515813,0.0000000000000000,2.4354454611478364,3.0001399469200360,-3.875019,-1.652378,5.5273961449940,8.4029937865671,1,1.2e-13
1.0034243319345375,0.0,0.0000000000000000,0.0000000000000000,0.0023023601389418,0.0000000000000000,2.4379499234845636,3.0001399408363865,-3.923744,-1.646594,5.5703372437529,8.4608107747894,1,1.5e-12
1.0034249683273797,0.0,-0.0000000000000000,0.0000000000000000,0.0023019242553546,0.0000000000000000,2.4402344048200995,3.0001399352709637,-3.968681,-1.641280,5.6099610894866,8.5137175817027,1,4.2e-13
1.0034256170607274,0.0,-0.0000000000000000,0.0000000000000000,0.0023014943214600,0.0000000000000000,2.4425796199844947,3.0001399295413003,-4.015305,-1.635789,5.6510946102210,8.5681930814305,1,5.2e-13
1.0034262740107205,0.0,0.0000000000000000,0.0000000000000000,0.0023010740974239,0.0000000000000000,2.4449718088683152,3.0001399236796016,-4.063384,-1.630150,5.6935336959767,8.6239243584105,1,7.0e-13
1.0034269391505843,0.0,0.0000000000000000,0.0000000000000000,0.0023006645363599,0.0000000000000000,2.4474119147248503,3.0001399176822212,-4.112972,-1.624358,5.7373298332453,8.6809379691210,1,8.0e-14
1.0034275414214318,0.0,0.0000000000000000,0.0000000000000000,0.0023003078111166,0.0000000000000000,2.4496374311847036,3.0001399121959209,-4.158686,-1.619040,5.7777259621878,8.7330793142890,1,8.2e-13
1.0034281554360183,0.0,0.0000000000000000,0.0000000000000000,0.0022999582676051,0.0000000000000000,2.4519223856958523,3.0001399065466168,-4.206108,-1.613546,5.8196543848861,8.7867503495152,1,5.7e-14
1.0034287772187200,0.0,-0.0000000000000000,0.0000000000000000,0.0022996191807788,0.0000000000000000,2.4542531087657169,3.0001399007666927,-4.254994,-1.607907,5.8629008919554,8.8416333853194,1,3.2e-13
1.0034294067431697,0.0,0.0000000000000000,0.0000000000000000,0.0022992914849369,0.0000000000000000,2.4566305195175744,3.0001398948525395,-4.305400,-1.602117,5.9075170327271,8.8977539088943,1,1.8e-13
