x0,y0,z0,xd0,yd0,zd0,Tp,JC,stabilityIndex1,stabilityIndex2,alpha,beta,impactFlag,error
1.0010769778707647,0.0,-0.0000111614731247,0.0000000000000000,0.0144713832709876,0.0000000000029559,5.3674978785525367,3.0001458487255919,2.000000,-1.214434,-0.7855659930039,-0.4288692857378,0,2.0e-12
1.0010770199016985,0.0,-0.0000151368923448,0.0000000000000000,0.0144704937049188,0.0000000000025042,5.3675978785525365,3.0001458450054543,2.000001,-1.213950,-0.7860515218667,-0.4279012800481,0,6.9e-12
1.0010770619428020,0.0,-0.0000182672399617,0.0000000000000000,0.0144696041002173,-0.0000000000000374,5.3676978785525371,3.0001458412855535,1.999989,-1.213463,-0.7865259813490,-0.4269120320927,0,5.7e-11
1.0010771039937905,0.0,-0.0000209350848871,0.0000000000000000,0.0144687144614204,-0.0000000000016533,5.3677978785525369,3.0001458375659023,1.999990,-1.212978,-0.7870123825486,-0.4259442912133,0,4.9e-11
1.0010771460547181,0.0,-0.0000232998446138,0.0000000000000000,0.0144678247874809,0.0000000000091202,5.3678978785525366,3.0001458338465037,2.000008,-1.212496,-0.7875120258696,-0.4250004607977,0,3.9e-11
1.0010771881259544,0.0,-0.0000254461654249,0.0000000000000000,0.0144669350734344,-0.0000000000009544,5.3679978785525364,3.0001458301273320,1.999988,-1.212007,-0.7879812478827,-0.4239994609400,0,6.0e-11
1.0010772302075948,0.0,-0.0000274253851428,0.0000000000000000,0.0144660453169646,0.0000000000002718,5.3680978785525371,3.0001458264083887,1.999955,-1.211516,-0.7884395719331,-0.4229775509165,0,2.3e-10
1.0010772722983083,0.0,-0.0000292713913382,0.0000000000000000,0.0144651555392896,-0.0000000000009731,5.3681978785525368,3.0001458226897384,1.999994,-1.211036,-0.7889574264039,-0.4220654892802,0,3.0e-11
1.0010773143995710,0.0,-0.0000310080137298,0.0000000000000000,0.0144642657173340,0.0000000000019999,5.3682978785525366,3.0001458189713075,1.999998,-1.210551,-0.7894470138805,-0.4211002642560,0,7.5e-12
1.0010773565109270,0.0,-0.0000326527019442,0.0000000000000000,0.0144633758581057,0.0000000000000687,5.3683978785525364,3.0001458152531160,2.000000,-1.210065,-0.7899343216382,-0.4201301259254,0,3.9e-13
1.0010773986323531,0.0,-0.0000342187138094,0.0000000000000000,0.0144624859620891,0.0000000000009896,5.3684978785525370,3.0001458115351691,2.000001,-1.209579,-0.7904215118510,-0.4191590900991,0,5.8e-12
1.0010774407638712,0.0,-0.0000357163992973,0.0000000000000000,0.0144615960292415,0.0000000000000395,5.3685978785525368,3.0001458078174661,2.000001,-1.209093,-0.7909081755500,-0.4181863976515,0,7.3e-12
1.0010774829054685,0.0,-0.0000371540229742,0.0000000000000000,0.0144607060594565,-0.0000000000005641,5.3686978785525366,3.0001458041000051,2.000002,-1.208606,-0.7913961450382,-0.4172154472349,0,1.6e-11
1.0010775250571415,0.0,-0.0000385383067315,0.0000000000000000,0.0144598160529203,0.0000000000010009,5.3687978785525363,3.0001458003827874,2.000000,-1.208119,-0.7918807173214,-0.4162375181276,0,2.2e-12
1.0010775672194530,0.0,-0.0000398748151857,0.0000000000000000,0.0144589260007331,-0.0000000000007775,5.3688978785525370,3.0001457966657816,1.999948,-1.207623,-0.7923249709733,-0.4151841404067,0,2.6e-10
1.0010776093907883,0.0,-0.0000411681762233,0.0000000000000000,0.0144580359286225,-0.0000000000002135,5.3689978785525367,3.0001457929490805,1.999998,-1.207144,-0.7928536842276,-0.4142867090844,0,4.5e-12
1.0010776515727502,0.0,-0.0000424223609989,0.0000000000000000,0.0144571458111144,-0.0000000000004504,5.3690978785525365,3.0001457892325916,1.999998,-1.206657,-0.7933408655862,-0.4133115790842,0,5.1e-12
1.0010776937651076,0.0,-0.0000436407435724,0.0000000000000000,0.0144562556520931,-0.0000000000006934,5.3691978785525363,3.0001457855163274,1.999956,-1.206162,-0.7937937599207,-0.4122722207173,0,2.2e-10
1.0010777359669252,0.0,-0.0000448262304065,0.0000000000000000,0.0144553654660183,-0.0000000000000725,5.3692978785525369,3.0001457818003470,2.000003,-1.205683,-0.7943201221795,-0.4113683512787,0,2.1e-11
1.0010777781791966,0.0,-0.0000459813795886,0.0000000000000000,0.0144544752375271,0.0000000000001397,5.3693978785525367,3.0001457780845868,1.999996,-1.205194,-0.7948024260711,-0.4103821460818,0,1.3e-11
1.0010778204017521,0.0,-0.0000471084205878,0.0000000000000000,0.0144535849692191,-0.0000000000001917,5.3694978785525365,3.0001457743690616,1.999983,-1.204703,-0.7952792799348,-0.4093851621684,0,8.2e-11
1.0010778626338952,0.0,-0.0000482093144634,0.0000000000000000,0.0144526946724892,0.0000000000152891,5.3695978785525371,3.0001457706538166,2.000029,-1.204223,-0.7958062233949,-0.4084803022343,0,1.6e-10
1.0010779048767011,0.0,-0.0000492858301866,0.0000000000000000,0.0144518043296361,0.0000000000003841,5.3696978785525369,3.0001457669387683,2.000000,-1.203729,-0.7962691796768,-0.4074562130294,0,1.6e-12
1.0010779471294400,0.0,-0.0000503395198431,0.0000000000000000,0.0144509139529217,-0.0000000000002330,5.3697978785525367,3.0001457632239816,1.999994,-1.203240,-0.7967544415467,-0.4064727741528,0,1.8e-11
1.0010779893927848,0.0,-0.0000513717824598,0.0000000000000000,0.0144500235387535,0.0000000000218553,5.3698978785525364,3.0001457595094330,1.999801,-1.202718,-0.7970823592199,-0.4051974089429,0,1.0e-09
1.0010780316652963,0.0,-0.0000523839114808,0.0000000000000000,0.0144491330878026,0.0000000000002674,5.3699978785525371,3.0001457557951379,2.000000,-1.202263,-0.7977357572448,-0.4045238349067,0,5.7e-12
1.0010780739484419,0.0,-0.0000533770259390,0.0000000000000000,0.0144482425992360,-0.0000000000014588,5.3700978785525368,3.0001457520810795,1.999996,-1.201773,-0.7982226038853,-0.4035412902159,0,7.5e-12
1.0010781162417237,0.0,-0.0000543521767725,0.0000000000000000,0.0144473520734709,-0.0000000000003939,5.3701978785525366,3.0001457483672644,1.999997,-1.201284,-0.7987127000749,-0.4025640807784,0,1.7e-12
1.0010781585451487,0.0,-0.0000553103142444,0.0000000000000000,0.0144464615104233,0.0000000000003848,5.3702978785525364,3.0001457446536919,1.999994,-1.200794,-0.7991996661080,-0.4015803996682,0,1.6e-11
1.0010782008587236,0.0,-0.0000562523077964,0.0000000000000000,0.0144455709100004,0.0000000000005038,5.3703978785525370,3.0001457409403622,1.999997,-1.200305,-0.7996917323511,-0.4006054735146,0,4.4e-13
1.0010782431824552,0.0,-0.0000571789552134,0.0000000000000000,0.0144446802722243,-0.0000000000001621,5.3704978785525368,3.0001457372272760,2.000002,-1.199816,-0.8001853690729,-0.3996327702543,0,2.4e-11
1.0010782855163423,0.0,-0.0000580909912017,0.0000000000000000,0.0144437895970391,-0.0000000000002160,5.3705978785525366,3.0001457335144308,1.999993,-1.199324,-0.8006687242594,-0.3986403715436,0,1.6e-11
1.0010783278604067,0.0,-0.0000589890933996,0.0000000000000000,0.0144428988842591,0.0000000000003522,5.3706978785525363,3.0001457298018295,1.999994,-1.198834,-0.8011599089984,-0.3976617742401,0,8.6e-12
1.0010783702146375,0.0,-0.0000598738891189,0.0000000000000000,0.0144420081338990,-0.0000000000000076,5.3707978785525370,3.0001457260894693,1.999993,-1.198344,-0.8016492680771,-0.3966791183752,0,1.4e-11
1.0010784125789960,0.0,-0.0000607459589248,0.0000000000000000,0.0144411173468613,0.0000000000000408,5.3708978785525368,3.0001457223773556,2.000000,-1.197854,-0.8021428465815,-0.3957035855292,0,6.4e-12
1.0010784549535590,0.0,-0.0000616058445024,0.0000000000000000,0.0144402265217647,0.0000000000005209,5.3709978785525365,3.0001457186654816,1.999995,-1.197363,-0.8026323233931,-0.3947197887814,0,1.2e-13
1.0010784973385896,0.0,-0.0000624540515021,0.0000000000000000,0.0144393356545063,-0.0000000000002649,5.3710978785525363,3.0001457149538378,1.999986,-1.196870,-0.8031154150255,-0.3937234998673,0,4.7e-11
1.0010785397332234,0.0,-0.0000632910411087,0.0000000000000000,0.0144384447588917,0.0000000000012749,5.3711978785525369,3.0001457112424630,1.999994,-1.196381,-0.8036135628549,-0.3927543780767,0,2.0e-12
1.0010785821383275,0.0,-0.0000641172607849,0.0000000000000000,0.0144375538212618,0.0000000000001981,5.3712978785525367,3.0001457075313178,2.000000,-1.195890,-0.8041054201097,-0.3917729383209,0,3.2e-12
1.0010786245536285,0.0,-0.0000649331194398,0.0000000000000000,0.0144366628457734,-0.0000000000008861,5.3713978785525365,3.0001457038204147,1.999993,-1.195398,-0.8045947992752,-0.3907862404738,0,8.1e-12
1.0010786669791236,0.0,-0.0000657390026769,0.0000000000000000,0.0144357718325854,-0.0000000000009631,5.3714978785525362,3.0001457001097545,2.000002,-1.194907,-0.8050923838096,-0.3898140163989,0,3.1e-11
1.0010787094148168,0.0,-0.0000665352724640,0.0000000000000000,0.0144348807820319,0.0000000000001512,5.3715978785525369,3.0001456963993371,2.000000,-1.194415,-0.8055806881792,-0.3888239747198,0,1.0e-11
1.0010787518607178,0.0,-0.0000673222708566,0.0000000000000000,0.0144339896934422,-0.0000000000004656,5.3716978785525367,3.0001456926891610,2.000000,-1.193923,-0.8060725564067,-0.3878398311893,0,1.1e-11
1.0010787943168244,0.0,-0.0000681003188506,0.0000000000000000,0.0144330985671943,0.0000000000002774,5.3717978785525364,3.0001456889792277,1.999990,-1.193430,-0.8065603134453,-0.3868474188802,0,1.4e-11
1.0010788367831325,0.0,-0.0000688697198930,0.0000000000000000,0.0144322074032647,-0.0000000000004276,5.3718978785525371,3.0001456852695374,2.000000,-1.192938,-0.8070559583498,-0.3858688873013,0,8.0e-12
1.0010788792597491,0.0,-0.0000696307607305,0.0000000000000000,0.0144313162005347,0.0000000000012500,5.3719978785525369,3.0001456815600891,1.999988,-1.192444,-0.8075431843520,-0.3848741358876,0,2.3e-11
1.0010789217464231,0.0,-0.0000703837124636,0.0000000000000000,0.0144304249617507,0.0000000000001220,5.3720978785525366,3.0001456778508842,2.000000,-1.191953,-0.8080402625542,-0.3838968860870,0,6.0e-12
1.0010789642434261,0.0,-0.0000711288331860,0.0000000000000000,0.0144295336832913,-0.0000000000002506,5.3721978785525364,3.0001456741419181,2.000004,-1.191461,-0.8085403398519,-0.3829244824151,0,5.3e-11
1.0010790067505639,0.0,-0.0000718663633416,0.0000000000000000,0.0144286423693411,-0.0000000000011095,5.3722978785525370,3.0001456704332012,2.000000,-1.190967,-0.8090260215215,-0.3819248465219,0,8.9e-12
1.0010790492680426,0.0,-0.0000725965378445,0.0000000000000000,0.0144277510153707,0.0000000000004507,5.3723978785525368,3.0001456667247215,2.000000,-1.190474,-0.8095199309273,-0.3809397038247,0,1.5e-11
1.0010790917957213,0.0,-0.0000733195749020,0.0000000000000000,0.0144268596239903,0.0000000000000506,5.3724978785525366,3.0001456630164842,1.999988,-1.189979,-0.8100089108544,-0.3799447896420,0,1.0e-11
1.0010791343336352,0.0,-0.0000740356838366,0.0000000000000000,0.0144259681946702,0.0000000000002517,5.3725978785525363,3.0001456593084908,1.999989,-1.189486,-0.8105026297921,-0.3789579346716,0,7.6e-12
1.0010791768817913,0.0,-0.0000747450638309,0.0000000000000000,0.0144250767273903,-0.0000000000003307,5.3726978785525370,3.0001456556007393,1.999987,-1.188992,-0.8109950569761,-0.3779680164192,0,1.4e-11
1.0010792194401881,0.0,-0.0000754479047693,0.0000000000000000,0.0144241852221059,-0.0000000000026707,5.3727978785525368,3.0001456518932299,2.000002,-1.188500,-0.8114984358529,-0.3769976050466,0,4.7e-11
1.0010792620088733,0.0,-0.0000761443878617,0.0000000000000000,0.0144232936783659,-0.0000000000001858,5.3728978785525365,3.0001456481859612,1.999986,-1.188004,-0.8119825638153,-0.3759910288674,0,1.3e-11
1.0010793045877977,0.0,-0.0000768346853906,0.0000000000000000,0.0144224020970053,-0.0000000000008357,5.3729978785525363,3.0001456444789389,2.000001,-1.187511,-0.8124830073279,-0.3750138434775,0,2.8e-11
1.0010793471769535,0.0,-0.0000775189640457,0.0000000000000000,0.0144215104773396,-0.0000000000001227,5.3730978785525370,3.0001456407721530,2.000000,-1.187016,-0.8129741973709,-0.3740189203813,0,9.5e-12
1.0010793897763972,0.0,-0.0000781973806617,0.0000000000000000,0.0144206188194567,-0.0000000000007182,5.3731978785525367,3.0001456370656125,2.000001,-1.186521,-0.8134710836640,-0.3730338135379,0,2.6e-11
1.0010794323861281,0.0,-0.0000788700868373,0.0000000000000000,0.0144197271232730,-0.0000000000006507,5.3732978785525365,3.0001456333593137,2.000000,-1.186026,-0.8139634120443,-0.3720396283377,0,1.2e-11
1.0010794750061196,0.0,-0.0000795372276054,0.0000000000000000,0.0144188353889774,0.0000000000002314,5.3733978785525363,3.0001456296532565,1.999986,-1.185531,-0.8144556297898,-0.3710445590660,0,2.5e-12
1.0010795176363878,0.0,-0.0000801989418881,0.0000000000000000,0.0144179436164231,-0.0000000000006125,5.3734978785525369,3.0001456259474417,1.999985,-1.185035,-0.8149501370807,-0.3700530249925,0,4.2e-12
1.0010795602769440,0.0,-0.0000808553629708,0.0000000000000000,0.0144170518055160,-0.0000000000004134,5.3735978785525367,3.0001456222418690,1.999985,-1.184540,-0.8154449788372,-0.3690614268180,0,5.1e-12
1.0010796029277824,0.0,-0.0000815066187327,0.0000000000000000,0.0144161599563517,0.0000000000002201,5.3736978785525364,3.0001456185365387,2.000000,-1.184044,-0.8159416890959,-0.3680725880633,0,4.6e-12
1.0010796455889146,0.0,-0.0000821528320407,0.0000000000000000,0.0144152680688263,0.0000000000002881,5.3737978785525371,3.0001456148314500,1.999982,-1.183548,-0.8164339949770,-0.3670749590895,0,1.4e-11
1.0010796882603632,0.0,-0.0000827941212953,0.0000000000000000,0.0144143761424415,-0.0000000000004256,5.3738978785525369,3.0001456111266034,2.000001,-1.183054,-0.8169382677204,-0.3660986703643,0,4.1e-11
1.0010797309420632,0.0,-0.0000834305993547,0.0000000000000000,0.0144134841786441,-0.0000000000000786,5.3739978785525366,3.0001456074219979,2.000000,-1.182557,-0.8174295044448,-0.3650977126215,0,1.3e-11
1.0010797736340615,0.0,-0.0000840623760638,0.0000000000000000,0.0144125921763511,-0.0000000000004507,5.3740978785525364,3.0001456037176366,2.000000,-1.182060,-0.8179242975367,-0.3641026178415,0,6.9e-12
1.0010798163364445,0.0,-0.0000846895570081,0.0000000000000000,0.0144117001344952,0.0000000000003060,5.3741978785525371,3.0001456000135143,1.999981,-1.181563,-0.8184179433721,-0.3631047302627,0,7.9e-12
1.0010798590490806,0.0,-0.0000853122430395,0.0000000000000000,0.0144108080548679,0.0000000000000367,5.3742978785525368,3.0001455963096348,2.000000,-1.181067,-0.8189176001544,-0.3621172182772,0,1.4e-11
1.0010799017720406,0.0,-0.0000859305319867,0.0000000000000000,0.0144099159367499,0.0000000000005866,5.3743978785525366,3.0001455926059970,1.999979,-1.180570,-0.8194094391246,-0.3611146472389,0,1.4e-11
1.0010799445053544,0.0,-0.0000865445184439,0.0000000000000000,0.0144090237795323,0.0000000000023784,5.3744978785525364,3.0001455889025994,1.999976,-1.180072,-0.8199038248985,-0.3601160793405,0,2.8e-11
1.0010799872489584,0.0,-0.0000871542928220,0.0000000000000000,0.0144081315843003,0.0000000000003607,5.3745978785525370,3.0001455851994474,1.999979,-1.179576,-0.8204035793545,-0.3591266983519,0,8.4e-12
1.0010800300029088,0.0,-0.0000877599435123,0.0000000000000000,0.0144072393501286,0.0000000000003606,5.3746978785525368,3.0001455814965343,1.999979,-1.179078,-0.8209002007691,-0.3581308768714,0,9.9e-12
1.0010800727671640,0.0,-0.0000883615550003,0.0000000000000000,0.0144063470776591,0.0000000000000491,5.3747978785525365,3.0001455777938655,2.000000,-1.178581,-0.8213988852065,-0.3571381648389,0,5.7e-13
1.0010801155417868,0.0,-0.0000889592094703,0.0000000000000000,0.0144054547661610,0.0000000000000345,5.3748978785525363,3.0001455740914365,2.000000,-1.178083,-0.8218961535668,-0.3561421685302,0,8.9e-13
1.0010801583267734,0.0,-0.0000895529863487,0.0000000000000000,0.0144045624155949,0.0000000000007197,5.3749978785525370,3.0001455703892463,1.999968,-1.177583,-0.8223837697926,-0.3551277554466,0,6.0e-11
1.0010802011220377,0.0,-0.0000901429614852,0.0000000000000000,0.0144036700273208,0.0000000000000269,5.3750978785525367,3.0001455666873045,2.000000,-1.177087,-0.8228913147427,-0.3541492756419,0,2.5e-12
1.0010802439277628,0.0,-0.0000907292097280,0.0000000000000000,0.0144027775991114,-0.0000000000003493,5.3751978785525365,3.0001455629856015,1.999975,-1.176588,-0.8233865049932,-0.3531474160895,0,1.4e-11
1.0010802867436923,0.0,-0.0000913118033019,0.0000000000000000,0.0144018851333155,0.0000000000005734,5.3752978785525363,3.0001455592841384,1.999976,-1.176090,-0.8238853019655,-0.3521514999618,0,7.7e-12
1.0010803295700674,0.0,-0.0000918908110471,0.0000000000000000,0.0144009926279368,-0.0000000000002036,5.3753978785525369,3.0001455555829173,2.000000,-1.175592,-0.8243856775636,-0.3511577982575,0,6.9e-12
1.0010803724067945,0.0,-0.0000924663005089,0.0000000000000000,0.0144001000838758,-0.0000000000000396,5.3754978785525367,3.0001455518819395,2.000000,-1.175093,-0.8248838523257,-0.3501593739383,0,6.5e-12
1.0010804152538151,0.0,-0.0000930383372389,0.0000000000000000,0.0143992075015864,-0.0000000000035338,5.3755978785525365,3.0001455481812016,2.000001,-1.174595,-0.8253868257478,-0.3491690724230,0,3.6e-11
1.0010804581113537,0.0,-0.0000936069842381,0.0000000000000000,0.0143983148789646,0.0000000000001891,5.3756978785525371,3.0001455444807057,1.999974,-1.174095,-0.8258788074779,-0.3481579204164,0,6.3e-12
1.0010805009791945,0.0,-0.0000941723032600,0.0000000000000000,0.0143974222180479,-0.0000000000001430,5.3757978785525369,3.0001455407804523,2.000000,-1.173596,-0.8263810284441,-0.3471648736430,0,1.6e-11
1.0010805438574166,0.0,-0.0000947343539175,0.0000000000000000,0.0143965295182516,0.0000000000025083,5.3758978785525366,3.0001455370804315,1.999945,-1.173091,-0.8268529097786,-0.3461154819429,0,1.5e-10
1.0010805867460231,0.0,-0.0000952931936351,0.0000000000000000,0.0143956367792816,0.0000000000007967,5.3759978785525364,3.0001455333806666,1.999973,-1.172596,-0.8273764782533,-0.3451602352534,0,6.3e-13
1.0010806296450254,0.0,-0.0000958488789861,0.0000000000000000,0.0143947440013557,-0.0000000000000700,5.3760978785525371,3.0001455296811370,1.999971,-1.172096,-0.8278751659058,-0.3441586588364,0,4.1e-12
1.0010806725544508,0.0,-0.0000964014647535,0.0000000000000000,0.0143938511838001,0.0000000000037206,5.3761978785525368,3.0001455259818468,1.999967,-1.171595,-0.8283710329628,-0.3431512299821,0,2.7e-11
1.0010807154741981,0.0,-0.0000969510032912,0.0000000000000000,0.0143929583282712,0.0000000000004345,5.3762978785525366,3.0001455222828013,2.000000,-1.171097,-0.8288777677935,-0.3421630451566,0,1.8e-11
1.0010807584043961,0.0,-0.0000974975466800,0.0000000000000000,0.0143920654329918,0.0000000000052052,5.3763978785525364,3.0001455185839965,2.000000,-1.170596,-0.8293747200651,-0.3411562447872,0,1.1e-12
1.0010808013450025,0.0,-0.0000980411452377,0.0000000000000000,0.0143911724983167,-0.0000000000003578,5.3764978785525370,3.0001455148854292,1.999969,-1.170095,-0.8298745923128,-0.3401541054832,0,1.6e-13
1.0010808442959955,0.0,-0.0000985818472509,0.0000000000000000,0.0143902795247773,-0.0000000000002045,5.3765978785525368,3.0001455111871067,2.000000,-1.169595,-0.8303772266277,-0.3391563515182,0,1.6e-11
1.0010808872574215,0.0,-0.0000991197003098,0.0000000000000000,0.0143893865118645,0.0000000000002581,5.3766978785525366,3.0001455074890240,1.999965,-1.169093,-0.8308721253675,-0.3381437394930,0,1.8e-11
1.0010809302292567,0.0,-0.0000996547505751,0.0000000000000000,0.0143884934597756,0.0000000000001230,5.3767978785525363,3.0001455037911837,2.000000,-1.168592,-0.8313762089508,-0.3371472748515,0,4.4e-12
1.0010809732115180,0.0,-0.0001001870430546,0.0000000000000000,0.0143876003683135,0.0000000000001855,5.3768978785525370,3.0001455000935837,2.000000,-1.168091,-0.8318771943445,-0.3361444507636,0,6.5e-12
1.0010810162042232,0.0,-0.0001007166214076,0.0000000000000000,0.0143867072373910,0.0000000000000342,5.3769978785525367,3.0001454963962249,2.000000,-1.167589,-0.8323786304378,-0.3351417687842,0,1.0e-11
1.0010810592073398,0.0,-0.0001012435283155,0.0000000000000000,0.0143858140673246,-0.0000000000002276,5.3770978785525365,3.0001454926991085,1.999964,-1.167087,-0.8328762869894,-0.3341314825309,0,1.1e-11
1.0010811022208865,0.0,-0.0001017678052809,0.0000000000000000,0.0143849208579208,-0.0000000000001086,5.3771978785525363,3.0001454890022328,1.999964,-1.166586,-0.8333787707913,-0.3331293532841,0,2.2e-12
1.0010811452448840,0.0,-0.0001022894927826,0.0000000000000000,0.0143840276090171,0.0000000000002598,5.3772978785525369,3.0001454853055973,1.999963,-1.166083,-0.8338792216076,-0.3321228202784,0,7.8e-12
1.0010811882793305,0.0,-0.0001028086303067,0.0000000000000000,0.0143831343205796,-0.0000000000000904,5.3773978785525367,3.0001454816092030,2.000000,-1.165582,-0.8343841679230,-0.3311238323040,0,1.4e-11
1.0010812313242190,0.0,-0.0001033252567212,0.0000000000000000,0.0143822409923688,-0.0000000000004362,5.3774978785525365,3.0001454779130481,2.000000,-1.165079,-0.8348855572706,-0.3301176472841,0,1.2e-11
1.0010812743795734,0.0,-0.0001038394081855,0.0000000000000000,0.0143813476253271,-0.0000000000003863,5.3775978785525371,3.0001454742171383,2.000000,-1.164577,-0.8353875084907,-0.3291118134033,0,1.3e-11
1.0010813174453983,0.0,-0.0001043511228144,0.0000000000000000,0.0143804542181148,0.0000000000008564,5.3776978785525369,3.0001454705214665,1.999959,-1.164073,-0.8358853573069,-0.3280977886310,0,1.4e-11
1.0010813605216367,0.0,-0.0001048604354994,0.0000000000000000,0.0143795607720226,0.0000000000000002,5.3777978785525367,3.0001454668260377,2.000000,-1.163571,-0.8363922860026,-0.3270996923246,0,1.6e-11
1.0010814318386545,0.0,-0.0001056981973441,0.0000000000000000,0.0143780819730144,0.0000000000000000,5.3779633848009265,3.0001454607103906,1.999952,-1.162736,-0.8372149660139,-0.3254164228839,0,4.0e-11
1.0010815065293888,0.0,-0.0001065684490844,0.0000000000000000,0.0143765337390050,0.0000000000000000,5.3781366494334861,3.0001454543087807,1.999955,-1.161865,-0.8380901703888,-0.3236777837476,0,1.4e-11
1.0010815847474670,0.0,-0.0001074721576600,0.0000000000000000,0.0143749129591623,0.0000000000000000,5.3783180183520889,3.0001454476085114,1.999953,-1.160951,-0.8390013065504,-0.3218464685363,0,2.1e-11
1.0010816666529614,0.0,-0.0001084102997917,0.0000000000000000,0.0143732163969890,0.0000000000000000,5.3785078519209355,3.0001454405963877,1.999949,-1.159994,-0.8399551652612,-0.3199276449824,0,3.2e-11
1.0010817524130344,0.0,-0.0001093838655404,0.0000000000000000,0.0143714406778667,0.0000000000000000,5.3787065254071846,3.0001454332586621,1.999949,-1.158991,-0.8409565965439,-0.3179225964523,0,2.7e-11
1.0010818422020884,0.0,-0.0001103938561917,0.0000000000000000,0.0143695822868671,0.0000000000000000,5.3789144296431743,3.0001454255810285,1.999943,-1.157941,-0.8420014302614,-0.3158157916108,0,4.6e-11
1.0010819362021719,0.0,-0.0001114412848806,0.0000000000000000,0.0143676375611529,0.0000000000000000,5.3791319716255561,3.0001454175485960,1.999942,-1.156842,-0.8430991791934,-0.3136163400576,0,4.4e-11
1.0010820346031526,0.0,-0.0001125271745956,0.0000000000000000,0.0143656026874987,0.0000000000000000,5.3793595752398984,3.0001454091458757,1.999941,-1.155691,-0.8442485669771,-0.3113132817556,0,4.1e-11
1.0010821376033647,0.0,-0.0001136525608972,0.0000000000000000,0.0143634736900754,0.0000000000000000,5.3795976818613553,3.0001454003567360,1.999941,-1.154487,-0.8454534313103,-0.3089046005586,0,2.8e-11
1.0010822454098400,0.0,-0.0001148184903167,0.0000000000000000,0.0143612464268201,0.0000000000000000,5.3798467511347585,3.0001453911643918,1.999940,-1.153226,-0.8467142679146,-0.3063817790174,0,1.9e-11
1.0010823582385655,0.0,-0.0001160260191335,0.0000000000000000,0.0143589165850179,0.0000000000000000,5.3801072617895604,3.0001453815513832,1.999933,-1.151904,-0.8480285188440,-0.3037303204173,0,4.5e-11
1.0010824763152830,0.0,-0.0001172762163702,0.0000000000000000,0.0143564796671666,0.0000000000000000,5.3803797123620933,3.0001453714995301,1.999932,-1.150522,-0.8494097470646,-0.3009646627240,0,3.7e-11
1.0010825998756903,0.0,-0.0001185701625058,0.0000000000000000,0.0143539309872196,0.0000000000000000,5.3806646220961527,3.0001453609899098,1.999932,-1.149075,-0.8508562575521,-0.2980709538754,0,2.4e-11
1.0010827291658981,0.0,-0.0001199089483602,0.0000000000000000,0.0143512656638723,0.0000000000000000,5.3809625318994900,3.0001453500028390,1.999929,-1.147560,-0.8523687869269,-0.2950393016535,0,2.1e-11
1.0010828644432013,0.0,-0.0001212936787013,0.0000000000000000,0.0143484786059754,0.0000000000000000,5.3812740052026502,3.0001453385178189,1.999925,-1.145975,-0.8539501704640,-0.2918631110964,0,2.7e-11
1.0010830059764739,0.0,-0.0001227254710944,0.0000000000000000,0.0143455645063202,0.0000000000000000,5.3815996290180195,3.0001453265135098,1.999922,-1.144315,-0.8556060105177,-0.2885402747062,0,2.9e-11
1.0010831540466609,0.0,-0.0001242054552860,0.0000000000000000,0.0143425178341569,0.0000000000000000,5.3819400150536563,3.0001453139677108,1.999920,-1.142579,-0.8573410122267,-0.2850664848865,0,1.7e-11
1.0010833089476876,0.0,-0.0001257347770797,0.0000000000000000,0.0143393328185843,0.0000000000000000,5.3822958007532611,3.0001453008572874,1.999913,-1.140761,-0.8591519057172,-0.2814223274563,0,3.5e-11
1.0010834709869829,0.0,-0.0001273145976769,0.0000000000000000,0.0143360034402531,0.0000000000000000,5.3826676505349482,3.0001452871581562,1.999913,-1.138860,-0.8610527976005,-0.2776193216151,0,1.7e-11
1.0010836404860806,0.0,-0.0001289460934050,0.0000000000000000,0.0143325234224878,0.0000000000000000,5.3830562571011802,3.0001452728452445,1.999905,-1.136869,-0.8630360412178,-0.2736288197924,0,3.4e-11
1.0010838177816617,0.0,-0.0001306304600638,0.0000000000000000,0.0143288862121716,0.0000000000000000,5.3834623426893247,3.0001452578924246,1.999902,-1.134786,-0.8651158130087,-0.2694610640376,0,2.5e-11
1.0010840032262487,0.0,-0.0001323689125689,0.0000000000000000,0.0143250849696465,0.0000000000000000,5.3838866605317905,3.0001452422724757,1.999895,-1.132606,-0.8672884256030,-0.2650931417866,0,3.7e-11
1.0010841971889382,0.0,-0.0001341626853278,0.0000000000000000,0.0143211125570810,0.0000000000000000,5.3843299963905906,3.0001452259570498,1.999893,-1.130326,-0.8695665622616,-0.2605310297355,0,2.0e-11
1.0010844000566943,0.0,-0.0001360130372475,0.0000000000000000,0.0143169615161651,0.0000000000000000,5.3847931700503437,3.0001452089165817,1.999883,-1.127939,-0.8719430229483,-0.2557438438291,0,4.8e-11
1.0010846122349233,0.0,-0.0001379212494947,0.0000000000000000,0.0143126240607426,0.0000000000000000,5.3852770371016874,3.0001451911202790,1.999879,-1.125442,-0.8744366533145,-0.2507469677935,0,3.3e-11
1.0010848341489484,0.0,-0.0001398886313284,0.0000000000000000,0.0143080920515006,0.0000000000000000,5.3857824906145773,3.0001451725360200,1.999873,-1.122829,-0.8770435507926,-0.2455136703352,0,3.3e-11
1.0010850662449990,0.0,-0.0001419165203660,0.0000000000000000,0.0143033569814044,0.0000000000000000,5.3863104630519363,3.0001451531303136,1.999867,-1.120094,-0.8797725246775,-0.2400392161462,0,2.5e-11
1.0010853089912286,0.0,-0.0001440062834522,0.0000000000000000,0.0142984099604540,0.0000000000000000,5.3868619282881980,3.0001451328682411,1.999861,-1.117233,-0.8826280235925,-0.2343099443082,0,1.7e-11
1.0010855628794539,0.0,-0.0001461593222873,0.0000000000000000,0.0142932416870622,0.0000000000000000,5.3874379036216462,3.0001451117133655,1.999848,-1.114237,-0.8856100659056,-0.2283030866579,0,4.8e-11
1.0010858284262836,0.0,-0.0001483770741724,0.0000000000000000,0.0142878424314179,0.0000000000000000,5.3880394520170354,3.0001450896276705,1.999841,-1.111103,-0.8887369247386,-0.2220275758764,0,4.1e-11
1.0010861061745397,0.0,-0.0001506610133734,0.0000000000000000,0.0142822020151698,0.0000000000000000,5.3886676844748900,3.0001450665714953,1.999834,-1.107823,-0.8920105959564,-0.2154617481194,0,2.5e-11
1.0010863966951975,0.0,-0.0001530126570671,0.0000000000000000,0.0142763097799787,0.0000000000000000,5.3893237624175780,3.0001450425034291,1.999824,-1.104390,-0.8954342135494,-0.2085846641258,0,2.5e-11
1.0010867005889170,0.0,-0.0001554335664995,0.0000000000000000,0.0142701545659289,0.0000000000000000,5.3900089003185618,3.0001450173802446,1.999812,-1.100795,-0.8990156465907,-0.2013824790234,0,3.7e-11
1.0010870184877285,0.0,-0.0001579253489575,0.0000000000000000,0.0142637246874833,0.0000000000000000,5.3907243684699635,3.0001449911568194,1.999803,-1.097034,-0.9027691744454,-0.1938513208542,0,1.9e-11
1.0010873510574589,0.0,-0.0001604896644497,0.0000000000000000,0.0142570078956890,0.0000000000000000,5.3914714957917633,3.0001449637860071,1.999790,-1.093095,-0.9066949422746,-0.1859603455131,0,2.3e-11
1.0010876989993167,0.0,-0.0001631282248242,0.0000000000000000,0.0142499913586056,0.0000000000000000,5.3922516729630789,3.0001449352185912,1.999778,-1.088971,-0.9108060918945,-0.1777002988746,0,2.0e-11
1.0010880630527135,0.0,-0.0001658428014398,0.0000000000000000,0.0142426616180572,0.0000000000000000,5.3930663555450602,3.0001449054031317,1.999762,-1.084653,-0.9151083127075,-0.1690467483060,0,3.1e-11
1.0010884363662891,0.0,-0.0001685797561334,0.0000000000000000,0.0142351578196381,0.0000000000000000,5.3939000436227005,3.0001448749084174,1.999746,-1.080221,-0.9195238442185,-0.1601671199743,0,3.7e-11
1.0010888270644369,0.0,-0.0001713959984528,0.0000000000000000,0.0142273179664306,0.0000000000000000,5.3947706984034509,3.0001448430791289,1.999730,-1.075580,-0.9241496730491,-0.1508685171380,0,3.5e-11
1.0010892359978281,0.0,-0.0001742934775213,0.0000000000000000,0.0142191268108921,0.0000000000000000,5.3956799611206687,3.0001448098575865,1.999718,-1.070719,-0.9289994698122,-0.1411353328876,0,4.5e-12
1.0010896640647975,0.0,-0.0001772742131650,0.0000000000000000,0.0142105683508457,0.0000000000000000,5.3966295508221398,3.0001447751835073,1.999691,-1.065623,-0.9340677240170,-0.1309156313012,0,5.3e-11
1.0010901122143006,0.0,-0.0001803402988863,0.0000000000000000,0.0142016257911436,0.0000000000000000,5.3976212684611085,3.0001447389939049,1.999676,-1.060286,-0.9393896898388,-0.1202273482982,0,2.7e-11
1.0010905814497819,0.0,-0.0001834939097172,0.0000000000000000,0.0141922814896281,0.0000000000000000,5.3986570011097585,3.0001447012229150,1.999659,-1.054692,-0.9449662189021,-0.1090247408480,0,2.7e-12
1.0010910629870722,0.0,-0.0001866728920799,0.0000000000000000,0.0141827123536942,0.0000000000000000,5.3997170814780908,3.0001446625902228,1.999630,-1.048945,-0.9506846557383,-0.0975012494818,0,3.7e-11
1.0010915673531608,0.0,-0.0001899434912757,0.0000000000000000,0.0141727113461472,0.0000000000000000,5.4008243816002715,3.0001446222649863,1.999603,-1.042920,-0.9566824124706,-0.0854250262964,0,5.3e-11
1.0010920957116616,0.0,-0.0001933081203961,0.0000000000000000,0.0141622583939847,0.0000000000000000,5.4019810345531489,3.0001445801732687,1.999579,-1.036603,-0.9629755887927,-0.0727695681763,0,3.9e-11
1.0010926492951069,0.0,-0.0001967692891429,0.0000000000000000,0.0141513323973226,0.0000000000000000,5.4031892767200542,3.0001445362377703,1.999555,-1.029978,-0.9695765873699,-0.0594985495121,0,1.4e-11
1.0010932294100354,0.0,-0.0002003296108237,0.0000000000000000,0.0141399111657536,0.0000000000000000,5.4044514531697097,3.0001444903776697,1.999521,-1.023027,-0.9764931010500,-0.0455638995910,0,3.8e-11
1.0010938374419855,0.0,-0.0002039918067510,0.0000000000000000,0.0141279713605518,0.0000000000000000,5.4057700233659292,3.0001444425084767,1.999489,-1.015735,-0.9837536424148,-0.0309501613763,0,3.4e-11
1.0010944748617037,0.0,-0.0002077587157473,0.0000000000000000,0.0141154884174667,0.0000000000000000,5.4071475670971507,3.0001443925418272,1.999454,-1.008082,-0.9913723218017,-0.0156125627278,0,3.1e-11
1.0010951432311836,0.0,-0.0002116332994813,0.0000000000000000,0.0141024364787817,0.0000000000000000,5.4085867907789158,3.0001443403853294,1.999419,-1.000048,-0.9993708922516,0.0004847272793,0,1.5e-11
1.0010958442102036,0.0,-0.0002156186486087,0.0000000000000000,0.0140887883205908,0.0000000000000000,5.4100905340951053,3.0001442859423921,1.999378,-0.991612,-1.0077653998101,0.0173921177167,0,1.8e-11
1.0010965795642801,0.0,-0.0002197179938389,0.0000000000000000,0.0140745152591384,0.0000000000000000,5.4116617769129407,3.0001442291120011,1.999331,-0.982752,-1.0165784651657,0.0351536452095,0,3.6e-11
1.0010973511723571,0.0,-0.0002239347121781,0.0000000000000000,0.0140595870695459,0.0000000000000000,5.4133036466312845,3.0001441697885443,1.999285,-0.973445,-1.0258392007030,0.0538076197027,0,3.3e-11
1.0010980980137807,0.0,-0.0002279379145343,0.0000000000000000,0.0140451850871074,0.0000000000000000,5.4148861815222462,3.0001441126682860,1.999239,-0.964426,-1.0348131450489,0.0718822059561,0,2.3e-11
1.0010988821019731,0.0,-0.0002320624242125,0.0000000000000000,0.0140301143211874,0.0000000000000000,5.4165406546058961,3.0001440530136629,1.999187,-0.954946,-1.0442410111719,0.0908854920542,0,3.4e-11
1.0010997055004869,0.0,-0.0002363118588767,0.0000000000000000,0.0140143421748333,0.0000000000000000,5.4182704113120277,3.0001439907124237,1.999136,-0.944980,-1.0541557000946,0.1108580429656,0,1.8e-11
1.0011005704093383,0.0,-0.0002406900006135,0.0000000000000000,0.0139978342725881,0.0000000000000000,5.4200789627826351,3.0001439256472526,1.999076,-0.934498,-1.0645777735908,0.1318678570526,0,2.6e-11
1.0011014791760897,0.0,-0.0002452008077704,0.0000000000000000,0.0139805543453869,0.0000000000000000,5.4219699945692659,3.0001438576955435,1.999015,-0.923472,-1.0755421419652,0.1539654704708,0,1.9e-11
1.0011024343080259,0.0,-0.0002498484269089,0.0000000000000000,0.0139624641078978,0.0000000000000000,5.4239473758029968,3.0001437867291725,1.998949,-0.911870,-1.0870785781565,0.1772175884370,0,8.7e-12
1.0011034384856026,0.0,-0.0002546372063569,0.0000000000000000,0.0139435231247390,0.0000000000000000,5.4260151688462024,3.0001437126142498,1.998876,-0.899657,-1.0992181062976,0.2016967544699,0,1.5e-11
1.0011043161264821,0.0,-0.0002587449935720,0.0000000000000000,0.0139270340116038,0.0000000000000000,5.4278131174781201,3.0001436482510608,1.998811,-0.888972,-1.1098385827982,0.2231142712030,0,2.0e-11
1.0011053154412037,0.0,-0.0002633387039685,0.0000000000000000,0.0139083322495428,0.0000000000000000,5.4298498539293014,3.0001435754292309,1.998735,-0.876792,-1.1219431274113,0.2475256360604,0,2.3e-11
1.0011062039710068,0.0,-0.0002673519689304,0.0000000000000000,0.0138917688878051,0.0000000000000000,5.4316514846475004,3.0001435110925403,1.998671,-0.865952,-1.1327187994937,0.2692465440317,0,2.0e-12
1.0011071992632641,0.0,-0.0002717716998774,0.0000000000000000,0.0138732875335711,0.0000000000000000,5.4336592488338651,3.0001434394820996,1.998594,-0.853798,-1.1447963344396,0.2936051947021,0,2.4e-12
1.0011082468484953,0.0,-0.0002763412495303,0.0000000000000000,0.0138539169146595,0.0000000000000000,5.4357607699085237,3.0001433646260840,1.998508,-0.840991,-1.1575163832168,0.3192730939127,0,2.5e-11
1.0011091891262511,0.0,-0.0002803826133376,0.0000000000000000,0.0138365645533277,0.0000000000000000,5.4376408246093924,3.0001432977438376,1.998435,-0.829463,-1.1689716920622,0.3423730047670,0,1.2e-11
1.0011102338259017,0.0,-0.0002847905318245,0.0000000000000000,0.0138174040670202,0.0000000000000000,5.4397139997492401,3.0001432240844381,1.998350,-0.816670,-1.1816797132748,0.3680077063204,0,1.2e-11
1.0011107731370275,0.0,-0.0002870372395734,0.0000000000000000,0.0138075446276847,0.0000000000000000,5.4407796482211310,3.0001431862601291,1.998307,-0.810062,-1.1882453408792,0.3812467485036,0,4.7e-11
1.0011113410492318,0.0,-0.0002893825433025,0.0000000000000000,0.0137971856505694,0.0000000000000000,5.4418984413424560,3.0001431465771531,1.998261,-0.803100,-1.1951601925352,0.3951960370426,0,4.9e-11
1.0011119391726424,0.0,-0.0002918303639329,0.0000000000000000,0.0137863013698234,0.0000000000000000,5.4430730271866841,3.0001431049456961,1.998211,-0.795765,-1.2024457103942,0.4098932768656,0,4.7e-11
1.0011125692183958,0.0,-0.0002943847605691,0.0000000000000000,0.0137748646323198,0.0000000000000000,5.4443061858274335,3.0001430612717441,1.998158,-0.788035,-1.2101230400228,0.4253811750519,0,5.1e-11
1.0011132330060628,0.0,-0.0002970499357431,0.0000000000000000,0.0137628468166174,0.0000000000000000,5.4456008359470758,3.0001430154569042,1.998102,-0.779887,-1.2182146893012,0.4417050905701,0,5.6e-11
1.0011139324718010,0.0,-0.0002998302413638,0.0000000000000000,0.0137502177452193,0.0000000000000000,5.4469600417793806,3.0001429673982156,1.998043,-0.771298,-1.2267445985992,0.4589132707316,0,5.8e-11
1.0011146696772595,0.0,-0.0003027301852246,0.0000000000000000,0.0137369455904996,0.0000000000000000,5.4483870204040734,3.0001429169879530,1.997980,-0.762241,-1.2357382373758,0.4770570737847,0,6.1e-11
1.0011154468193249,0.0,-0.0003057544381451,0.0000000000000000,0.0137229967736855,0.0000000000000000,5.4498851494115108,3.0001428641134256,1.997913,-0.752690,-1.2452227293874,0.4961911791681,0,6.8e-11
1.0011162662408049,0.0,-0.0003089078418292,0.0000000000000000,0.0137083358562194,0.0000000000000000,5.4514579749566554,3.0001428086567690,1.997842,-0.742615,-1.2552269928813,0.5163738078721,0,7.3e-11
1.0011171304421598,0.0,-0.0003121954175369,0.0000000000000000,0.0136929254227372,0.0000000000000000,5.4531092202225615,3.0001427504947271,1.997766,-0.731984,-1.2657818440965,0.5376670389492,0,7.8e-11
1.0011180420944084,0.0,-0.0003156223756737,0.0000000000000000,0.0136767259547836,0.0000000000000000,5.4548427943146827,3.0001426894984307,1.997686,-0.720766,-1.2769201639235,0.5601370684211,0,8.5e-11
1.0011190040533553,0.0,-0.0003191941264183,0.0000000000000000,0.0136596956942838,0.0000000000000000,5.4566628016084913,3.0001426255331700,1.997600,-0.708923,-1.2886770588652,0.5838545215275,0,8.8e-11
1.0011200193753040,0.0,-0.0003229162915221,0.0000000000000000,0.0136417904956320,0.0000000000000000,5.4585735515741298,3.0001425584581556,1.997510,-0.696420,-1.3010900064902,0.6088948409098,0,9.7e-11
1.0011210913344486,0.0,-0.0003267947174333,0.0000000000000000,0.0136229636651064,0.0000000000000000,5.4605795691031735,3.0001424881262793,1.997413,-0.683214,-1.3141990969145,0.6353385790034,0,1.0e-10
1.0011222234421646,0.0,-0.0003308354899164,0.0000000000000000,0.0136031657861123,0.0000000000000000,5.4626856053640118,3.0001424143838613,1.997311,-0.669264,-1.3280471805735,0.6632718957365,0,1.2e-10
1.0011234194684593,0.0,-0.0003350449503630,0.0000000000000000,0.0135823445285367,0.0000000000000000,5.4648966492138991,3.0001423370704008,1.997202,-0.654522,-1.3426801515319,0.6927869145698,0,1.3e-10
1.0011246834658758,0.0,-0.0003394297140167,0.0000000000000000,0.0135604444402056,0.0000000000000000,5.4672179391974209,3.0001422560183095,1.997087,-0.638940,-1.3581471497215,0.7239822743654,0,1.4e-10
1.0011260197962040,0.0,-0.0003439966903652,0.0000000000000000,0.0135374067181227,0.0000000000000000,5.4696549761629374,3.0001421710526484,1.996964,-0.622463,-1.3745008404358,0.7569636431906,0,1.5e-10
1.0011274331604039,0.0,-0.0003487531059956,0.0000000000000000,0.0135131689567590,0.0000000000000000,5.4722135365305613,3.0001420819908549,1.996834,-0.605036,-1.3917977293296,0.7918442675091,0,1.7e-10
1.0011289286322267,0.0,-0.0003537065302487,0.0000000000000000,0.0134876648701902,0.0000000000000000,5.4748996862474506,3.0001419886424654,1.996695,-0.586597,-1.4100984665188,0.8287456341346,0,2.0e-10
1.0011305116960971,0.0,-0.0003588649040666,0.0000000000000000,0.0134608239843013,0.0000000000000000,5.4777197954686079,3.0001418908088362,1.996548,-0.567080,-1.4294682117465,0.8677981481149,0,2.3e-10
1.0011321882899371,0.0,-0.0003642365724921,0.0000000000000000,0.0134325712945669,0.0000000000000000,5.4806805540041337,3.0001417882828587,1.996392,-0.546415,-1.4499770228306,0.9091418930381,0,2.6e-10
1.0011339648537325,0.0,-0.0003698303213597,0.0000000000000000,0.0134028268840530,0.0000000000000000,5.4837889875769372,3.0001416808486683,1.996226,-0.524526,-1.4717002974379,0.9529274459948,0,3.0e-10
1.0011358483848078,0.0,-0.0003756554188115,0.0000000000000000,0.0133715054952240,0.0000000000000000,5.4870524749384204,3.0001415682813586,1.996051,-0.501332,-1.4947191942514,0.9993168609869,0,3.6e-10
1.0011378465009393,0.0,-0.0003817216623024,0.0000000000000000,0.0133385160483300,0.0000000000000000,5.4904787658939167,3.0001414503466881,1.995866,-0.476744,-1.5191218533559,1.0484837161582,0,1.7e-11
1.0011399675128971,0.0,-0.0003880394325438,0.0000000000000000,0.0133037610939884,0.0000000000000000,5.4940760002927238,3.0001413268007848,1.995669,-0.450667,-1.5450015357623,1.1006175442506,0,1.7e-11
1.0011422205076932,0.0,-0.0003946197541471,0.0000000000000000,0.0132671361957385,0.0000000000000000,5.4978527280475689,3.0001411973898611,1.995461,-0.423000,-1.5724606888074,1.1559203386669,0,1.3e-11
1.0011446154452008,0.0,-0.0004014743659957,0.0000000000000000,0.0132285292191924,0.0000000000000000,5.5018179302480785,3.0001410618499209,1.995241,-0.393631,-1.6016094823911,1.2146108691923,0,1.8e-11
1.0011471632703464,0.0,-0.0004086158017306,0.0000000000000000,0.0131878195170076,0.0000000000000000,5.5059810414469581,3.0001409199064701,1.995009,-0.362442,-1.6325670300587,1.2769255362797,0,7.1e-11
1.0011498760442346,0.0,-0.0004160574827347,0.0000000000000000,0.0131448769858192,0.0000000000000000,5.5103519732041999,3.0001407712742383,1.994765,-0.329302,-1.6654624781507,1.3431197076107,0,2.7e-10
1.0011527670983305,0.0,-0.0004238138262617,0.0000000000000000,0.0130995609667763,0.0000000000000000,5.5149411389869671,3.0001406156568931,1.994507,-0.294072,-1.7004349313251,1.4134707885287,0,1.6e-10
1.0011534512749480,0.0,-0.0004256240960484,0.0000000000000000,0.0130889035556920,0.0000000000000000,5.5160168757538557,3.0001405792433569,1.994446,-0.285749,-1.7086967514407,1.4300891451243,0,4.3e-10
1.0011541723697752,0.0,-0.0004275218475601,0.0000000000000000,0.0130776984551927,0.0000000000000000,5.5171464240682226,3.0001405410345852,1.994383,-0.276983,-1.7173997910200,1.4475889977563,0,2.7e-11
1.0011549325308202,0.0,-0.0004295112264371,0.0000000000000000,0.0130659165838338,0.0000000000000000,5.5183324788972490,3.0001405009433264,1.994317,-0.267750,-1.7265669559940,1.4660222253347,0,2.9e-11
1.0011557340484796,0.0,-0.0004315965733461,0.0000000000000000,0.0130535272046417,0.0000000000000000,5.5195778706900285,3.0001404588782195,1.994247,-0.258022,-1.7362251215103,1.4854408386611,0,3.4e-11
1.0011565793672017,0.0,-0.0004337824346279,0.0000000000000000,0.0130404978131141,0.0000000000000000,5.5208855722684493,3.0001404147436022,1.994174,-0.247771,-1.7464022714546,1.5059007625957,0,3.6e-11
1.0011574710980913,0.0,-0.0004360735731340,0.0000000000000000,0.0130267940194805,0.0000000000000000,5.5222587060837505,3.0001403684393209,1.994097,-0.236969,-1.7571281369875,1.5274614419642,0,4.3e-11
1.0011584120328545,0.0,-0.0004384749800145,0.0000000000000000,0.0130123794202690,0.0000000000000000,5.5237005518578846,3.0001403198605341,1.994016,-0.225582,-1.7684343568442,1.5501860540291,0,5.0e-11
1.0011594051592176,0.0,-0.0004409918874749,0.0000000000000000,0.0129972154585324,0.0000000000000000,5.5252145546329583,3.0001402688975087,1.993932,-0.213577,-1.7803545933389,1.5741418067775,0,5.8e-11
1.0011604536780152,0.0,-0.0004436297826300,0.0000000000000000,0.0129812612713719,0.0000000000000000,5.5268043332535539,3.0001402154354064,1.993843,-0.200918,-1.7929246875975,1.5994002278040,0,6.6e-11
1.0011615610221687,0.0,-0.0004463944226038,0.0000000000000000,0.0129644735231907,0.0000000000000000,5.5284736893087780,3.0001401593540642,1.993750,-0.187567,-1.8061828158508,1.6260374920079,0,8.0e-11
1.0011627308778237,0.0,-0.0004492918510465,0.0000000000000000,0.0129468062228544,0.0000000000000000,5.5302266165632084,3.0001401005277653,1.993653,-0.173483,-1.8201696889707,1.6541347445980,0,9.5e-11
1.0011639672079458,0.0,-0.0004523284162709,0.0000000000000000,0.0129282105226451,0.0000000000000000,5.5320673109085403,3.0001400388250046,1.993551,-0.158622,-1.8349287234420,1.6837785047545,0,1.1e-10
1.0011652742787394,0.0,-0.0004555107912439,0.0000000000000000,0.0129086344965154,0.0000000000000000,5.5340001808707537,3.0001399741082384,1.993444,-0.142938,-1.8505062632602,1.7150610645585,0,1.3e-10
1.0011666566893060,0.0,-0.0004588459957115,0.0000000000000000,0.0128880228947392,0.0000000000000000,5.5360298587111458,3.0001399062336391,1.993333,-0.126381,-1.8669518009160,1.7480809477838,0,1.6e-10
1.0011681194050472,0.0,-0.0004623414207817,0.0000000000000000,0.0128663168715090,0.0000000000000000,5.5381612121636126,3.0001398350508230,1.993216,-0.108898,-1.8843182395520,1.7829433878612,0,1.9e-10
1.0011696677953994,0.0,-0.0004660048563559,0.0000000000000000,0.0128434536813976,0.0000000000000000,5.5403993568553949,3.0001397604025843,1.993094,-0.090432,-1.9026621601913,1.8197608705809,0,2.3e-10
1.0011713076766140,0.0,-0.0004698445218644,0.0000000000000000,0.0128193663398092,0.0000000000000000,5.5427496694641452,3.0001396821246122,1.992967,-0.070923,-1.9220441182823,1.8586537241158,0,2.9e-10
1.0011730453604264,0.0,-0.0004738691008550,0.0000000000000000,0.0127939832415868,0.0000000000000000,5.5452178016710088,3.0001396000451939,1.992834,-0.050305,-1.9425289881130,1.8997507447974,0,3.5e-10
1.0011748877096396,0.0,-0.0004780877800920,0.0000000000000000,0.0127672277307229,0.0000000000000000,5.5478096949775830,3.0001395139849198,1.992696,-0.028509,-1.9641863108707,1.9431899146276,0,4.2e-10
1.0011768422018141,0.0,-0.0004825102938429,0.0000000000000000,0.0127390176133475,0.0000000000000000,5.5505315964651238,3.0001394237563646,1.992552,-0.005461,-1.9870912531283,1.9891186438618,0,3.2e-11
1.0011789170028600,0.0,-0.0004871469749470,0.0000000000000000,0.0127092645995069,0.0000000000000000,5.5533900755837484,3.0001393291637557,1.992403,0.018920,-2.0113229169352,2.0376966474535,0,3.7e-11
1.0011811210517101,0.0,-0.0004920088123024,0.0000000000000000,0.0126778736706789,0.0000000000000000,5.5563920420829795,3.0001392300026448,1.992248,0.044720,-2.0369678623430,2.0890939694039,0,5.1e-11
1.0011834641592487,0.0,-0.0004971075181693,0.0000000000000000,0.0126447423446307,0.0000000000000000,5.5595447652015544,3.0001391260595480,1.992087,0.072032,-2.0641187075834,2.1434938791982,0,7.5e-11
1.0011859571237214,0.0,-0.0005024556056295,0.0000000000000000,0.0126097598269632,0.0000000000000000,5.5628558942709505,3.0001390171115716,1.991921,0.100955,-2.0928751793440,2.2010935728131,0,1.1e-10
1.0011886118664668,0.0,-0.0005080664789499,0.0000000000000000,0.0125728060210172,0.0000000000000000,5.5663334809121130,3.0001389029260288,1.991749,0.131596,-2.1233447987941,2.2621054176331,0,1.3e-10
1.0011914415924668,0.0,-0.0005139545394963,0.0000000000000000,0.0125337503654589,0.0000000000000000,5.5699860030483164,3.0001387832600250,1.991573,0.164070,-2.1556438098464,2.3267582168372,0,1.3e-10
1.0011944609816510,0.0,-0.0005201353109524,0.0000000000000000,0.0124924504575904,0.0000000000000000,5.5738223910099611,3.0001386578600155,1.991393,0.198504,-2.1898972075885,2.3952994086840,0,4.1e-10
1.0011953767707187,0.0,-0.0005219896925549,0.0000000000000000,0.0124799992554869,0.0000000000000000,5.5749736736639539,3.0001386202858624,1.991339,0.208903,-2.2002416273909,2.4159959740410,0,2.3e-10
1.0011963432626729,0.0,-0.0005239367019866,0.0000000000000000,0.0124668962659803,0.0000000000000000,5.5761825337884954,3.0001385808612580,1.991284,0.219853,-2.2111368955589,2.4377904108222,0,2.5e-10
1.0011973635638407,0.0,-0.0005259810432950,0.0000000000000000,0.0124531053997182,0.0000000000000000,5.5774518598472582,3.0001385394962803,1.991226,0.231388,-2.2226133729219,2.4607448900674,0,2.8e-10
1.0011984410065340,0.0,-0.0005281276761295,0.0000000000000000,0.0124385883151538,0.0000000000000000,5.5787846870634370,3.0001384960967332,1.991166,0.243538,-2.2347040151031,2.4849249149609,0,3.1e-10
1.0011995791699944,0.0,-0.0005303818329470,0.0000000000000000,0.0124233042419953,0.0000000000000000,5.5801842052263853,3.0001384505639463,1.991104,0.256340,-2.2474438397665,2.5104000925258,0,3.5e-10
1.0012007819037603,0.0,-0.0005327490377461,0.0000000000000000,0.0124072097869664,0.0000000000000000,5.5816537669808195,3.0001384027945659,1.991039,0.269831,-2.2608700896259,2.5372444240521,0,4.0e-10
1.0012020533539088,0.0,-0.0005352351267153,0.0000000000000000,0.0123902587182448,0.0000000000000000,5.5831968966387073,3.0001383526803354,1.990972,0.284051,-2.2750223955184,2.5655366316641,0,4.7e-10
1.0012033979925565,0.0,-0.0005378462709684,0.0000000000000000,0.0123724017261572,0.0000000000000000,5.5848172995628076,3.0001383001078676,1.990903,0.299040,-2.2899434220101,2.5953602170237,0,1.1e-10
1.0012048206514761,0.0,-0.0005405890023336,0.0000000000000000,0.0123535861520674,0.0000000000000000,5.5865188721693642,3.0001382449583929,1.990832,0.314846,-2.3056773075788,2.6268049712974,0,1.5e-10
1.0012063265596891,0.0,-0.0005434702410983,0.0000000000000000,0.0123337556912074,0.0000000000000000,5.5883057126297322,3.0001381871075177,1.990757,0.331515,-2.3222723607501,2.6599658002798,0,2.4e-10
1.0012079213868019,0.0,-0.0005464973281431,0.0000000000000000,0.0123128500507257,0.0000000000000000,5.5901821323237026,3.0001381264249414,1.990681,0.349099,-2.3397796260099,2.6949442609637,0,5.3e-10
1.0012096112921358,0.0,-0.0005496780603713,0.0000000000000000,0.0122908045678924,0.0000000000000000,5.5921526681484606,3.0001380627741803,1.990603,0.367652,-2.3582544895077,2.7318482728216,0,2.5e-10
1.0012114029816437,0.0,-0.0005530207317942,0.0000000000000000,0.0122675497691087,0.0000000000000000,5.5942220957673117,3.0001379960122456,1.990522,0.387232,-2.3777544449870,2.7707941229131,0,3.8e-10
1.0012130784481876,0.0,-0.0005561194290896,0.0000000000000000,0.0122459127268835,0.0000000000000000,5.5961389920393643,3.0001379342470562,1.990450,0.405458,-2.3959075262244,2.8070429562872,0,1.5e-10
1.0012148548050801,0.0,-0.0005593765453057,0.0000000000000000,0.0122230869730431,0.0000000000000000,5.5981521591025123,3.0001378694584022,1.990375,0.424690,-2.4150654196188,2.8452928639561,0,3.6e-10
1.0012167393027911,0.0,-0.0005628007775184,0.0000000000000000,0.0121989988217350,0.0000000000000000,5.6002664990866560,3.0001378015002800,1.990299,0.444991,-2.4352899402614,2.8856643444582,0,1.3e-10
1.0012187398727901,0.0,-0.0005664014125000,0.0000000000000000,0.0121735687717093,0.0000000000000000,5.6024871766541882,3.0001377302196439,1.990222,0.466424,-2.4566457036525,2.9282871222007,0,2.7e-10
1.0012208224627404,0.0,-0.0005701125937697,0.0000000000000000,0.0121472495129140,0.0000000000000000,5.6047729874447993,3.0001376569502374,1.990145,0.488606,-2.4787507989744,2.9723968706170,0,2.2e-10
1.0012229479518537,0.0,-0.0005738619437883,0.0000000000000000,0.0121205475771124,0.0000000000000000,5.6070788761853372,3.0001375831418975,1.990070,0.511107,-2.5011766589518,3.0171383690582,0,1.7e-10
1.0012238775633469,0.0,-0.0005754898011820,0.0000000000000000,0.0121089192798556,0.0000000000000000,5.6080788761853375,3.0001375511659165,1.990038,0.520903,-2.5109418887467,3.0366179526033,0,3.4e-12
1.0012248119997544,0.0,-0.0005771188498985,0.0000000000000000,0.0120972611643492,0.0000000000000000,5.6090788761853370,3.0001375192096744,1.990007,0.530724,-2.5207309911593,3.0561439648227,0,1.3e-12
1.0012257513170044,0.0,-0.0005787491329349,0.0000000000000000,0.0120855728509925,0.0000000000000000,5.6100788761853373,3.0001374872731645,1.989977,0.540567,-2.5305441470997,3.0757164163634,0,1.2e-12
1.0012266955721318,0.0,-0.0005803806937639,0.0000000000000000,0.0120738539525386,0.0000000000000000,5.6110788761853367,3.0001374553563793,1.989947,0.550434,-2.5403813812580,3.0953353800199,0,5.4e-12
1.0012276448232857,0.0,-0.0005820135763054,0.0000000000000000,0.0120621040741955,0.0000000000000000,5.6120788761853371,3.0001374234593130,1.989918,0.560325,-2.5502427448067,3.1150009200978,0,5.1e-13
1.0012285991297574,0.0,-0.0005836478249482,0.0000000000000000,0.0120503228134198,0.0000000000000000,5.6130788761853374,3.0001373915819585,1.989889,0.570239,-2.5601282591488,3.1347131122433,0,2.0e-12
1.0012295585520135,0.0,-0.0005852834845637,0.0000000000000000,0.0120385097597022,0.0000000000000000,5.6140788761853369,3.0001373597243086,1.989861,0.580177,-2.5700379555646,3.1544720292784,0,7.2e-13
1.0012305231517302,0.0,-0.0005869206005257,0.0000000000000000,0.0120266644943348,0.0000000000000000,5.6150788761853372,3.0001373278863577,1.989833,0.590139,-2.5799718729937,3.1742777424655,0,3.0e-12
1.0012314929918245,0.0,-0.0005885592187300,0.0000000000000000,0.0120147865901992,0.0000000000000000,5.6160788761853375,3.0001372960681003,1.989806,0.600124,-2.5899300468442,3.1941303251827,0,3.4e-12
1.0012324681364917,0.0,-0.0005901993856113,0.0000000000000000,0.0120028756115062,0.0000000000000000,5.6170788761853370,3.0001372642695312,1.989780,0.610133,-2.5999125124292,3.2140298518595,0,9.4e-13
1.0012334486512393,0.0,-0.0005918411481673,0.0000000000000000,0.0119909311135725,0.0000000000000000,5.6180788761853373,3.0001372324906450,1.989754,0.620165,-2.6099192977102,3.2339763998017,0,3.6e-12
1.0012344346029247,0.0,-0.0005934845539774,0.0000000000000000,0.0119789526425579,0.0000000000000000,5.6190788761853367,3.0001372007314369,1.989729,0.630222,-2.6199504493036,3.2539700421786,0,8.1e-12
1.0012354260598078,0.0,-0.0005951296512159,0.0000000000000000,0.0119669397351296,0.0000000000000000,5.6200788761853371,3.0001371689919027,1.989704,0.640302,-2.6300059876071,3.2740108603974,0,1.3e-12
1.0012364230915618,0.0,-0.0005967764886943,0.0000000000000000,0.0119548919183455,0.0000000000000000,5.6210788761853374,3.0001371372720382,1.989681,0.650405,-2.6400859590697,3.2940989295883,0,1.4e-12
1.0012374257693459,0.0,-0.0005984251158632,0.0000000000000000,0.0119428087092045,0.0000000000000000,5.6220788761853369,3.0001371055718415,1.989657,0.660533,-2.6501903955649,3.3142343299902,0,2.8e-12
1.0012384341658365,0.0,-0.0006000755828469,0.0000000000000000,0.0119306896144140,0.0000000000000000,5.6230788761853372,3.0001370738913073,1.989635,0.670684,-2.6603193483347,3.3344171388572,0,1.2e-11
1.0012394483552653,0.0,-0.0006017279404619,0.0000000000000000,0.0119185341301464,0.0000000000000000,5.6240788761853375,3.0001370422304343,1.989613,0.680860,-2.6704728178466,3.3546474447614,0,1.9e-13
1.0012404684134861,0.0,-0.0006033822402495,0.0000000000000000,0.0119063417415536,0.0000000000000000,5.6250788761853370,3.0001370105892193,1.989592,0.691059,-2.6806508743732,3.3749253232283,0,2.0e-13
1.0012414944180079,0.0,-0.0006050385344936,0.0000000000000000,0.0118941119225785,0.0000000000000000,5.6260788761853373,3.0001369789676611,1.989571,0.701282,-2.6908535307650,3.3952508622693,0,1.8e-11
1.0012425264480409,0.0,-0.0006066968762573,0.0000000000000000,0.0118818441356172,0.0000000000000000,5.6270788761853368,3.0001369473657582,1.989552,0.711529,-2.7010808996857,3.4156241342942,0,4.1e-11
1.0012435645845803,0.0,-0.0006083573193970,0.0000000000000000,0.0118695378309787,0.0000000000000000,5.6280788761853371,3.0001369157835107,1.989533,0.721800,-2.7113328797753,3.4360452472838,0,7.5e-13
1.0012446089104239,0.0,-0.0006100199186052,0.0000000000000000,0.0118571924467302,0.0000000000000000,5.6290788761853374,3.0001368842209160,1.989514,0.732095,-2.7216096205351,3.4565142709935,0,4.3e-13
1.0012456595102532,0.0,-0.0006116847294331,0.0000000000000000,0.0118448074081739,0.0000000000000000,5.6300788761853369,3.0001368526779766,1.989497,0.742415,-2.7319111289359,3.4770312986742,0,2.6e-12
1.0012467164706877,0.0,-0.0006133518083239,0.0000000000000000,0.0118323821274670,0.0000000000000000,5.6310788761853372,3.0001368211546917,1.989480,0.752758,-2.7422374500724,3.4975964193631,0,8.9e-13
1.0012477798803445,0.0,-0.0006150212126446,0.0000000000000000,0.0118199160032189,0.0000000000000000,5.6320788761853375,3.0001367896510631,1.989463,0.763125,-2.7525886165483,3.5182097250099,0,3.2e-13
1.0012488498299077,0.0,-0.0006166930007198,0.0000000000000000,0.0118074084200245,0.0000000000000000,5.6330788761853370,3.0001367581670926,1.989448,0.773517,-2.7629646741222,3.5388713075788,0,1.9e-12
1.0012499264121935,0.0,-0.0006183672318668,0.0000000000000000,0.0117948587480164,0.0000000000000000,5.6340788761853373,3.0001367267027828,1.989433,0.783932,-2.7733656572050,3.5595812614896,0,3.5e-12
1.0012510097222207,0.0,-0.0006200439664318,0.0000000000000000,0.0117822663423876,0.0000000000000000,5.6350788761853368,3.0001366952581359,1.989419,0.794372,-2.7837916192309,3.5803396815134,0,9.9e-13
1.0012520998572725,0.0,-0.0006217232658108,0.0000000000000000,0.0117696305430465,0.0000000000000000,5.6360788761853371,3.0001366638331568,1.989406,0.804837,-2.7942424297115,3.6011466709139,0,2.2e-10
1.0012531969170446,0.0,-0.0006234051925733,0.0000000000000000,0.0117569506732672,0.0000000000000000,5.6370788761853365,3.0001366324278487,1.989394,0.815325,-2.8047186309263,3.6220023113718,0,1.1e-12
1.0012543010035779,0.0,-0.0006250898103338,0.0000000000000000,0.0117442260408234,0.0000000000000000,5.6380788761853369,3.0001366010422168,1.989382,0.825838,-2.8152197703344,3.6429067204027,0,3.9e-12
1.0012554122214934,0.0,-0.0006267771839659,0.0000000000000000,0.0117314559357191,0.0000000000000000,5.6390788761853363,3.0001365696762679,1.989371,0.836375,-2.8257460519526,3.6638599946553,0,5.1e-13
1.0012565306780012,0.0,-0.0006284673795582,0.0000000000000000,0.0117186396304705,0.0000000000000000,5.6400788761853367,3.0001365383300067,1.989361,0.846936,-2.8362975290995,3.6848622383086,0,1.4e-12
1.0012576564830105,0.0,-0.0006301604644810,0.0000000000000000,0.0117057763792834,0.0000000000000000,5.6410788761853370,3.0001365070034423,1.989352,0.857522,-2.8468742472056,3.7059135575721,0,1.3e-13
1.0012587897492242,0.0,-0.0006318565074328,0.0000000000000000,0.0116928654174170,0.0000000000000000,5.6420788761853364,3.0001364756965803,1.989344,0.868133,-2.8574762496032,3.7270140604663,0,1.6e-12
1.0012599305922392,0.0,-0.0006335555784917,0.0000000000000000,0.0116799059605048,0.0000000000000000,5.6430788761853368,3.0001364444094318,1.989336,0.878767,-2.8681035888182,3.7481638575707,0,3.7e-13
1.0012610791306487,0.0,-0.0006352577491607,0.0000000000000000,0.0116668972038726,0.0000000000000000,5.6440788761853371,3.0001364131420063,1.989330,0.889427,-2.8787563712047,3.7693630661190,0,8.5e-11
1.0012622354861647,0.0,-0.0006369630924575,0.0000000000000000,0.0116538383216276,0.0000000000000000,5.6450788761853365,3.0001363818943134,1.989324,0.900111,-2.8894344632651,3.7906117863043,0,4.6e-13
1.0012633997837084,0.0,-0.0006386716829028,0.0000000000000000,0.0116407284662139,0.0000000000000000,5.6460788761853369,3.0001363506663652,1.989319,0.910819,-2.9001381006419,3.8119101501102,0,1.2e-12
1.0012645721515552,0.0,-0.0006403835966505,0.0000000000000000,0.0116275667672540,0.0000000000000000,5.6470788761853363,3.0001363194581741,1.989315,0.921553,-2.9108672745124,3.8332582724924,0,9.6e-13
1.0012657527214488,0.0,-0.0006420989115145,0.0000000000000000,0.0116143523308688,0.0000000000000000,5.6480788761853367,3.0001362882697538,1.989311,0.932311,-2.9216220377659,3.8546562759413,0,2.3e-13
1.0012669416287370,0.0,-0.0006438177070432,0.0000000000000000,0.0116010842387328,0.0000000000000000,5.6490788761853370,3.0001362571011194,1.989309,0.943093,-2.9324024418203,3.8761042852404,0,1.8e-12
1.0012681390125093,0.0,-0.0006455400645875,0.0000000000000000,0.0115877615471490,0.0000000000000000,5.6500788761853364,3.0001362259522852,1.989308,0.953901,-2.9432085382312,3.8976024277090,0,1.3e-11
1.0012693450157484,0.0,-0.0006472660673768,0.0000000000000000,0.0115743832859982,0.0000000000000000,5.6510788761853368,3.0001361948232690,1.989307,0.964733,-2.9540404055137,3.9191508382479,0,8.9e-13
1.0012705597854736,0.0,-0.0006489958005872,0.0000000000000000,0.0115609484578063,0.0000000000000000,5.6520788761853371,3.0001361637140898,1.989308,0.975591,-2.9648980772107,3.9407496469032,0,1.9e-12
1.0012717834729146,0.0,-0.0006507293514303,0.0000000000000000,0.0115474560365316,0.0000000000000000,5.6530788761853366,3.0001361326247653,1.989309,0.986473,-2.9757816239770,3.9623989933163,0,2.8e-13
1.0012730162336709,0.0,-0.0006524668092310,0.0000000000000000,0.0115339049664965,0.0000000000000000,5.6540788761853369,3.0001361015553178,1.989311,0.997380,-2.9866911026233,3.9840990177026,0,5.7e-13
1.0012742582278995,0.0,-0.0006542082655192,0.0000000000000000,0.0115202941611156,0.0000000000000000,5.6550788761853363,3.0001360705057687,1.989314,1.008312,-2.9976265783020,4.0058498653492,0,7.8e-13
1.0012755096204971,0.0,-0.0006559538141197,0.0000000000000000,0.0115066225016570,0.0000000000000000,5.6560788761853367,3.0001360394761409,1.989319,1.019269,-3.0085881146486,4.0276516847303,0,1.6e-12
1.0012767705813022,0.0,-0.0006577035512529,0.0000000000000000,0.0114928888358747,0.0000000000000000,5.6570788761853370,3.0001360084664603,1.989324,1.030252,-3.0195757685130,4.0495046258806,0,1.7e-11
1.0012780412853008,0.0,-0.0006594575756311,0.0000000000000000,0.0114790919766153,0.0000000000000000,5.6580788761853364,3.0001359774767531,1.989330,1.041259,-3.0305896381092,4.0714088540672,0,1.7e-12
1.0012793219128542,0.0,-0.0006612159885763,0.0000000000000000,0.0114652307002690,0.0000000000000000,5.6590788761853368,3.0001359465070485,1.989337,1.052292,-3.0416297645642,4.0933645228373,0,8.0e-13
1.0012806126499243,0.0,-0.0006629788941260,0.0000000000000000,0.0114513037452419,0.0000000000000000,5.6600788761853371,3.0001359155573759,1.989346,1.063351,-3.0526962304399,4.1153718012065,0,6.1e-12
1.0012819136883264,0.0,-0.0006647463991569,0.0000000000000000,0.0114373098102511,0.0000000000000000,5.6610788761853366,3.0001358846277668,1.989355,1.074434,-3.0637891010456,4.1374308573664,0,3.0e-13
1.0012832252259858,0.0,-0.0006665186135113,0.0000000000000000,0.0114232475525734,0.0000000000000000,5.6620788761853369,3.0001358537182559,1.989365,1.085543,-3.0749084638565,4.1595418710741,0,9.9e-13
1.0012845474672158,0.0,-0.0006682956501314,0.0000000000000000,0.0114091155861712,0.0000000000000000,5.6630788761853363,3.0001358228288795,1.989377,1.096678,-3.0860543964436,4.1817050237640,0,3.7e-13
1.0012858806230092,0.0,-0.0006700776252007,0.0000000000000000,0.0113949124797108,0.0000000000000000,5.6640788761853367,3.0001357919596749,1.989389,1.107838,-3.0972269796530,4.2039205028854,0,2.1e-12
1.0012872249113485,0.0,-0.0006718646582944,0.0000000000000000,0.0113806367544604,0.0000000000000000,5.6650788761853370,3.0001357611106823,1.989403,1.119024,-3.1084262932927,4.2261885003966,0,4.4e-12
1.0012885805575285,0.0,-0.0006736568725396,0.0000000000000000,0.0113662868821021,0.0000000000000000,5.6660788761853365,3.0001357302819449,1.989417,1.130235,-3.1196524355755,4.2485092208973,0,9.8e-13
1.0012899477945156,0.0,-0.0006754543947800,0.0000000000000000,0.0113518612823060,0.0000000000000000,5.6670788761853368,3.0001356994735082,1.989433,1.141472,-3.1309054904708,4.2708828691825,0,7.4e-13
1.0012913268632961,0.0,-0.0006772573557656,0.0000000000000000,0.0113373583203334,0.0000000000000000,5.6680788761853371,3.0001356686854197,1.989450,1.152735,-3.1421856527762,4.2933097049020,0,1.6e-10
1.0012927180133282,0.0,-0.0006790658903023,0.0000000000000000,0.0113227763041180,0.0000000000000000,5.6690788761853366,3.0001356379177309,1.989468,1.164025,-3.1534927239775,4.3157898180590,0,2.2e-12
1.0012941215028481,0.0,-0.0006808801375312,0.0000000000000000,0.0113081134819019,0.0000000000000000,5.6700788761853369,3.0001356071704937,1.989487,1.175340,-3.1648271030747,4.3383235725094,0,1.9e-12
1.0012955375994312,0.0,-0.0006827002410632,0.0000000000000000,0.0112933680387337,0.0000000000000000,5.6710788761853363,3.0001355764437667,1.989508,1.186681,-3.1761887979811,4.3609111642757,0,1.1e-12
1.0012969665804032,0.0,-0.0006845263492480,0.0000000000000000,0.0112785380935242,0.0000000000000000,5.6720788761853367,3.0001355457376091,1.989529,1.198049,-3.1875779191682,4.3835528426560,0,7.9e-13
1.0012984087333616,0.0,-0.0006863586154077,0.0000000000000000,0.0112636216955503,0.0000000000000000,5.6730788761853370,3.0001355150520861,1.989552,1.209443,-3.1989945806278,4.4062488662306,0,1.6e-12
1.0012998643567157,0.0,-0.0006881971980950,0.0000000000000000,0.0112486168208007,0.0000000000000000,5.6740788761853365,3.0001354843872634,1.989576,1.220863,-3.2104389000440,4.4289995035557,0,3.1e-12
1.0013013337602623,0.0,-0.0006900422613700,0.0000000000000000,0.0112335213680685,0.0000000000000000,5.6750788761853368,3.0001354537432130,1.989601,1.232310,-3.2219110110066,4.4518050403870,0,3.7e-13
1.0013028172658032,0.0,-0.0006918939750950,0.0000000000000000,0.0112183331547713,0.0000000000000000,5.6760788761853371,3.0001354231200117,1.989628,1.243783,-3.2334110384708,4.4746657666026,0,5.7e-13
1.0013043152078063,0.0,-0.0006937525152502,0.0000000000000000,0.0112030499124767,0.0000000000000000,5.6770788761853366,3.0001353925177381,1.989655,1.255284,-3.2449391322022,4.4975819960914,0,2.0e-11
1.0013058279341236,0.0,-0.0006956180642654,0.0000000000000000,0.0111876692820565,0.0000000000000000,5.6780788761853369,3.0001353619364779,1.989684,1.266811,-3.2564954043683,4.5205540300359,0,3.7e-13
1.0013073558067282,0.0,-0.0006974908113940,0.0000000000000000,0.0111721888086489,0.0000000000000000,5.6790788761853364,3.0001353313763217,1.989715,1.278365,-3.2680800389283,4.5435822234817,0,4.6e-13
1.0013088992025576,0.0,-0.0006993709530881,0.0000000000000000,0.0111566059360071,0.0000000000000000,5.6800788761853367,3.0001353008373641,1.989746,1.289947,-3.2796931840598,4.5666669214286,0,4.4e-13
1.0013104585143784,0.0,-0.0007012586934211,0.0000000000000000,0.0111409180006113,0.0000000000000000,5.6810788761853370,3.0001352703197073,1.989779,1.301556,-3.2913350076573,4.5898084930102,0,1.7e-12
1.0013120341517348,0.0,-0.0007031542445364,0.0000000000000000,0.0111251222252531,0.0000000000000000,5.6820788761853365,3.0001352398234586,1.989814,1.313192,-3.3030056833372,4.6130073237304,0,5.6e-13
1.0013136265419715,0.0,-0.0007050578271253,0.0000000000000000,0.0111092157121264,0.0000000000000000,5.6830788761853368,3.0001352093487332,1.989850,1.324856,-3.3147054008045,4.6362638236054,0,1.9e-12
1.0013152361313353,0.0,-0.0007069696709505,0.0000000000000000,0.0110931954353594,0.0000000000000000,5.6840788761853371,3.0001351788956510,1.989887,1.336548,-3.3264343523036,4.6595784186445,0,1.1e-12
1.0013168633861624,0.0,-0.0007088900154067,0.0000000000000000,0.0110770582329838,0.0000000000000000,5.6850788761853366,3.0001351484643424,1.989925,1.348268,-3.3381927468213,4.6829515620441,0,5.2e-13
1.0013185087941494,0.0,-0.0007108191101442,0.0000000000000000,0.0110608007982780,0.0000000000000000,5.6860788761853369,3.0001351180549451,1.989965,1.360016,-3.3499808305503,4.7063837508696,0,7.3e-11
1.0013201728658629,0.0,-0.0007127572156310,0.0000000000000000,0.0110444196698638,0.0000000000000000,5.6870788761853364,3.0001350876676054,1.990007,1.371792,-3.3617987561049,4.7298754298530,0,4.9e-13
1.0013218561360320,0.0,-0.0007147046040551,0.0000000000000000,0.0110279112223474,0.0000000000000000,5.6880788761853367,3.0001350573024781,1.990050,1.383597,-3.3736468515559,4.7534271935326,0,1.0e-12
1.0013235591654228,0.0,-0.0007166615599051,0.0000000000000000,0.0110112716542540,0.0000000000000000,5.6890788761853370,3.0001350269597320,1.990094,1.395431,-3.3855253505192,4.7770395863043,0,2.7e-13
1.0013252825425238,0.0,-0.0007186283809060,0.0000000000000000,0.0109944969763335,0.0000000000000000,5.6900788761853365,3.0001349966395434,1.990140,1.407295,-3.3974345327976,4.8007132093067,0,2.5e-12
1.0013270268855325,0.0,-0.0007206053789139,0.0000000000000000,0.0109775829981857,0.0000000000000000,5.6910788761853368,3.0001349663421037,1.990187,1.419187,-3.4093747014651,4.8244487059954,0,2.5e-12
1.0013287928444934,0.0,-0.0007225928809124,0.0000000000000000,0.0109605253138130,0.0000000000000000,5.6920788761853371,3.0001349360676146,1.990236,1.431110,-3.4213461676430,4.8482467509656,0,4.6e-13
1.0013305811036464,0.0,-0.0007245912301049,0.0000000000000000,0.0109433192857409,0.0000000000000000,5.6930788761853366,3.0001349058162941,1.990287,1.443062,-3.4333492765260,4.8721080744155,0,7.8e-13
1.0013323923840018,0.0,-0.0007266007871052,0.0000000000000000,0.0109259600276292,0.0000000000000000,5.6940788761853369,3.0001348755883770,1.990339,1.455045,-3.4453843918083,4.8960334514606,0,4.9e-13
1.0013342274461665,0.0,-0.0007286219312474,0.0000000000000000,0.0109084423851744,0.0000000000000000,5.6950788761853364,3.0001348453841126,1.990393,1.467059,-3.4574519056786,4.9200237134530,0,1.6e-13
1.0013360870934593,0.0,-0.0007306550620235,0.0000000000000000,0.0108907609150672,0.0000000000000000,5.6960788761853367,3.0001348152037695,1.990449,1.479104,-3.4695522395635,4.9440797518460,0,4.8e-13
1.0013379721753484,0.0,-0.0007327006006671,0.0000000000000000,0.0108729098617817,0.0000000000000000,5.6970788761853370,3.0001347850476381,1.990506,1.491180,-3.4816858500823,4.9682025270982,0,3.8e-12
1.0013398835912501,0.0,-0.0007347589919031,0.0000000000000000,0.0108548831319219,0.0000000000000000,5.6980788761853365,3.0001347549160320,1.990565,1.503289,-3.4938532200117,4.9923930634440,0,2.3e-12
1.0013418222947481,0.0,-0.0007368307058784,0.0000000000000000,0.0108366742657502,0.0000000000000000,5.6990788761853368,3.0001347248092864,1.990625,1.515430,-3.5060548906420,5.0166524849971,0,3.6e-12
1.0013437892982724,0.0,-0.0007389162403075,0.0000000000000000,0.0108182764056076,0.0000000000000000,5.7000788761853372,3.0001346947277661,1.990688,1.527604,-3.5182914263938,5.0409819848130,0,1.1e-13
1.0013457856783192,0.0,-0.0007410161228565,0.0000000000000000,0.0107996822606889,0.0000000000000000,5.7010788761853366,3.0001346646718661,1.990752,1.539812,-3.5305634579840,5.0653828737827,0,6.7e-13
1.0013478125812816,0.0,-0.0007431309137963,0.0000000000000000,0.0107808840677321,0.0000000000000000,5.7020788761853369,3.0001346346420150,1.990818,1.552054,-3.5428716646055,5.0898565682239,0,3.1e-13
1.0013498712299769,0.0,-0.0007452612089725,0.0000000000000000,0.0107618735469824,0.0000000000000000,5.7030788761853364,3.0001346046386770,1.990885,1.564332,-3.5552167870869,5.1144046097676,0,6.7e-13
1.0013519629309877,0.0,-0.0007474076431304,0.0000000000000000,0.0107426418527195,0.0000000000000000,5.7040788761853367,3.0001345746623609,1.990955,1.576645,-3.5675996405510,5.1390286866254,0,2.9e-12
1.0013540890829342,0.0,-0.0007495708936526,0.0000000000000000,0.0107231795175079,0.0000000000000000,5.7050788761853362,3.0001345447136192,1.991026,1.588995,-3.5800211112616,5.1637306378237,0,5.1e-13
1.0013562511858216,0.0,-0.0007517516847769,0.0000000000000000,0.0107034763892102,0.0000000000000000,5.7060788761853365,3.0001345147930585,1.991099,1.601383,-3.5924821829093,5.1885124920005,0,4.5e-13
1.0013584508516638,0.0,-0.0007539507923645,0.0000000000000000,0.0106835215594561,0.0000000000000000,5.7070788761853368,3.0001344849013423,1.991174,1.613810,-3.6049839367167,5.2133764783289,0,4.0e-13
1.0013606898165688,0.0,-0.0007561690493175,0.0000000000000000,0.0106633032822692,0.0000000000000000,5.7080788761853363,3.0001344550392024,1.991250,1.626277,-3.6175275698976,5.2383250595975,0,1.6e-12
1.0013629699545670,0.0,-0.0007584073517550,0.0000000000000000,0.0106428088810051,0.0000000000000000,5.7090788761853366,3.0001344252074453,1.991329,1.638786,-3.6301144096863,5.2633609624862,0,1.2e-12
1.0013652932934911,0.0,-0.0007606666660734,0.0000000000000000,0.0106220246415430,0.0000000000000000,5.7100788761853369,3.0001343954069624,1.991409,1.651337,-3.6427459368177,5.2884872216246,0,2.1e-13
1.0013676620332870,0.0,-0.0007629480370742,0.0000000000000000,0.0106009356891404,0.0000000000000000,5.7110788761853364,3.0001343656387442,1.991491,1.663933,-3.6554238072704,5.3137072245514,0,4.3e-13
1.0013700785672384,0.0,-0.0007652525973344,0.0000000000000000,0.0105795258457934,0.0000000000000000,5.7120788761853367,3.0001343359038941,1.991575,1.676575,-3.6681498783303,5.3390247653177,0,4.2e-13
1.0013725455066880,0.0,-0.0007675815780875,0.0000000000000000,0.0105577774641627,0.0000000000000000,5.7130788761853362,3.0001343062036447,1.991660,1.689267,-3.6809262430093,5.3644441125898,0,7.7e-13
1.0013750657099911,0.0,-0.0007699363219082,0.0000000000000000,0.0105356712331772,0.0000000000000000,5.7140788761853365,3.0001342765393813,1.991746,1.702009,-3.6937552722243,5.3899700931699,0,9.5e-13
1.0013776423166187,0.0,-0.0007723182975924,0.0000000000000000,0.0105131859491757,0.0000000000000000,5.7150788761853368,3.0001342469126642,1.991834,1.714806,-3.7066396597584,5.4156081849063,0,3.9e-12
1.0013802787875909,0.0,-0.0007747291177057,0.0000000000000000,0.0104902982447533,0.0000000000000000,5.7160788761853363,3.0001342173252628,1.991923,1.727659,-3.7195824904057,5.4413646483712,0,3.9e-13
1.0013829789537265,0.0,-0.0007771705594393,0.0000000000000000,0.0104669822653667,0.0000000000000000,5.7170788761853366,3.0001341877791892,1.992013,1.740574,-3.7325873016986,5.4672466584505,0,9.7e-13
1.0013857470736665,0.0,-0.0007796445895304,0.0000000000000000,0.0104432092807343,0.0000000000000000,5.7180788761853369,3.0001341582767500,1.992103,1.753555,-3.7456581882057,5.4932625063483,0,9.2e-13
1.0013885879041908,0.0,-0.0007821533943115,0.0000000000000000,0.0104189472142288,0.0000000000000000,5.7190788761853364,3.0001341288206018,1.992193,1.766606,-3.7587999144958,5.5194218284388,0,1.3e-12
1.0013915067862043,0.0,-0.0007846994162160,0.0000000000000000,0.0103941600678746,0.0000000000000000,5.7200788761853367,3.0001340994138244,1.992283,1.779735,-3.7720180625100,5.5457359021675,0,1.2e-12
1.0013945097508836,0.0,-0.0007872853985496,0.0000000000000000,0.0103688072131480,0.0000000000000000,5.7210788761853362,3.0001340700600174,1.992371,1.792948,-3.7853192233321,5.5722180298074,0,8.6e-13
1.0013976036521171,0.0,-0.0007899144409489,0.0000000000000000,0.0103428425069435,0.0000000000000000,5.7220788761853365,3.0001340407634225,1.992456,1.806255,-3.7987112476834,5.5988840392082,0,1.9e-12
1.0014007963336957,0.0,-0.0007925900688438,0.0000000000000000,0.0103162131767298,0.0000000000000000,5.7230788761853368,3.0001340115290795,1.992537,1.819666,-3.8122035707252,5.6257529358803,0,2.3e-12
1.0014040968431661,0.0,-0.0007953163215417,0.0000000000000000,0.0102888583962079,0.0000000000000000,5.7240788761853363,3.0001339823630393,1.992611,1.833196,-3.8258076532020,5.6528477853717,0,2.3e-13
1.0014075157093738,0.0,-0.0007980978654902,0.0000000000000000,0.0102607074390321,0.0000000000000000,5.7250788761853366,3.0001339532726532,1.992675,1.846863,-3.8395375761120,5.6801969050612,0,2.5e-13
1.0014110653087283,0.0,-0.0008009401421813,0.0000000000000000,0.0102316772457379,0.0000000000000000,5.7260788761853370,3.0001339242669625,1.992723,1.860688,-3.8534108754546,5.7078355332329,0,1.7e-13
1.0014147603577028,0.0,-0.0008038495647635,0.0000000000000000,0.0102016691570838,0.0000000000000000,5.7270788761853364,3.0001338953572572,1.992747,1.874702,-3.8674497145650,5.7358081772115,0,4.8e-13
1.0014186185896066,0.0,-0.0008068337847520,0.0000000000000000,0.0101705644328256,0.0000000000000000,5.7280788761853367,3.0001338665578698,1.992735,1.888948,-3.8816825927864,5.7641720329016,0,2.8e-13
1.0014226617082633,0.0,-0.0008099020624539,0.0000000000000000,0.0101382179490152,0.0000000000000000,5.7290788761853362,3.0001338378873674,1.992661,1.903486,-3.8961469003848,5.7930020970935,0,5.6e-13
1.0014269167723189,0.0,-0.0008130657958694,0.0000000000000000,0.0101044490691046,0.0000000000000000,5.7300788761853365,3.0001338093703556,1.992483,1.918410,-3.9108928599405,5.8223990548640,0,6.4e-14
1.0014291341951040,0.0,-0.0008146877894530,0.0000000000000000,0.0100869618389691,0.0000000000000000,5.7305788761853362,3.0001337951794307,1.992327,1.926065,-3.9183921451523,5.8373515735550,0,1.7e-12
1.0014314182769759,0.0,-0.0008163393011988,0.0000000000000000,0.0100690279494373,0.0000000000000000,5.7310788761853368,3.0001337810403816,1.992101,1.933889,-3.9259898600191,5.8525019521856,0,1.8e-12
1.0014337750246569,0.0,-0.0008180227721887,0.0000000000000000,0.0100506074856258,0.0000000000000000,5.7315788761853366,3.0001337669595838,1.991764,1.941935,-3.9336994095429,5.8678770399820,0,4.7e-13
1.0014362114224182,0.0,-0.0008197410117856,0.0000000000000000,0.0100316540985341,0.0000000000000000,5.7320788761853363,3.0001337529447532,1.991243,1.950295,-3.9415371292227,5.8835095503335,0,2.2e-13
1.0014387356739904,0.0,-0.0008214972827499,0.0000000000000000,0.0100121134264334,0.0000000000000000,5.7325788761853369,3.0001337390053435,1.990366,1.959158,-3.9495231795172,5.8994398491538,0,1.7e-12
1.0014413575283303,0.0,-0.0008232954140801,0.0000000000000000,0.0099919209731440,0.0000000000000000,5.7330788761853366,3.0001337251531024,1.988579,1.969104,-3.9576827872559,5.9157184393539,0,6.5e-13
1.0014440887281240,0.0,-0.0008251399537404,0.0000000000000000,0.0099709991930084,0.0000000000000000,5.7335788761853363,3.0001337114028614,2.020963,1.945085,-3.9660480405552,5.9324095502742,0,3.7e-13
1.0014469436433862,0.0,-0.0008270363804009,0.0000000000000000,0.0099492533821532,0.0000000000000000,5.7340788761853361,3.0001336977737059,2.075457,1.899203,-3.9746605265365,5.9495964144908,0,1.6e-12
1.0014499401940966,0.0,-0.0008289914054698,0.0000000000000000,0.0099265657100473,0.0000000000000000,5.7345788761853367,3.0001336842907378,2.111596,1.871980,-3.9835753547420,5.9673893151622,0,3.7e-13
1.0014531012434242,0.0,-0.0008310134188646,0.0000000000000000,0.0099027862308739,0.0000000000000000,5.7350788761853364,3.0001336709878621,2.142270,1.850598,-3.9928675145165,5.9859383023602,0,7.0e-13
1.0014564567966844,0.0,-0.0008331131749569,0.0000000000000000,0.0098777187376686,0.0000000000000000,5.7355788761853361,3.0001336579123756,2.170443,1.832199,-4.0026424131629,6.0054542703501,0,2.7e-13
1.0014600476689701,0.0,-0.0008353049047053,0.0000000000000000,0.0098510972431211,0.0000000000000000,5.7360788761853367,3.0001336451329781,2.197561,1.815494,-4.0130543448758,6.0262458973208,0,8.8e-13
1.0014639320516816,0.0,-0.0008376082446221,0.0000000000000000,0.0098225440162168,0.0000000000000000,5.7365788761853365,3.0001336327548169,2.018609,2.005732,-4.0243413104421,6.0487892871136,0,1.1e-12
1.0014681984377838,0.0,-0.0008400519003007,0.0000000000000000,0.0097914872956928,0.0000000000000000,5.7370788761853362,3.0001336209505864,2.034648,2.002249,-4.0368973395266,6.0738726155927,0,7.2e-13
1.0014729947154448,0.0,-0.0008426815648743,0.0000000000000000,0.0097569768381541,0.0000000000000000,5.7375788761853368,3.0001336100342084,2.050430,2.001014,-4.0514445707529,6.1029402913536,0,5.4e-13
1.0014786088090897,0.0,-0.0008455808679877,0.0000000000000000,0.0097171750001571,0.0000000000000000,5.7380788761853365,3.0001336006762500,2.069156,2.000382,-4.0695387162575,6.1391038728137,0,1.2e-12
1.0014798783513281,0.0,-0.0008462064636538,0.0000000000000000,0.0097082712850386,0.0000000000000000,5.7381788761853363,3.0001335991130125,2.073571,2.000296,-4.0738664072919,6.1477545707798,0,2.0e-12
1.0014812156386910,0.0,-0.0008468522720739,0.0000000000000000,0.0096989340687847,0.0000000000000000,5.7382788761853369,3.0001335977020549,2.078327,2.000219,-4.0785464145941,6.1571099868037,0,7.6e-13
1.0014826340825411,0.0,-0.0008475217179233,0.0000000000000000,0.0096890788533652,0.0000000000000000,5.7383788761853367,3.0001335964798708,2.083513,2.000151,-4.0836645383376,6.1673417193183,0,5.0e-12
1.0014841524024698,0.0,-0.0008482194873387,0.0000000000000000,0.0096785879160839,0.0000000000000000,5.7384788761853365,3.0001335954984469,2.089251,2.000092,-4.0893432239877,6.1786946554215,0,4.0e-13
1.0014857981755800,0.0,-0.0008489523414360,0.0000000000000000,0.0096672881642502,0.0000000000000000,5.7385788761853362,3.0001335948359618,2.095727,2.000040,-4.0957669156674,6.1915376753589,0,8.0e-13
1.0014876151974752,0.0,-0.0008497307856050,0.0000000000000000,0.0096549052488572,0.0000000000000000,5.7386788761853369,3.0001335946191618,2.103240,1.999996,-4.1032351898824,6.2064699170014,0,3.4e-13
1.0014896813159688,0.0,-0.0008505730698964,0.0000000000000000,0.0096409524963980,0.0000000000000000,5.7387788761853367,3.0001335950780716,2.112335,2.000000,-4.1122927147554,6.2245806842561,0,2.6e-12
1.0014921640951306,0.0,-0.0008515175344138,0.0000000000000000,0.0096243845613898,0.0000000000000000,5.7388788761853364,3.0001335967183222,2.124212,1.999927,-4.1241390271273,6.2482689709118,0,2.1e-12
1.0014956188434394,0.0,-0.0008526878639673,0.0000000000000000,0.0096017450216925,0.0000000000000000,5.7389788761853362,3.0001336012531694,2.142943,1.999904,-4.1428470268810,6.2856802743905,0,1.1e-12
1.0014960957624339,0.0,-0.0008528344089214,0.0000000000000000,0.0095986623721542,0.0000000000000000,5.7389888761853358,3.0001336021095817,2.145774,1.999902,-4.1456753491761,6.2913363841536,0,1.0e-12
1.0014966270383290,0.0,-0.0008529929329768,0.0000000000000000,0.0095952416851816,0.0000000000000000,5.7389988761853363,3.0001336031351200,2.149006,1.999900,-4.1489061210597,6.2977973629164,0,7.9e-13
1.0014972388812409,0.0,-0.0008531690982704,0.0000000000000000,0.0095913202285670,0.0000000000000000,5.7390088761853360,3.0001336044126008,2.152838,1.999899,-4.1527366894078,6.3054578882572,0,7.3e-13
1.0014979895255325,0.0,-0.0008533754540363,0.0000000000000000,0.0095865365113349,0.0000000000000000,5.7390188761853365,3.0001336061263739,2.157709,1.999897,-4.1576064323787,6.3151966801054,0,3.5e-12
1.0014990900004273,0.0,-0.0008536573529874,0.0000000000000000,0.0095795808503563,0.0000000000000000,5.7390288761853361,3.0001336089458417,2.165215,1.999897,-4.1651111743975,6.3302052553494,0,1.7e-12
