x0,y0,z0,xd0,yd0,zd0,Tp,JC,stabilityIndex1,stabilityIndex2,alpha,beta,impactFlag,error
0.9972595817074850,0.0,0.0037244985517390,-0.0000089139142520,0.0035319865395290,-0.0000466647560980,9.9024956821422556,3.0000774775784285,2249.169151,1.999864,-2251.1690152363217,4500.0327012320049,1,9.3e-11
0.9972596913507006,0.0,0.0037244235227334,-0.0000148555049311,0.0035313885413689,-0.0000777712135020,9.9024906821422558,3.0000774787785049,2249.700253,1.999623,-2251.6998756631469,4500.5525697413832,1,4.1e-11
0.9972598011197207,0.0,0.0037243483717375,-0.0000190282229402,0.0035307898254456,-0.0000996186440613,9.9024856821422560,3.0000774799801180,2250.231363,1.999391,-2252.2307529989625,4501.0911221164279,1,1.1e-07
0.9972599106182826,0.0,0.0037242731630610,-0.0000224345590881,0.0035301925943409,-0.0001174548360886,9.9024806821422562,3.0000774811774629,2250.762494,1.999142,-2252.7616363603834,4501.5947866775095,1,1.5e-11
0.9972600202431008,0.0,0.0037241978330054,-0.0000253910271489,0.0035295946426932,-0.0001329366197658,9.9024756821422564,3.0000774823763563,2251.293631,1.998903,-2253.2925339652766,4502.1173093211837,1,1.1e-09
0.9972601298610303,0.0,0.0037241224028579,-0.0000280384339483,0.0035289967106079,-0.0001468010430312,9.9024706821422548,3.0000774835748465,2251.824791,1.998664,-2253.8234548974597,4502.6404219018295,1,4.5e-10
0.9972602394696125,0.0,0.0037240468723009,-0.0000304574575328,0.0035283988118020,-0.0001594704030815,9.9024656821422550,3.0000774847728926,2252.355837,1.998426,-2254.3542625530536,4503.1664043376222,1,1.4e-08
0.9972603490775014,0.0,0.0037239712416550,-0.0000326989006077,0.0035278008978775,-0.0001712106122936,9.9024606821422552,3.0000774859706341,2252.886662,1.998191,-2254.8848536635196,4503.6985881668516,1,6.5e-08
0.9972604586764839,0.0,0.0037238955103079,-0.0000347970296438,0.0035272030147038,-0.0001822010254093,9.9024556821422554,3.0000774871679394,2253.418341,1.997949,-2255.4162902591324,4504.2149852383882,1,3.9e-11
0.9972605682688128,0.0,0.0037238196784348,-0.0000367763984396,0.0035266051496369,-0.0001925701565420,9.9024506821422555,3.0000774883648447,2253.949542,1.997712,-2255.9472537429510,4504.7416826426052,1,1.1e-09
0.9972606778548596,0.0,0.0037237437458449,-0.0000386552590354,0.0035260073005750,-0.0002024135345341,9.9024456821422557,3.0000774895613547,2254.480773,1.997475,-2256.4782475510583,4505.2688994263299,1,3.5e-11
0.9972607874345160,0.0,0.0037236677124754,-0.0000404476193072,0.0035254094680798,-0.0002118044732116,9.9024406821422559,3.0000774907574685,2255.012008,1.997239,-2257.0092463855126,4505.7971154823899,1,2.7e-11
0.9972608970077453,0.0,0.0037235915782231,-0.0000421645118938,0.0035248116523177,-0.0002208007135123,9.9024356821422561,3.0000774919531858,2255.543253,1.997003,-2257.5402553500003,4506.3262235037982,1,3.9e-10
0.9972610065747373,0.0,0.0037235153429566,-0.0000438148113852,0.0035242138521962,-0.0002294487009396,9.9024306821422563,3.0000774931485088,2256.074516,1.996767,-2258.0712835951090,4506.8560661873780,1,1.0e-10
0.9972611161356019,0.0,0.0037234390065583,-0.0000454057807821,0.0035236160670646,-0.0002377864459111,9.9024256821422565,3.0000774943434392,2256.605738,1.996533,-2258.6022710065795,4507.3878347752616,1,7.5e-09
0.9972612256900036,0.0,0.0037233625689735,-0.0000469434503493,0.0035230182987517,-0.0002458455067646,9.9024206821422549,3.0000774955379721,2257.137005,1.996299,-2259.1333042354545,4507.9197839768603,1,1.0e-08
0.9972613352383161,0.0,0.0037232860300406,-0.0000484329003028,0.0035224205451412,-0.0002536524694122,9.9024156821422551,3.0000774967321129,2257.668231,1.996066,-2259.6642964947732,4508.4536636597477,1,2.1e-08
0.9972614447803108,0.0,0.0037232093897019,-0.0000498784488626,0.0035218228074647,-0.0002612299316306,9.9024106821422553,3.0000774979258589,2258.199699,1.995831,-2260.1955291446006,4508.9839211995713,1,5.4e-11
0.9972615543161525,0.0,0.0037231326478222,-0.0000512838104160,0.0035212250847677,-0.0002685973309030,9.9024056821422555,3.0000774991192118,2258.730999,1.995598,-2260.7265970739422,4509.5185199426487,1,3.8e-09
0.9972616638458147,0.0,0.0037230558043028,-0.0000526522030192,0.0035206273771596,-0.0002757715070926,9.9024006821422557,3.0000775003121709,2259.262306,1.995366,-2261.2576716297322,4510.0540970172733,1,8.6e-09
0.9972617733693998,0.0,0.0037229788590242,-0.0000539864388777,0.0035200296840324,-0.0002827671760095,9.9023956821422559,3.0000775015047383,2259.793723,1.995133,-2261.7888557103165,4510.5886416560970,1,3.8e-10
0.9972618828869532,0.0,0.0037229018118718,-0.0000552889916364,0.0035194320050954,-0.0002895972816055,9.9023906821422560,3.0000775026969140,2260.325035,1.994902,-2262.3199371842597,4511.1263248524629,1,8.3e-09
0.9972619923981755,0.0,0.0037228246628027,-0.0000565620482163,0.0035188343419740,-0.0002962732672781,9.9023856821422562,3.0000775038886949,2260.856453,1.994670,-2262.8511228795492,4511.6630378295667,1,3.6e-09
0.9972621019099095,0.0,0.0037227474093872,-0.0000578076142288,0.0035182366563458,-0.0003028056297109,9.9023806821422564,3.0000775050801720,2261.388134,1.994437,-2263.3825707213141,4512.1965809161775,1,3.0e-08
0.9972622114946555,0.0,0.0037226700294483,-0.0000590279909191,0.0035176385468616,-0.0003092064101492,9.9023756821422548,3.0000775062723446,2261.920177,1.994206,-2263.9143828234592,4512.7341680787504,1,4.6e-08
0.9972623208959099,0.0,0.0037225926026583,-0.0000602227497959,0.0035170414356962,-0.0003154733532306,9.9023706821422550,3.0000775074616901,2262.450326,1.993983,-2264.4443088752892,4513.2872091010213,1,5.3e-08
0.9972624303830004,0.0,0.0037225150446571,-0.0000613954097718,0.0035164438288183,-0.0003216248888951,9.9023656821422552,3.0000775086519051,2262.982151,1.993750,-2264.9759007825082,4513.8203827175312,1,4.5e-11
0.9972625398642507,0.0,0.0037224373841180,-0.0000625465376828,0.0035158462348345,-0.0003276639762380,9.9023606821422554,3.0000775098417312,2263.513592,1.993521,-2265.5071130081574,4514.3621620438062,1,1.6e-09
0.9972626493996576,0.0,0.0037223596024660,-0.0000636777335766,0.0035152483208467,-0.0003335989923601,9.9023556821422556,3.0000775110319911,2264.045003,1.993297,-2266.0383001300324,4514.9133822256699,1,6.0e-08
0.9972627588588857,0.0,0.0037222817409129,-0.0000647891096676,0.0035146508096616,-0.0003394305120843,9.9023506821422558,3.0000775122209062,2264.576886,1.993064,-2266.5699499830507,4515.4475407577120,1,3.2e-09
0.9972628683077774,0.0,0.0037222037751210,-0.0000658821575063,0.0035140533367053,-0.0003451663468982,9.9023456821422560,3.0000775134093507,2265.108054,1.992839,-2267.1008933423004,4515.9959614262916,1,2.9e-08
0.9972629777296594,0.0,0.0037221257148059,-0.0000669576265226,0.0035134559936549,-0.0003508104144135,9.9023406821422562,3.0000775145971295,2265.639550,1.992610,-2267.6321598592044,4516.5365098263137,1,5.4e-10
0.9972630871812233,0.0,0.0037220475401444,-0.0000680167491957,0.0035128584662418,-0.0003563691687834,9.9023356821422563,3.0000775157850037,2266.170809,1.992386,-2268.1631949673651,4517.0873529766686,1,3.7e-08
0.9972631966630987,0.0,0.0037219692510402,-0.0000690602798902,0.0035122607509108,-0.0003618465568500,9.9023306821422548,3.0000775169729850,2266.702865,1.992157,-2268.6950218453339,4517.6284225829877,1,4.0e-09
0.9972633061491553,0.0,0.0037218908542149,-0.0000700887533098,0.0035116629925934,-0.0003672453717168,9.9023256821422549,3.0000775181607091,2267.234249,1.991936,-2269.2261842685257,4518.1848385776393,1,5.7e-08
0.9972634155012154,0.0,0.0037218123966862,-0.0000711019023426,0.0035110659578953,-0.0003725642079594,9.9023206821422551,3.0000775193462994,2267.765727,1.991707,-2269.7574341936811,4518.7242687367834,1,3.3e-10
0.9972635249264593,0.0,0.0037217337992659,-0.0000721017914156,0.0035104684983038,-0.0003778138832754,9.9023156821422553,3.0000775205325083,2268.296679,1.991487,-2270.2881664727024,4519.2843054872938,1,7.9e-08
0.9972636342992026,0.0,0.0037216551170105,-0.0000730880686684,0.0035098713111392,-0.0003829925452491,9.9023106821422555,3.0000775217177047,2268.826644,1.991276,-2270.8179193799788,4519.8592045628466,1,2.6e-07
0.9972637439191557,0.0,0.0037215762780707,-0.0000740629936657,0.0035092727267247,-0.0003881120268544,9.9023056821422557,3.0000775229061838,2269.360991,1.991038,-2271.3520285410959,4520.3840282508172,1,6.2e-08
0.9972638532257910,0.0,0.0037214974133180,-0.0000750238630852,0.0035086758643305,-0.0003931581620876,9.9023006821422559,3.0000775240899160,2269.892499,1.990810,-2271.8833087185540,4520.9244683273137,1,9.1e-09
0.9972639625857889,0.0,0.0037214184196429,-0.0000759733534338,0.0035080786864984,-0.0003981449714876,9.9022956821422561,3.0000775252740315,2270.423770,1.990588,-2272.4143574105478,4521.4776646681130,1,2.4e-10
0.9972640719796306,0.0,0.0037213393109025,-0.0000769117205856,0.0035074813006082,-0.0004030737946527,9.9022906821422563,3.0000775264583077,2270.954375,1.990375,-2272.9447495825902,4522.0503222388215,1,1.4e-07
0.9972641813566001,0.0,0.0037212601013886,-0.0000778390756407,0.0035068839882179,-0.0004079452053656,9.9022856821422565,3.0000775276420484,2271.486830,1.990144,-2273.4769742503581,4522.5863129370846,1,1.3e-08
0.9972642907914337,0.0,0.0037211807756570,-0.0000787561949583,0.0035062863337728,-0.0004127632707479,9.9022806821422549,3.0000775288263255,2272.018819,1.989923,-2274.0087415802577,4523.1414667512290,1,1.2e-08
0.9972644001759586,0.0,0.0037211013581614,-0.0000796628653812,0.0035056889383319,-0.0004175268690594,9.9022756821422551,3.0000775300095941,2272.550436,1.989702,-2274.5401387707952,4523.6990715367720,1,2.5e-08
0.9972645095364464,0.0,0.0037210218381579,-0.0000805596039012,0.0035050916564185,-0.0004222387084219,9.9022706821422553,3.0000775311921988,2273.082362,1.989479,-2275.0718406052288,4524.2490492155775,1,2.0e-08
0.9972646189289138,0.0,0.0037209422022504,-0.0000814470291450,0.0035044941769368,-0.0004269020278905,9.9022656821422554,3.0000775323749349,2273.613922,1.989261,-2275.6031830490824,4524.8122577038594,1,2.1e-08
0.9972647282905592,0.0,0.0037208624708220,-0.0000823250877374,0.0035038968477472,-0.0004315165423085,9.9022606821422556,3.0000775335569503,2274.145771,1.989040,-2276.1348110835888,4525.3676773579791,1,1.6e-09
0.9972648376277768,0.0,0.0037207826399804,-0.0000831941220775,0.0035032996342707,-0.0004360840450428,9.9022556821422558,3.0000775347383142,2274.677393,1.988821,-2276.6662135800775,4525.9262056541629,1,1.3e-10
0.9972649470346959,0.0,0.0037207026840863,-0.0000840549028333,0.0035027020128778,-0.0004406085741413,9.9022506821422560,3.0000775359203509,2275.209276,1.988604,-2277.1978805694180,4526.4908422809094,1,3.1e-08
0.9972650562617768,0.0,0.0037206226524095,-0.0000849064984957,0.0035021053719494,-0.0004450852431605,9.9022456821422562,3.0000775370994393,2275.740400,1.988384,-2277.7287842934102,4527.0465457229875,1,5.9e-09
0.9972651657012961,0.0,0.0037205424877035,-0.0000857509079211,0.0035015075272261,-0.0004495245222284,9.9022406821422564,3.0000775382814067,2276.272722,1.988168,-2278.2608893209754,4527.6117531834170,1,2.5e-08
0.9972652750165150,0.0,0.0037204622348995,-0.0000865868977027,0.0035009103539380,-0.0004539199492136,9.9022356821422548,3.0000775394612242,2276.804558,1.987949,-2278.7925065244758,4528.1703531062230,1,1.3e-10
0.9972653844810864,0.0,0.0037203818321040,-0.0000874160102150,0.0035003123300865,-0.0004582796081539,9.9022306821422550,3.0000775406428173,2277.337336,1.987730,-2279.3250661656089,4528.7322106799111,1,1.8e-08
0.9972654936784117,0.0,0.0037203014003676,-0.0000882363305340,0.0034997157707966,-0.0004625934505308,9.9022256821422552,3.0000775418203789,2277.868199,1.987515,-2279.8557138935867,4529.2980097932741,1,4.6e-09
0.9972656029772066,0.0,0.0037202208250762,-0.0000890499908931,0.0034991186269874,-0.0004668726592048,9.9022206821422554,3.0000775429990068,2278.399945,1.987299,-2280.3872436513534,4529.8611400048248,1,5.5e-09
0.9972657123189438,0.0,0.0037201401432527,-0.0000898567728239,0.0034985212236618,-0.0004711160830346,9.9022156821422556,3.0000775441780037,2278.931961,1.987083,-2280.9190440491275,4530.4277684651315,1,4.2e-10
0.9972658216532021,0.0,0.0037200593475311,-0.0000906567288500,0.0034979238415041,-0.0004753239981341,9.9022106821422557,3.0000775453565347,2279.464055,1.986867,-2281.4509221337844,4530.9929417581297,1,9.6e-09
0.9972659310547095,0.0,0.0037199784313009,-0.0000914503227205,0.0034973260648502,-0.0004794988315256,9.9022056821422559,3.0000775465357323,2279.994693,1.986671,-2281.9813634099105,4531.5981644322164,1,2.5e-07
0.9972660402743904,0.0,0.0037198974525881,-0.0000922365882641,0.0034967292770288,-0.0004836355130725,9.9022006821422561,3.0000775477120514,2280.527748,1.986440,-2282.5141884371933,4532.1325609767810,1,2.0e-08
0.9972661494412399,0.0,0.0037198163750070,-0.0000930163245523,0.0034961327646682,-0.0004877382374561,9.9021956821422563,3.0000775488872637,2281.058419,1.986231,-2283.0446500754088,4532.7082971693017,1,8.0e-08
0.9972662588396154,0.0,0.0037197351408820,-0.0000937909171907,0.0034955349401451,-0.0004918142576551,9.9021906821422547,3.0000775500655408,2281.591629,1.986012,-2283.5776408368774,4533.2681480529718,1,4.1e-10
0.9972663681378521,0.0,0.0037196538204608,-0.0000945590615038,0.0034949376535428,-0.0004958567397505,9.9021856821422549,3.0000775512420517,2282.123487,1.985801,-2284.1092873590528,4533.8425781372935,1,2.7e-08
0.9972664773677210,0.0,0.0037195724059821,-0.0000953210546746,0.0034943407258755,-0.0004998672370701,9.9021806821422551,3.0000775524172667,2282.655525,1.985585,-2284.6411100328387,4534.4055268308148,1,2.9e-08
0.9972665867850264,0.0,0.0037194908531216,-0.0000960780771814,0.0034937427337277,-0.0005038519380434,9.9021756821422553,3.0000775535949411,2283.188829,1.985369,-2285.1741980663501,4534.9728103745729,1,7.5e-08
0.9972666959485866,0.0,0.0037194092284623,-0.0000968285244670,0.0034931461338679,-0.0005078024271123,9.9021706821422555,3.0000775547685299,2283.719412,1.985164,-2285.7045761440882,4535.5579550992697,1,2.0e-08
0.9972668052072381,0.0,0.0037193274866716,-0.0000975738616876,0.0034925489826838,-0.0005117263847087,9.9021656821422557,3.0000775559432578,2284.251541,1.984952,-2286.2364929910509,4536.1289580841549,1,7.4e-11
0.9972669144678120,0.0,0.0037192456342018,-0.0000983138842129,0.0034919517998300,-0.0005156227379541,9.9021606821422559,3.0000775571176947,2284.783581,1.984741,-2286.7683224670905,4536.7036677086726,1,4.3e-10
0.9972670237393406,0.0,0.0037191636688261,-0.0000990487493201,0.0034913545350056,-0.0005194923101341,9.9021556821422561,3.0000775582919674,2285.315677,1.984531,-2287.3002085775797,4537.2805022899993,1,9.1e-09
0.9972671329851366,0.0,0.0037190816004258,-0.0000997784109254,0.0034907573921044,-0.0005233348567946,9.9021506821422562,3.0000775594655629,2285.847666,1.984322,-2287.8319875396410,4537.8576193796471,1,1.5e-08
0.9972672422187949,0.0,0.0037189994316409,-0.0001005030106363,0.0034901602948380,-0.0005271511184818,9.9021456821422564,3.0000775606387111,2286.379726,1.984112,-2288.3638382990657,4538.4339115694165,1,1.0e-08
0.9972673514531040,0.0,0.0037189171469357,-0.0001012227690209,0.0034895631735515,-0.0005309422535297,9.9021406821422548,3.0000775618115152,2286.911475,1.983906,-2288.8953815622117,4539.0176832880825,1,5.3e-08
0.9972674607084336,0.0,0.0037188347584376,-0.0001019377919602,0.0034889659123436,-0.0005347088104255,9.9021356821422550,3.0000775629843828,2287.443893,1.983696,-2289.4275889701744,4539.5938303484581,1,3.2e-08
0.9972675699389170,0.0,0.0037187522594504,-0.0001026480731754,0.0034883687691015,-0.0005384507615668,9.9021306821422552,3.0000775641565358,2287.976055,1.983488,-2289.9595432158317,4540.1727960100397,1,2.7e-08
0.9972676791687710,0.0,0.0037186696543878,-0.0001033537610603,0.0034877716072748,-0.0005421688787844,9.9021256821422554,3.0000775653283953,2288.508467,1.983278,-2290.4917447285243,4540.7487585712224,1,5.0e-09
0.9972677883818526,0.0,0.0037185869418387,-0.0001040549080103,0.0034871745176432,-0.0005458634390899,9.9021206821422556,3.0000775664996895,2289.040509,1.983072,-2291.0235803369560,4541.3313229684718,1,5.1e-09
0.9972678975882853,0.0,0.0037185041252786,-0.0001047516183037,0.0034865774430497,-0.0005495349851691,9.9021156821422558,3.0000775676706071,2289.572674,1.982865,-2291.5555385089815,4541.9126279689372,1,1.1e-10
0.9972680067993708,0.0,0.0037184211957787,-0.0001054440527335,0.0034859803211645,-0.0005531843619293,9.9021106821422560,3.0000775688412680,2290.104876,1.982658,-2292.0875339949453,4542.4954942148179,1,7.8e-11
0.9972681160125353,0.0,0.0037183381555272,-0.0001061322773493,0.0034853831660527,-0.0005568119140397,9.9021056821422562,3.0000775700116478,2290.637134,1.982452,-2292.6195868753507,4543.0792880170047,1,1.1e-10
0.9972682252158700,0.0,0.0037182550070274,-0.0001068163280068,0.0034847860441777,-0.0005604178282557,9.9021006821422564,3.0000775711815719,2291.169353,1.982247,-2293.1516004004989,4543.6642306032591,1,3.0e-09
0.9972683344029512,0.0,0.0037181717557981,-0.0001074962414445,0.0034841889905377,-0.0005640022947545,9.9020956821422548,3.0000775723509783,2291.701429,1.982043,-2293.6834721850655,4544.2517616120167,1,1.9e-08
0.9972684435993193,0.0,0.0037180883903225,-0.0001081722178068,0.0034835918637090,-0.0005675663645510,9.9020906821422550,3.0000775735201963,2292.233873,1.981837,-2294.2157101885509,4544.8349744863808,1,2.4e-09
0.9972685527916717,0.0,0.0037180049167076,-0.0001088442662847,0.0034829947372422,-0.0005711100834681,9.9020856821422552,3.0000775746890556,2292.766177,1.981633,-2294.7478102772875,4545.4222572590224,1,8.3e-10
0.9972686619760343,0.0,0.0037179213354066,-0.0001095124458572,0.0034823976331486,-0.0005746337597254,9.9020806821422553,3.0000775758574973,2293.298465,1.981430,-2295.2798947822344,4546.0105505348183,1,2.2e-09
0.9972687711555523,0.0,0.0037178376439458,-0.0001101768457921,0.0034818005345467,-0.0005781378625561,9.9020756821422555,3.0000775770255541,2293.830736,1.981227,-2295.8119634938312,4546.6002601478249,1,9.9e-09
0.9972688802963255,0.0,0.0037177538493750,-0.0001108374108455,0.0034812036294735,-0.0005816220988453,9.9020706821422557,3.0000775781927369,2294.362983,1.981023,-2296.3440064226661,4547.1865081512369,1,1.1e-08
0.9972689894847485,0.0,0.0037176699391867,-0.0001114944970703,0.0034806064368702,-0.0005850883367583,9.9020656821422559,3.0000775793603336,2294.895398,1.980822,-2296.8762194747756,4547.7786111305468,1,6.0e-10
0.9972690986391097,0.0,0.0037175859221145,-0.0001121479073483,0.0034800094122560,-0.0005885355425621,9.9020606821422561,3.0000775805271056,2295.427772,1.980619,-2297.4083913790118,4548.3681083284318,1,1.0e-08
0.9972694925421812,0.0,0.0037172818163640,-0.0001144771174114,0.0034778547561726,-0.0006008267083524,9.9020426390300713,3.0000775847351049,2297.348996,1.979895,-2299.3288911986938,4550.5095404731110,1,4.5e-11
0.9972698997632656,0.0,0.0037169658680345,-0.0001168401436991,0.0034756269526347,-0.0006133011091561,9.9020239825740930,3.0000775890809011,2299.335761,1.979151,-2301.3149125323012,4552.7334263003431,1,1.3e-11
0.9972703205752509,0.0,0.0037166377077916,-0.0001192368763170,0.0034733244748273,-0.0006259585251230,9.9020047004945226,3.0000775935669997,2301.389394,1.978389,-2303.3677831568079,4555.0438721082173,1,2.1e-11
0.9972707552380389,0.0,0.0037162969597595,-0.0001216671607511,0.0034709458657740,-0.0006387985213371,9.9019847806517411,3.0000775981956989,2303.511215,1.977609,-2305.4888235429153,4557.4435111926869,1,3.5e-11
0.9972712040023406,0.0,0.0037159432440511,-0.0001241308015327,0.0034684897163157,-0.0006518204656189,9.9019642113183917,3.0000776029691734,2305.702501,1.976810,-2307.6793107846438,4559.9350210940465,1,5.2e-11
0.9972716671084094,0.0,0.0037155761774017,-0.0001266275605911,0.0034659546719550,-0.0006650235202354,9.9019429812411346,3.0000776078894575,2307.964481,1.975993,-2309.9404740658551,4562.5210720319301,1,7.7e-11
0.9972721447848001,0.0,0.0037151953739079,-0.0001291571556662,0.0034633394395476,-0.0006784066338426,9.9019210797075168,3.0000776129584326,2310.298330,1.975158,-2312.2734878082447,4565.2043420216069,1,8.1e-11
0.9972726372470218,0.0,0.0037148004457948,-0.0001317192587502,0.0034606427945898,-0.0006919685335456,9.9018984965953862,3.0000776181778126,2312.705159,1.974306,-2314.6794644694737,4567.9875179775991,1,2.7e-11
0.9972731446962202,0.0,0.0037143910042882,-0.0001343134946096,0.0034578635883514,-0.0007057077172955,9.9018752224422375,3.0000776235491311,2315.186013,1.973437,-2317.1594495496579,4570.8732513571158,1,1.8e-11
0.9972736673178073,0.0,0.0037139666605388,-0.0001369394393875,0.0034550007553030,-0.0007196224466356,9.9018512485152783,3.0000776290737239,2317.741862,1.972551,-2319.7144130711094,4573.8641967074946,1,3.1e-11
0.9972742052800803,0.0,0.0037135270266264,-0.0001395966192877,0.0034520533206059,-0.0007337107397884,9.9018265668654823,3.0000776347527198,2320.373594,1.971649,-2322.3452434986207,4576.9629731844179,1,7.3e-11
0.9972747587328155,0.0,0.0037130717166248,-0.0001422845093721,0.0034490204077630,-0.0007479703652475,9.9018011703992368,3.0000776405870204,2323.082008,1.970732,-2325.0527399302860,4580.1721707074903,1,1.2e-10
0.9972753278058917,0.0,0.0037126003477552,-0.0001450025324846,0.0034459012461121,-0.0007623988359219,9.9017750529502582,3.0000776465772927,2325.867806,1.969800,-2327.8376056464217,4583.4943308378570,1,1.2e-10
0.9972759126079118,0.0,0.0037121125416065,-0.0001477500583070,0.0034426951783387,-0.0007769934038556,9.9017482093343041,3.0000776527239483,2328.731588,1.968854,-2330.7004418558799,4586.9319240930490,1,1.5e-10
0.9972765132248267,0.0,0.0037116079254138,-0.0001505264025671,0.0034394016680083,-0.0007917510556367,9.9017206354201281,3.0000776590271370,2331.673846,1.967894,-2333.6417397588307,4590.4873569640331,1,1.9e-10
0.9972771297186156,0.0,0.0037110861334158,-0.0001533308264266,0.0034360203067957,-0.0008066685086022,9.9016923281981750,3.0000776654867303,2334.694950,1.966922,-2336.6618718107843,4594.1629857346416,1,3.3e-11
0.9972777621259978,0.0,0.0037105468082736,-0.0001561625360431,0.0034325508215563,-0.0008217422078195,9.9016632858325071,3.0000776721023108,2337.795153,1.965938,-2339.7610916420522,4597.9609919078648,1,2.2e-11
0.9972784104571872,0.0,0.0037099896025368,-0.0001590206823355,0.0034289930812043,-0.0008369683239979,9.9016335077254354,3.0000776788731596,2340.974576,1.964944,-2342.9395200980580,4601.8835032903589,1,7.8e-11
0.9972790746947506,0.0,0.0037094141801841,-0.0001619043609743,0.0034253471030236,-0.0008523427524043,9.9016029945792639,3.0000776857982503,2344.233203,1.963940,-2346.1971426794139,4605.9325183043256,1,2.2e-10
0.9972797547924974,0.0,0.0037088202181844,-0.0001648126125871,0.0034216130588473,-0.0008678611127640,9.9015717484391388,3.0000776928762360,2347.570873,1.962927,-2349.5337998272298,4610.1099703004584,1,4.8e-11
0.9972804506745103,0.0,0.0037082074081207,-0.0001677444232190,0.0034177912804785,-0.0008835187503205,9.9015397727466290,3.0000777001054439,2350.987286,1.961907,-2352.9491929849005,4614.4174828487448,1,7.5e-11
0.9972811622342468,0.0,0.0037075754578244,-0.0001706987250445,0.0034138822647603,-0.0008993107380534,9.9015070723883838,3.0000777074838707,2354.481986,1.960880,-2356.4428662720038,4618.8566275048070,1,3.6e-11
0.9972818893337776,0.0,0.0037069240930397,-0.0001736743973435,0.0034098866779168,-0.0009152318801031,9.9014736537245067,3.0000777150091720,2358.054360,1.959848,-2360.0142081341914,4623.4287955961190,1,4.6e-11
0.9972826318031645,0.0,0.0037062530591009,-0.0001766702677546,0.0034058053591630,-0.0009312767164805,9.9014395246255180,3.0000777226786659,2361.703636,1.958813,-2363.6624483949095,4628.1351680704392,1,9.0e-11
0.9972833894399569,0.0,0.0037055621225919,-0.0001796851138110,0.0034016393236869,-0.0009474395290947,9.9014046945020375,3.0000777304893305,2365.428882,1.957775,-2367.3866563975944,4632.9766776561737,1,1.5e-10
0.9972841620088670,0.0,0.0037048510730041,-0.0001827176647587,0.0033973897646946,-0.0009637143490875,9.9013691743136363,3.0000777384378012,2369.228994,1.956735,-2371.1857294986935,4637.9541819808073,1,6.3e-11
0.9972849492416045,0.0,0.0037041197243609,-0.0001857666036688,0.0033930580545963,-0.0009800949655543,9.9013329765834950,3.0000777465203767,2373.102712,1.955696,-2375.0584083804947,4643.0681331250817,1,1.2e-10
0.9972857508368678,0.0,0.0037033679167895,-0.0001888305698308,0.0033886457453731,-0.0009965749356003,9.9012961154042785,3.0000777547330215,2377.048605,1.954659,-2379.0032634846511,4648.3188025332056,1,7.9e-11
0.9972865664605552,0.0,0.0037025955180554,-0.0001919081614388,0.0033841545677574,-0.0010131475957716,9.9012586064231254,3.0000777630713751,2381.065072,1.953624,-2383.0186957095898,4653.7062864089385,1,8.6e-11
0.9972873957461135,0.0,0.0037018024249941,-0.0001949979385477,0.0033795864297042,-0.0010298060748052,9.9012204668308872,3.0000777715307558,2385.150351,1.952594,-2387.1029450703868,4659.2303336374462,1,7.6e-11
0.9972882382951227,0.0,0.0037009885648808,-0.0001980984263054,0.0033749434135647,-0.0010465433076954,9.9011817153347472,3.0000777801061771,2389.302519,1.951570,-2391.2540886950105,4664.8904326488264,1,1.1e-10
0.9972890936780459,0.0,0.0037001538966772,-0.0002012081184384,0.0033702277724043,-0.0010633520510180,9.9011423721292413,3.0000777887923578,2393.519489,1.950553,-2395.4700418477000,4670.6858407380059,1,6.8e-11
0.9972899614351844,0.0,0.0036992984121687,-0.0002043254809753,0.0033654419251965,-0.0010802248994249,9.9011024588441519,3.0000777975837352,2397.799026,1.949544,-2399.7485699122421,4676.6154385833070,1,7.8e-11
0.9972908410778227,0.0,0.0036984221369620,-0.0002074489562005,0.0033605884510029,-0.0010971543033048,9.9010619984955852,3.0000778064744833,2402.138738,1.948546,-2404.0872843138077,4682.6778889717534,1,5.3e-11
0.9972917320895556,0.0,0.0036975251313355,-0.0002105769668004,0.0033556700821653,-0.0011141325874415,9.9010210154280891,3.0000778154585328,2406.536096,1.947559,-2408.4836556449604,4688.8715163660236,1,1.9e-10
0.9972926339278059,0.0,0.0036966074909323,-0.0002137079201947,0.0033506896964547,-0.0011311519706386,9.9009795352353098,3.0000778245295892,2410.988426,1.946585,-2412.9350108995782,4695.1944996789098,1,2.6e-10
0.9972935460254975,0.0,0.0036956693472730,-0.0002168402130062,0.0033456503083870,-0.0011482045861267,9.9009375846846766,3.0000778336811531,2415.492939,1.945625,-2417.4385645407565,4701.6444016178139,1,5.1e-11
0.9972944677929112,0.0,0.0036947108680932,-0.0002199722356686,0.0033405550595279,-0.0011652825027436,9.9008951916339818,3.0000778429065469,2420.046714,1.944681,-2421.9913954317453,4708.2188256792724,1,1.3e-10
0.9972953986196744,0.0,0.0036937322574852,-0.0002231023771127,0.0033354072080587,-0.0011823777466291,9.9008523849289602,3.0000778521989369,2424.646726,1.943753,-2426.5904796162217,4714.9149445770308,1,9.4e-12
0.9972963378768775,0.0,0.0036927337558358,-0.0002262290295112,0.0033302101176506,-0.0011994823233678,9.9008091943068646,3.0000778615513588,2429.289853,1.942843,-2431.2326967879299,4721.7296034279279,1,3.4e-11
0.9972972849193364,0.0,0.0036917156395730,-0.0002293505930628,0.0033249672455061,-0.0012165882404678,9.9007656502870134,3.0000778709567442,2433.972880,1.941952,-2435.9148319639653,4728.6594979646616,1,2.7e-10
0.9972982390879224,0.0,0.0036906782206893,-0.0002324654807567,0.0033196821300282,-0.0012336875299493,9.9007217840630393,3.0000778804079475,2438.692523,1.941081,-2440.6336049345937,4735.7008382151835,1,1.3e-10
0.9972991997120013,0.0,0.0036896218460722,-0.0002355721231059,0.0033143583778574,-0.0012507722709617,9.9006776273795669,3.0000778898977725,2443.445424,1.940232,-2445.3856551788244,4742.8499048156664,1,5.6e-11
0.9973001661119127,0.0,0.0036885468966134,-0.0002386689728013,0.0033089996506713,-0.0012678346122452,9.9006332124171905,3.0000778994189998,2448.228181,1.939404,-2450.1675843276425,4750.1024589166045,1,6.1e-11
0.9973011376015162,0.0,0.0036874537861282,-0.0002417545092703,0.0033036096515731,-0.0012848667943351,9.9005885716684254,3.0000779089644154,2453.037351,1.938598,-2454.9759488555669,4757.4541640565731,1,8.8e-11
0.9973021134907298,0.0,0.0036863429600601,-0.0002448272430921,0.0032981921114923,-0.0013018611713189,9.9005437378190635,3.0000779185268347,2457.869464,1.937817,-2459.8072810524363,4764.9004379799590,1,1.0e-11
0.9973030930881051,0.0,0.0036852148940110,-0.0002478857202596,0.0032927507753475,-0.0013188102320736,9.9004987436182059,3.0000779280991323,2462.721038,1.937059,-2464.6580975689467,4772.4365527960472,1,1.3e-10
0.9973040757033547,0.0,0.0036840700920730,-0.0002509285262422,0.0032872893884239,-0.0013357066207984,9.9004536217600947,3.0000779376742668,2467.588594,1.936327,-2469.5249206570015,4780.0575141194277,1,6.0e-11
0.9973050606498686,0.0,0.0036829090850015,-0.0002539542898453,0.0032818116827666,-0.0013525431567970,9.9004084047609275,3.0000779472453032,2472.468658,1.935619,-2474.4042775729886,4787.7583136302419,1,5.3e-11
0.9973060472471564,0.0,0.0036817324282166,-0.0002569616868330,0.0032763213639295,-0.0013693128533657,9.9003631248448194,3.0000779568054408,2477.357791,1.934938,-2479.2927285800038,4795.5336766089313,1,1.2e-11
0.9973070348232385,0.0,0.0036805406996705,-0.0002599494432966,0.0032708220979629,-0.0013860089356952,9.9003178138225465,3.0000779663480328,2482.252584,1.934283,-2484.1868664017593,4803.3783221202902,1,1.1e-10
0.9973080227169293,0.0,0.0036793344975687,-0.0002629163387624,0.0032653174989344,-0.0014026248577526,9.9002725029846435,3.0000779758666090,2487.149685,1.933654,-2489.0833386809563,4811.2867779289372,1,4.4e-11
0.9973090102800464,0.0,0.0036781144379927,-0.0002658612090159,0.0032598111168087,-0.0014191543180254,9.9002272229949124,3.0000779853548951,2492.045795,1.933052,-2493.9788466639407,4819.2536554192193,1,1.9e-10
0.9973099968794827,0.0,0.0036768811524025,-0.0002687829486494,0.0032543064260232,-0.0014355912741511,9.9001820037885526,3.0000779948068317,2496.937697,1.932476,-2498.8701737545812,4827.2733281389810,1,2.3e-11
0.9973109818991699,0.0,0.0036756352850705,-0.0002716805133059,0.0032488068146172,-0.0014519299563022,9.9001368744816176,3.0000780042165904,2501.822247,1.931928,-2503.7541753611458,4835.3403548086062,1,1.5e-11
0.9973119647419162,0.0,0.0036743774904408,-0.0002745529216482,0.0032433155739905,-0.0014681648794322,9.9000918632777513,3.0000780135785892,2506.696399,1.931406,-2508.6278052670700,4843.4491741051897,1,1.4e-10
0.9973129448310856,0.0,0.0036731084304361,-0.0002773992570162,0.0032378358894893,-0.0014842908542261,9.9000469973901311,3.0000780228875046,2511.557207,1.930911,-2513.4881187210558,4851.5942282467149,1,9.2e-11
0.9973139216121607,0.0,0.0036718287717334,-0.0002802186688182,0.0032323708315831,-0.0015003029969198,9.9000023029662145,3.0000780321382852,2516.401831,1.930443,-2518.3322735987231,4859.7701562284492,1,8.3e-11
0.9973148945541332,0.0,0.0036705391830124,-0.0002830103736247,0.0032269233479432,-0.0015161967378650,9.8999578050237904,3.0000780413261605,2521.227553,1.930001,-2523.1575538780517,4867.9714689543471,1,1.5e-10
0.9973158631507679,0.0,0.0036692403322073,-0.0002857736559990,0.0032214962561671,-0.0015319678289534,9.8999135273864578,3.0000780504466498,2526.031772,1.929585,-2527.9613569216385,4876.1929620769806,1,4.5e-11
0.9973168269217159,0.0,0.0036679328837623,-0.0002885078690696,0.0032160922373034,-0.0015476123499257,9.8998694926347550,3.0000780594955665,2530.812022,1.929195,-2532.7412171931519,4884.4293913752772,1,5.6e-12
0.9973177854134672,0.0,0.0036666174959066,-0.0002912124348456,0.0032107138302069,-0.0015631267135597,9.8998257220604540,3.0000780684690280,2535.565970,1.928830,-2537.4947997679510,4892.6757234008983,1,6.6e-11
0.9973187382001829,0.0,0.0036652948179659,-0.0002938868443118,0.0032053634265374,-0.0015785076698804,9.8997822356282246,3.0000780773634546,2540.291420,1.928490,-2542.2199097461821,4900.9270444521680,1,2.1e-10
0.9973196848843706,0.0,0.0036639654877197,-0.0002965306572878,0.0032000432665783,-0.0015937523093225,9.8997390519441399,3.0000780861755718,2544.986323,1.928175,-2546.9144975665267,4909.1785535905510,1,7.8e-11
0.9973206250974440,0.0,0.0036626301288056,-0.0002991435021114,0.0031947554356695,-0.0016088580650943,9.8996961882339640,3.0000780949024159,2549.648771,1.927883,-2551.5766545866845,4917.4257276705466,1,6.3e-12
0.9973215585001374,0.0,0.0036612893481920,-0.0003017250751098,0.0031895018614128,-0.0016238227145817,9.8996536603207002,3.0000781035413282,2554.277006,1.927616,-2556.2046217201664,4925.6642053979449,1,9.0e-11
0.9973224847828146,0.0,0.0036599437337149,-0.0003042751399246,0.0031842843114404,-0.0016386443800708,9.8996114826152741,3.0000781120899571,2558.869425,1.927371,-2560.7967955563572,4933.8897224734537,1,3.0e-10
0.9973234036656657,0.0,0.0036585938516925,-0.0003067935266839,0.0031791043917773,-0.0016533215287563,9.8995696681094820,3.0000781205462528,2563.424563,1.927148,-2565.3517105825904,4942.0984990703873,1,6.2e-11
0.9973243148987898,0.0,0.0036572402446148,-0.0003092801310358,0.0031739635458303,-0.0016678529720956,9.8995282283739616,3.0000781289084646,2567.941122,1.926947,-2569.8680693560163,4950.2866415269673,1,1.1e-11
0.9973252182621912,0.0,0.0036558834289186,-0.0003117349130784,0.0031688630538192,-0.0016822378646581,9.8994871735616616,3.0000781371751377,2572.417946,1.926767,-2574.3447133872278,4958.4507739576511,1,1.6e-10
0.9973260954164167,0.0,0.0036545516006817,-0.0003141088745062,0.0031639066276903,-0.0016961872505678,9.8994473364098461,3.0000781451797174,2576.764117,1.926611,-2578.6907282579400,4966.4221748113632,1,8.9e-11
0.9973269650468151,0.0,0.0036532170334484,-0.0003164533737644,0.0031589888491096,-0.0017100011056186,9.8994078675325650,3.0000781530939542,2581.072188,1.926474,-2582.9986619456904,4974.3678945875727,1,3.7e-11
0.9973278095372495,0.0,0.0036519073811234,-0.0003187216395619,0.0031542094968591,-0.0017234021190462,9.8993695656836369,3.0000781607587039,2585.254865,1.926357,-2587.1812223480601,4982.1243658685125,1,5.9e-12
0.9973286299330508,0.0,0.0036506220410842,-0.0003209173997683,0.0031495629246018,-0.0017364095243209,9.8993323818695131,3.0000781681852029,2589.317335,1.926260,-2591.2435950308395,4989.6974449213594,1,7.7e-11
0.9973294437461793,0.0,0.0036493341486773,-0.0003230881341941,0.0031449500961206,-0.0017493029903383,9.8992955216028484,3.0000781755330341,2593.346302,1.926178,-2595.2724798640979,4997.2464136029594,1,4.0e-12
0.9973302345213408,0.0,0.0036480702927067,-0.0003251905097941,0.0031404644254547,-0.0017618236067346,9.8992597294369116,3.0000781826546237,2597.260288,1.926113,-2599.1864005332186,5004.6164748943411,1,2.5e-11
0.9973310191633693,0.0,0.0036468039933954,-0.0003272699976499,0.0031360101608466,-0.0017742406760612,9.8992242394466583,3.0000781897031836,2601.142958,1.926062,-2603.0690198520115,5011.9630366559140,1,8.7e-11
0.9973317976186638,0.0,0.0036455354823574,-0.0003293267492489,0.0031315876394128,-0.0017865546612568,9.8991890540456975,3.0000781966786203,2604.994014,1.926025,-2606.9200390139558,5019.2845917018130,1,1.1e-10
0.9973325541917488,0.0,0.0036442908522009,-0.0003313197618784,0.0031272861657801,-0.0017985186395609,9.8991548818661599,3.0000782034412024,2608.735809,1.926002,-2610.6618118174956,5026.4315432896838,1,5.1e-11
0.9973332898644252,0.0,0.0036430693446397,-0.0003332522314335,0.0031231003895583,-0.0018101494475429,9.8991216770423271,3.0000782100010803,2612.373232,1.925992,-2614.2992244342904,5033.4104244015180,1,1.3e-10
0.9973340203991932,0.0,0.0036418452566874,-0.0003351659579571,0.0031189407510035,-0.0018216973614146,9.8990887273788797,3.0000782164996176,2615.984225,1.925994,-2617.9102188756842,5040.3689581109211,1,1.1e-11
0.9973347457965160,0.0,0.0036406186978691,-0.0003370611529014,0.0031148072725830,-0.0018331633237847,9.8990560328387005,3.0000782229371161,2619.568761,1.926006,-2621.4947679186052,5047.3064287090674,1,3.8e-11
0.9973354514588253,0.0,0.0036394147965893,-0.0003389000281363,0.0031107832537055,-0.0018443174787959,9.8990242506104238,3.0000782291847878,2623.054717,1.926030,-2624.9807464100768,5054.0816234662198,1,7.1e-11
0.9973361383057540,0.0,0.0036382327383026,-0.0003406854476326,0.0031068636563122,-0.0018551751276797,9.8989933378496406,3.0000782352519351,2626.446678,1.926063,-2628.3727404599322,5060.7010524496436,1,2.8e-11
0.9973368210758637,0.0,0.0036370475587412,-0.0003424560203732,0.0031029644802068,-0.0018659699504695,9.8989626305315035,3.0000782412694180,2629.817440,1.926105,-2631.7435448485858,5067.3053881349042,1,1.8e-11
0.9973374998122750,0.0,0.0036358592552611,-0.0003442120069056,0.0030990854950103,-0.0018767033157303,9.8989321267265122,3.0000782472378353,2633.167192,1.926157,-2635.0933496459447,5073.8944705403410,1,9.8e-11
0.9973381745748098,0.0,0.0036346677940333,-0.0003459537048656,0.0030952263745043,-0.0018873768277445,9.8989018237515385,3.0000782531579269,2636.496212,1.926219,-2638.4224305943926,5080.4682611036114,1,2.2e-11
0.9973388318169112,0.0,0.0036334974698444,-0.0003476464021263,0.0030914646960669,-0.0018977767218551,9.8988723292960810,3.0000782589114512,2639.737677,1.926287,-2641.6639647924935,5086.8935791128315,1,6.5e-11
0.9973394723975617,0.0,0.0036323474097217,-0.0003492926604900,0.0030877957247309,-0.0019079169295682,9.8988436034964717,3.0000782645068944,2642.895873,1.926363,-2644.8222360107056,5093.1769794090651,1,1.2e-10
0.9973401100893942,0.0,0.0036311932191533,-0.0003509280904606,0.0030841406669875,-0.0019180158729368,9.8988150281305867,3.0000782700650954,2646.038718,1.926447,-2647.9651645252943,5099.4524171166122,1,5.3e-11
0.9973407320844332,0.0,0.0036300583915716,-0.0003525200426834,0.0030805730191231,-0.0019278710727809,9.8987871765552651,3.0000782754749169,2649.103100,1.926536,-2651.0296366198154,5105.5928698782809,1,2.0e-11
0.9973413517590999,0.0,0.0036289188219431,-0.0003541029403020,0.0030770161383179,-0.0019376947956375,9.8987594492412132,3.0000782808531796,2652.154936,1.926633,-2654.0815691717612,5111.7294254596345,1,7.7e-12
0.9973419692227612,0.0,0.0036277743168333,-0.0003556771426971,0.0030734693960070,-0.0019474892397027,9.8987318413895835,3.0000782862009379,2655.194742,1.926737,-2657.1214796650684,5117.8628323385492,1,5.8e-11
0.9973425846000545,0.0,0.0036266246479872,-0.0003572430436787,0.0030699320741488,-0.0019572568376387,9.8987043475300567,3.0000782915193662,2658.223112,1.926849,-2660.1499605770878,5123.9940027147532,1,1.1e-10
0.9973431855572159,0.0,0.0036254931298785,-0.0003587694187218,0.0030664751444147,-0.0019668020632621,9.8986775181901194,3.0000782967022990,2661.179363,1.926965,-2663.1063278152187,5129.9991702111438,1,5.1e-11
0.9973437850435785,0.0,0.0036243556403885,-0.0003602893088916,0.0030630241885889,-0.0019763308167195,9.8986507747545893,3.0000783018618264,2664.127210,1.927088,-2666.0542973237862,5136.0069503090344,1,3.1e-11
0.9973443832133146,0.0,0.0036232118604248,-0.0003618031619091,0.0030595783090905,-0.0019858459718122,9.8986241105018831,3.0000783069993284,2667.067387,1.927217,-2668.9946043853015,5142.0186273897998,1,3.0e-11
0.9973449680879265,0.0,0.0036220849290084,-0.0003632807957924,0.0030562065749253,-0.0019951571694815,9.8985980589352529,3.0000783120122958,2669.941029,1.927351,-2671.8683796400710,5147.9131075371988,1,7.3e-11
0.9973455522802219,0.0,0.0036209507654985,-0.0003647542010718,0.0030528363356132,-0.0020044653778371,9.8985720578202585,3.0000783170091805,2672.810119,1.927491,-2674.7376094909619,5153.8167648129165,1,8.2e-11
0.9973461359732474,0.0,0.0036198089555636,-0.0003662238794094,0.0030494665161033,-0.0020137739262928,9.8985460992326164,3.0000783219915612,2675.675528,1.927637,-2677.6031654080975,5159.7313179164194,1,1.7e-10
0.9973467193655250,0.0,0.0036186590425445,-0.0003676903672743,0.0030460959485979,-0.0020230863999565,9.8985201745858795,3.0000783269611313,2678.538205,1.927790,-2680.4659951028730,5165.6585960588418,1,1.5e-10
0.9973472907913250,0.0,0.0036175242087477,-0.0003691244460117,0.0030427920839761,-0.0020322167299420,9.8984948019118271,3.0000783318188198,2681.340915,1.927946,-2683.2688609438760,5171.4794830284081,1,9.5e-11
0.9973478509396838,0.0,0.0036164035188595,-0.0003705280128465,0.0030395510603790,-0.0020411757883010,9.8984699496584820,3.0000783365710650,2684.087084,1.928104,-2686.0151885341947,5177.1999847129919,1,1.4e-10
0.9973484004604729,0.0,0.0036152960747568,-0.0003719028496280,0.0030363692310111,-0.0020499738272054,9.8984455881009357,3.0000783412239183,2686.779943,1.928266,-2688.7082091831221,5182.8257698798552,1,6.5e-11
0.9973489399668882,0.0,0.0036142010139935,-0.0003732506308894,0.0030332431507050,-0.0020586205204074,9.8984216892238148,3.0000783457830691,2689.422538,1.928430,-2691.3509676479302,5188.3622789522633,1,1.4e-10
0.9973494810751100,0.0,0.0036130948666016,-0.0003746004447517,0.0030301055408350,-0.0020673021824945,9.8983977382570494,3.0000783503468704,2692.071769,1.928600,-2694.0003688269635,5193.9282807586715,1,9.7e-11
0.9973500129285440,0.0,0.0036119999186849,-0.0003759252714695,0.0030270193783985,-0.0020758447716248,9.8983742155778973,3.0000783548239269,2694.674484,1.928772,-2696.6032554687345,5199.4117477480322,1,1.2e-10
0.9973505469754842,0.0,0.0036108926814812,-0.0003772536863025,0.0030239182545302,-0.0020844323210594,9.8983506147143352,3.0000783593107627,2697.286705,1.928950,-2699.2156544700238,5204.9303500466049,1,6.8e-11
0.9973510724974899,0.0,0.0036097954431268,-0.0003785590799372,0.0030208644270043,-0.0020928926338019,9.8983274092348257,3.0000783637174626,2699.856000,1.929130,-2701.7851303060288,5210.3730395892635,1,1.7e-10
0.9973516008029866,0.0,0.0036086846455915,-0.0003798695906750,0.0030177921960532,-0.0021014079309982,9.8983040997149949,3.0000783681389742,2702.437655,1.929316,-2704.3669712697201,5215.8565916684456,1,3.7e-11
0.9973521212847996,0.0,0.0036075826297524,-0.0003811589495692,0.0030147632549823,-0.0021098074212234,9.8982811541117108,3.0000783724866267,2704.979826,1.929504,-2706.9093302210631,5221.2707031685859,1,1.3e-10
0.9973526344347143,0.0,0.0036064886166508,-0.0003824284669504,0.0030117748161991,-0.0021180989051979,9.8982585501498548,3.0000783767648742,2707.484948,1.929695,-2709.4146425710087,5226.6198374107480,1,2.4e-11
0.9973531407166198,0.0,0.0036054018589957,-0.0003836793749924,0.0030088242466917,-0.0021262897526202,9.8982362668462169,3.0000783809779046,2709.955310,1.929887,-2711.8851971897193,5231.9083379930817,1,2.1e-10
0.9973536405683106,0.0,0.0036043216395438,-0.0003849128330439,0.0030059090581535,-0.0021343869306717,9.8982142844261176,3.0000783851296555,2712.393078,1.930082,-2714.3231598053344,5237.1401839097962,1,9.0e-11
0.9973541344031756,0.0,0.0036032472695023,-0.0003861299325959,0.0030030268977038,-0.0021423970307584,9.8981925842444767,3.0000783892238334,2714.800289,1.930278,-2716.7305672069351,5242.3192933970131,1,1.6e-10
0.9973546226117869,0.0,0.0036021780869230,-0.0003873317019480,0.0030001755391579,-0.0021503262938045,9.8981711487112012,3.0000783932639270,2717.178870,1.930476,-2719.1093463605830,5247.4492804910988,1,1.5e-11
0.9973551055634269,0.0,0.0036011134551114,-0.0003885191105936,0.0029973528745783,-0.0021581806342318,9.8981499612213515,3.0000783972532252,2719.530637,1.930676,-2721.4613132463064,5252.5336490413174,1,8.6e-11
0.9973555836075347,0.0,0.0036000527610088,-0.0003896930733713,0.0029945569062864,-0.0021659656628647,9.8981290060873039,3.0000784011948274,2721.857310,1.930878,-2723.7881889257028,5257.5756785781123,1,6.4e-11
0.9973560570750963,0.0,0.0035989954135537,-0.0003908544544098,0.0029917857391212,-0.0021736867089246,9.8981082684750685,3.0000784050916596,2724.160516,1.931082,-2726.0915988062607,5262.5785199231468,1,6.8e-11
0.9973565262799908,0.0,0.0035979408420065,-0.0003920040708958,0.0029890375729526,-0.0021813488412730,9.8980877343419511,3.0000784089464867,2726.441795,1.931288,-2728.3730832699744,5267.5451614158228,1,8.8e-11
0.9973569915202856,0.0,0.0035968884942256,-0.0003931426966918,0.0029863106954256,-0.0021889568890546,9.8980673903770864,3.0000784127619240,2728.702608,1.931496,-2730.6341037798811,5272.4784429850988,1,1.2e-10
0.9973574530795186,0.0,0.0035958378348934,-0.0003942710658276,0.0029836034747591,-0.0021965154618745,9.8980472239435855,3.0000784165404495,2730.944342,1.931706,-2732.8760480183100,5277.3810965656303,1,1.1e-10
0.9973579112279258,0.0,0.0035947883436776,-0.0003953898758704,0.0029809143528310,-0.0022040289695535,9.8980272230219555,3.0000784202844151,2733.168320,1.931918,-2735.1002373095475,5282.2557178037241,1,1.5e-10
0.9973583662236645,0.0,0.0035937395133225,-0.0003964997912119,0.0029782418382366,-0.0022115016416450,9.8980073761548883,3.0000784239960581,2735.375801,1.932131,-2737.3079321928863,5287.1048035081476,1,5.0e-11
0.9973588183140125,0.0,0.0035926908476782,-0.0003976014462570,0.0029755844994783,-0.0022189375466701,9.8979876723933433,3.0000784276775132,2737.567989,1.932347,-2739.5003362192028,5291.9307952886447,1,9.2e-11
0.9973592677365384,0.0,0.0035916418596456,-0.0003986954485419,0.0029729409582735,-0.0022263406111927,9.8979681012433716,3.0000784313308189,2739.746042,1.932565,-2741.6786065200426,5296.7359639550559,1,8.7e-11
0.9973597147202751,0.0,0.0035905920690584,-0.0003997823817788,0.0029703098828308,-0.0022337146387305,9.8979486526151437,3.0000784349579317,2741.911070,1.932784,-2743.8438544105206,5301.5225989199243,1,1.2e-10
0.9973601594868533,0.0,0.0035895410004884,-0.0004008628088258,0.0029676899813055,-0.0022410633284959,9.8979293167708402,3.0000784385607369,2744.064148,1.933006,-2745.9971545962394,5306.2928885738365,1,2.1e-10
0.9973606022516404,0.0,0.0035884881809854,-0.0004019372745959,0.0029650799952137,-0.0022483902940203,9.8979100842746703,3.0000784421410525,2746.206320,1.933230,-2748.1395497391395,5311.0489296680316,1,1.1e-10
0.9973610432248354,0.0,0.0035874331377547,-0.0004030063088804,0.0029624786930629,-0.0022556990815464,9.8978909459452282,3.0000784457006451,2748.338598,1.933456,-2750.2720540357209,5315.7928289039992,1,3.0e-12
0.9973614826125692,0.0,0.0035863753957808,-0.0004040704291075,0.0029598848639320,-0.0022629931882665,9.8978718928069434,3.0000784492412360,2750.461974,1.933685,-2752.3956585960332,5320.5267195645720,1,1.1e-10
0.9973619206179587,0.0,0.0035853144753992,-0.0004051301430145,0.0029572973112734,-0.0022702760802972,9.8978529160445081,3.0000784527645092,2752.577426,1.933916,-2754.5113415019691,5325.2525845197961,1,1.6e-10
0.9973623574421471,0.0,0.0035842498898281,-0.0004061859512358,0.0029547148467889,-0.0022775512103873,9.8978340069569999,3.0000784562721239,2754.685919,1.934149,-2756.6200681738196,5329.9724536244757,1,1.4e-11
0.9973627932853018,0.0,0.0035831811426654,-0.0004072383497970,0.0029521362845073,-0.0022848220352989,9.8978151569148363,3.0000784597657173,2756.788409,1.934384,-2758.7227937461926,5334.6884383372962,1,3.7e-11
0.9973632283476099,0.0,0.0035821077253637,-0.0004082878325206,0.0029495604348614,-0.0022920920328719,9.8977963573185743,3.0000784632469166,2758.885852,1.934622,-2760.8204746347337,5339.4025448495522,1,8.7e-11
0.9973636628301985,0.0,0.0035810291146747,-0.0004093348933192,0.0029469860991755,-0.0022993647186606,9.8977775995580526,3.0000784667173450,2760.979206,1.934863,-2762.9140686943779,5344.1168769397773,1,1.1e-10
0.9973640969360513,0.0,0.0035799447700836,-0.0004103800283999,0.0029444120641259,-0.0023066436622236,9.8977588749746577,3.0000784701786287,2763.069434,1.935106,-2765.0045401624097,5348.8335233270191,1,3.0e-11
0.9973645308708816,0.0,0.0035788541312299,-0.0004114237383516,0.0029418370964716,-0.0023139325029634,9.8977401748249054,3.0000784736324051,2765.157510,1.935353,-2767.0928628168117,5353.5546600222588,1,5.5e-11
0.9973649648439571,0.0,0.0035777566153059,-0.0004124665301395,0.0029392599379966,-0.0023212349655976,9.8977214902446384,3.0000784770803262,2767.244424,1.935602,-2769.1800258318576,5358.2824971354567,1,1.3e-10
0.9973653990689046,0.0,0.0035766516144485,-0.0004135089189897,0.0029366793005651,-0.0023285548752179,9.8977028122185686,3.0000784805240679,2769.331184,1.935853,-2771.2670374641320,5363.0192536544055,1,8.4e-11
0.9973658337644766,0.0,0.0035755384931064,-0.0004145514301814,0.0029340938613768,-0.0023358961720121,9.8976841315469937,3.0000784839653329,2771.418818,1.936108,-2773.3549259594415,5367.7672885674983,1,9.1e-12
0.9973662691552743,0.0,0.0035744165853780,-0.0004155946007415,0.0029315022584303,-0.0023432629256589,9.8976654388173806,3.0000784874058581,2773.508377,1.936367,-2775.4447441097232,5372.5290291798301,1,8.1e-11
0.9973667054724571,0.0,0.0035732851923108,-0.0004166389810637,0.0029289030860414,-0.0023506593495114,9.8976467243762922,3.0000784908474185,2775.600946,1.936628,-2777.5375743931040,5377.3069378416985,1,2.0e-10
0.9973671429544184,0.0,0.0035721435791558,-0.0004176851364394,0.0029262948905518,-0.0023580898145593,9.8976279783028946,3.0000784942918326,2777.697639,1.936893,-2779.6345319775933,5382.1035720971413,1,3.0e-11
0.9973675818474412,0.0,0.0035709909725472,-0.0004187336485357,0.0029236761660821,-0.0023655588633556,9.8976091903838661,3.0000784977409638,2779.799598,1.937162,-2781.7367597960597,5386.9216880281456,1,2.5e-10
0.9973680224063388,0.0,0.0035698265576061,-0.0004197851168067,0.0029210453503759,-0.0023730712239106,9.8975903500878211,3.0000785011967324,2781.908012,1.937434,-2783.8454465356963,5391.7639481760561,1,3.6e-11
0.9973684648950882,0.0,0.0035686494749338,-0.0004208401598731,0.0029184008206260,-0.0023806318237477,9.8975714465446245,3.0000785046611087,2784.024101,1.937711,-2785.9618115132321,5396.6333424258046,1,8.5e-11
0.9973689095874416,0.0,0.0035674588174790,-0.0004218994168601,0.0029157408893982,-0.0023882458041538,9.8975524685198693,3.0000785081361259,2786.149131,1.937991,-2788.0871223121644,5401.5328372125514,1,2.6e-11
0.9973693567675617,0.0,0.0035662536272540,-0.0004229635487276,0.0029130638003751,-0.0023959185348292,9.8975334043927123,3.0000785116238804,2788.284411,1.938276,-2790.2226877041135,5406.4655991103500,1,1.2e-10
0.9973698067306416,0.0,0.0035650328918681,-0.0004240332395877,0.0029103677241303,-0.0024036556290025,9.8975142421360172,3.0000785151265346,2790.431301,1.938566,-2792.3698667843023,5411.4348779111169,1,7.3e-11
0.9973702597835492,0.0,0.0035637955408552,-0.0004251091980301,0.0029076507537243,-0.0024114629591776,9.8974949692901877,3.0000785186463221,2792.591205,1.938860,-2794.5300656025715,5416.4441030682065,1,9.4e-11
0.9973707162454819,0.0,0.0035625404417537,-0.0004261921584702,0.0029049109001698,-0.0024193466736607,9.8974755729438382,3.0000785221855519,2794.765585,1.939160,-2796.7047448734361,5421.4968217327259,1,6.0e-11
0.9973711764486468,0.0,0.0035612663959180,-0.0004272828825212,0.0029021460876818,-0.0024273132139805,9.8974560397098443,3.0000785257466105,2796.955955,1.939464,-2798.8954194513612,5426.5967594669200,1,4.4e-12
0.9973716407389668,0.0,0.0035599721340117,-0.0004283821604096,0.0028993541487213,-0.0024353693333815,9.8974363557010712,3.0000785293319665,2799.163886,1.939775,-2801.1036613241909,5431.7478254414164,1,1.3e-10
0.9973721094768235,0.0,0.0035586563111521,-0.0004294908124414,0.0028965328187346,-0.0024435221165350,9.8974165065056479,3.0000785329441757,2801.391015,1.940091,-2803.3311058463323,5436.9540388393216,1,1.3e-10
0.9973725830378337,0.0,0.0035573175016620,-0.0004306096905224,0.0028936797306057,-0.0024517790006083,9.8973964771640386,3.0000785365858817,2803.639037,1.940414,-2805.5794509018197,5442.2196209076792,1,2.9e-11
0.9973730618136731,0.0,0.0035559541933806,-0.0004317396797497,0.0028907924087423,-0.0024601477978930,9.8973762521405018,3.0000785402598238,2805.909716,1.940743,-2807.8504591450642,5447.5490830386989,1,1.4e-10
0.9973735462129412,0.0,0.0035545647814841,-0.0004328817000750,0.0028878682628151,-0.0024686367201354,9.8973558152956453,3.0000785439688413,2808.204889,1.941079,-2810.1459677433268,5452.9469474833459,1,3.0e-11
0.9973740366620913,0.0,0.0035531475617742,-0.0004340367080422,0.0028849045809934,-0.0024772544047509,9.8973351498591509,3.0000785477158725,2810.526461,1.941422,-2812.4678828221954,5458.4181203255430,1,1.4e-10
0.9973745336063933,0.0,0.0035517007233569,-0.0004352056986086,0.0028818985228556,-0.0024860099431134,9.8973142384000141,3.0000785515039685,2812.876418,1.941773,-2814.8181914582838,5463.9676660117693,1,1.1e-10
0.9973750375109856,0.0,0.0035502223406705,-0.0004363897070522,0.0028788471116323,-0.0024949129111356,9.8972930627929401,3.0000785553362879,2815.256826,1.942132,-2817.1989586733835,5469.6008812906221,1,1.8e-10
0.9973755488619565,0.0,0.0035487103647739,-0.0004375898109592,0.0028757472261078,-0.0025039734023119,9.8972716041885338,3.0000785592161110,2817.669837,1.942500,-2819.6123365639023,5475.3232649140991,1,1.4e-10
0.9973760681675168,0.0,0.0035471626138384,-0.0004388071322957,0.0028725955918124,-0.0025132020634796,9.8972498429784732,3.0000785631468392,2820.117687,1.942877,-2822.0605638435263,5481.1406622841023,1,1.2e-10
0.9973765959592249,0.0,0.0035455767627452,-0.0004400428395576,0.0028693887716979,-0.0025226101335232,9.8972277587606854,3.0000785671319998,2822.602710,1.943263,-2824.5459729189060,5487.0591444652528,1,1.6e-10
0.9973771327932928,0.0,0.0035439503317054,-0.0004412981499977,0.0028661231561075,-0.0025322094852991,9.8972053303038265,3.0000785711752567,2825.127335,1.943659,-2827.0709945193826,5493.0850695366971,1,6.4e-11
0.9973776792519502,0.0,0.0035422806737973,-0.0004425743319097,0.0028627949521587,-0.0025420126710192,9.8971825355103906,3.0000785752804107,2827.694092,1.944066,-2829.6381580571469,5499.2251082868315,1,1.9e-10
0.9973782359448784,0.0,0.0035405649613103,-0.0004438727069634,0.0028594001724233,-0.0025520329714165,9.8971593513793863,3.0000785794514058,2830.305618,1.944485,-2832.2501028435486,5505.4862275086343,1,1.5e-10
0.9973788035107449,0.0,0.0035388001707732,-0.0004451946525832,0.0028559346227062,-0.0025622844490581,9.8971357539691827,3.0000785836923378,2832.964662,1.944915,-2834.9095766303749,5511.8757778191939,1,7.8e-11
0.9973793826187600,0.0,0.0035369830665204,-0.0004465416043214,0.0028523938893452,-0.0025727820060449,9.8971117183595592,3.0000785880074554,2835.674084,1.945358,-2837.6194420299607,5518.4013986373320,1,1.2e-10
0.9973799739703373,0.0,0.0035351101826485,-0.0004479150582326,0.0028487733254816,-0.0025835414466209,9.8970872186151713,3.0000785924011670,2838.436870,1.945814,-2840.3826838702089,5525.0711238118820,1,6.6e-11
0.9973805783008052,0.0,0.0035331778031973,-0.0004493165731789,0.0028450680366136,-0.0025945795449686,9.8970622277499736,3.0000785968780468,2841.256124,1.946285,-2843.2024090702944,5531.8934003622271,1,1.0e-10
0.9973811963811683,0.0,0.0035311819403411,-0.0004507477730577,0.0028412728653356,-0.0026059141187642,9.8970367176933145,3.0000786014428362,2844.135085,1.946770,-2846.0818551519192,5538.8770019430667,1,4.7e-11
0.9973818290199272,0.0,0.0035291183104113,-0.0004522103488592,0.0028373823751898,-0.0026175641088466,9.8970106592594043,3.0000786061004487,2847.077119,1.947271,-2849.0243901221261,5546.0312180928886,1,1.4e-10
0.9973824770649331,0.0,0.0035269823074761,-0.0004537060605262,0.0028333908336788,-0.0026295496656603,9.8969840221205327,3.0000786108559727,2850.085732,1.947789,-2852.0335211888109,5553.3656755532138,1,1.7e-10
0.9973831555420292,0.0,0.0035247216130139,-0.0004552692810605,0.0028292049030488,-0.0026421555067207,9.8969561956386798,3.0000786158178818,2853.230024,1.948336,-2855.1783599201085,5561.0507041765377,1,1.2e-10
0.9973838519990583,0.0,0.0035223746147424,-0.0004568709779244,0.0028249005336439,-0.0026551578767575,9.8969276982643173,3.0000786208931411,2856.451551,1.948902,-2858.4004537806309,5568.9454545872286,1,6.5e-11
0.9973845674775765,0.0,0.0035199351674945,-0.0004585132549635,0.0028204705495058,-0.0026685827710876,9.8968984939242954,3.0000786260877352,2859.754501,1.949490,-2861.7039902626502,5577.0617611319758,1,9.0e-11
0.9973853030700288,0.0,0.0035173966265418,-0.0004601982944881,0.0028159073696442,-0.0026824579665769,9.8968685452649652,3.0000786314078316,2863.143214,1.950099,-2865.0933126436571,5585.4118993296288,1,1.5e-10
0.9973860599216551,0.0,0.0035147517994397,-0.0004619283562189,0.0028112029850237,-0.0026968131655741,9.8968378136739528,3.0000786368597803,2866.622187,1.950731,-2868.5729176911323,5594.0087837460451,1,3.3e-10
0.9973868392322209,0.0,0.0035119928926955,-0.0004637057749897,0.0028063489351723,-0.0027116801519606,9.8968062593228279,3.0000786424500978,2870.196068,1.951388,-2872.1474559259937,5602.8657401418313,1,1.3e-10
0.9973876593900914,0.0,0.0035090495442963,-0.0004655718912711,0.0028012292174336,-0.0027274228439559,9.8967731506707857,3.0000786483075395,2873.947920,1.952085,-2875.9000050830982,5612.1916084191762,1,6.6e-12
0.9973885237361417,0.0,0.0035059024094088,-0.0004675334652201,0.0027958209259991,-0.0027441236731984,9.8967383710234369,3.0000786544515470,2877.891259,1.952827,-2879.8440862057205,5622.0241871308535,1,1.2e-10
0.9973894359497655,0.0,0.0035025294629851,-0.0004695978503799,0.0027900986396227,-0.0027618752891065,9.8967017935873294,3.0000786609031653,2882.040798,1.953617,-2883.9944157162076,5632.4048447846435,1,1.8e-10
0.9973903799008139,0.0,0.0034989820439357,-0.0004717275678867,0.0027841612467213,-0.0027803847205844,9.8966640854896291,3.0000786675435465,2886.321153,1.954443,-2888.2755958199477,5643.1490897792391,1,8.8e-12
0.9973913783011215,0.0,0.0034951650667523,-0.0004739727000515,0.0027778632097832,-0.0028001219217269,9.8966243632345119,3.0000786745269545,2890.832944,1.955324,-2892.7882673582053,5654.5141956387088,1,1.1e-10
0.9973924358264772,0.0,0.0034910471432155,-0.0004763421388932,0.0027711713149092,-0.0028212134717810,9.8965824737729964,3.0000786818784579,2895.594021,1.956266,-2897.5502869120387,5666.5515140518546,1,8.7e-11
0.9973935576153765,0.0,0.0034865921356264,-0.0004788454274924,0.0027640486265534,-0.0028438027622053,9.8965382527876677,3.0000786896248210,2900.623590,1.957275,-2902.5808648716124,5679.3169994866475,1,1.4e-10
0.9973947493066899,0.0,0.0034817582943509,-0.0004814927385343,0.0027564540621918,-0.0028680526136450,9.8964915248768239,3.0000786977944265,2905.942206,1.958357,-2907.9005629982389,5692.8710501110181,1,1.1e-11
0.9973960170745817,0.0,0.0034764972174432,-0.0004842948137405,0.0027483419373949,-0.0028941483342637,9.8964421042743247,3.0000787064171068,2911.571700,1.959519,-2913.5312188752300,5707.2787936329842,1,1.7e-10
0.9973973676572145,0.0,0.0034707525934696,-0.0004872628448077,0.0027396614911377,-0.0029223012881056,9.8963897963606033,3.0000787155238369,2917.535030,1.960768,-2919.4957977471577,5722.6095758276060,1,9.1e-11
0.9973988083739151,0.0,0.0034644586810187,-0.0004904082679667,0.0027303564101247,-0.0029527530445904,9.8963344003172846,3.0000787251462206,2923.855982,1.962113,-2925.8180950931555,5738.9366961000487,1,9.0e-11
0.9974003471230157,0.0,0.0034575384702685,-0.0004937424323444,0.0027203643833015,-0.0029857801763793,9.8962757134132904,3.0000787353157023,2930.558707,1.963563,-2932.5222698834968,5756.3361518159509,1,4.5e-11
0.9974019923489315,0.0,0.0034499014646383,-0.0004972760852584,0.0027096167377356,-0.0030216997554011,9.8962135376112954,3.0000787460623890,2937.666974,1.965126,-2939.6320997927355,5774.8850250281394,1,1.8e-10
0.9974037529620008,0.0,0.0034414410161632,-0.0005010185937397,0.0026980382363903,-0.0030608755560250,9.8961476893897107,3.0000787574133279,2945.203063,1.966811,-2947.1698740451152,5794.6585972430184,1,1.1e-11
0.9974056381877563,0.0,0.0034320311514786,-0.0005049767883827,0.0026855471614948,-0.0031037248918479,9.8960780140467595,3.0000787693900541,2953.186122,1.968628,-2955.1547504454857,5815.7260814970359,1,4.8e-11
0.9974076573129531,0.0,0.0034215228444680,-0.0005091532704652,0.0026720558711541,-0.0031507258593241,9.8960044060856980,3.0000787820051404,2961.629836,1.970585,-2963.6004214394011,5838.1443704217672,1,6.4e-11
0.9974098192839482,0.0,0.0034097397420078,-0.0005135439638101,0.0026574721063327,-0.0032024244907291,9.8959268377638416,3.0000787952574357,2970.539114,1.972689,-2972.5118022339157,5861.9487533709034,1,8.5e-11
0.9974121320988936,0.0,0.0033964734567884,-0.0005181346191173,0.0026417014496969,-0.0032594408585468,9.8958453983140888,3.0000788091256032,2979.905526,1.974942,-2981.8804680811791,5887.1400061491877,1,2.0e-10
0.9974146019209895,0.0,0.0033814787491193,-0.0005228958971867,0.0026246514980650,-0.0033224724187339,9.8957603465776014,3.0000788235595577,2989.701152,1.977343,-2991.6784950916190,5913.6661795582622,1,1.7e-10
0.9974172318309076,0.0,0.0033644692939245,-0.0005277765912712,0.0026062384976301,-0.0033922916968634,9.8956721794896723,3.0000788384694501,2999.870511,1.979885,-3001.8503964460078,5941.3989199725911,1,1.3e-10
0.9974175352250081,0.0,0.0033624322188031,-0.0005283254293580,0.0026040960907395,-0.0034005400365541,9.8956621794896726,3.0000788401571716,3001.024892,1.980177,-3003.0050683454474,5944.5595112415031,1,1.5e-10
0.9974178397509335,0.0,0.0033603712136953,-0.0005288731242784,0.0026019417500367,-0.0034088614260932,9.8956521794896730,3.0000788418442115,3002.179473,1.980469,-3004.1599417426032,5947.7231301274151,1,9.7e-11
0.9974181454361758,0.0,0.0033582856763889,-0.0005294196174605,0.0025997751920114,-0.0034172576864588,9.8956421794896716,3.0000788435305679,3003.334249,1.980762,-3005.3150106636531,5950.8899014228955,1,3.4e-11
0.9974184523103146,0.0,0.0033561749737126,-0.0005299648489351,0.0025975961149861,-0.0034257307377178,9.8956321794896720,3.0000788452162426,3004.489226,1.981055,-3006.4702812122559,5954.0596717027947,1,4.4e-10
0.9974187604034761,0.0,0.0033540384499188,-0.0005305087545051,0.0025954042097742,-0.0034342825635227,9.8956221794896724,3.0000788469012329,3005.644394,1.981350,-3007.6257440415111,5957.2326276879758,1,1.2e-11
0.9974190697479332,0.0,0.0033518754162193,-0.0005310512678860,0.0025931991482032,-0.0034429152517556,9.8956121794896728,3.0000788485855421,3006.799763,1.981645,-3008.7814075377555,5960.4086358761415,1,2.6e-11
0.9974193803769931,0.0,0.0033496851559840,-0.0005315923186595,0.0025909805907134,-0.0034516309716925,9.8956021794896731,3.0000788502691718,3007.955330,1.981940,-3009.9372697345525,5963.5876820757985,1,3.1e-12
0.9974196923252940,0.0,0.0033474669217843,-0.0005321318323384,0.0025887481840570,-0.0034604319841044,9.8955921794896717,3.0000788519521202,3009.111093,1.982237,-3011.0933291994907,5966.7698530387133,1,1.8e-10
0.9974200056292972,0.0,0.0033452199309684,-0.0005326697307257,0.0025865015575515,-0.0034693206569471,9.8955821794896721,3.0000788536343901,3010.267055,1.982533,-3012.2495883678293,5969.9550747713074,1,1.1e-10
0.9974203203270364,0.0,0.0033429433655979,-0.0005332059311015,0.0025842403245573,-0.0034782994634217,9.8955721794896725,3.0000788553159810,3011.423215,1.982831,-3013.4060464780741,5973.1433773646131,1,1.9e-11
0.9974206364584256,0.0,0.0033406363689647,-0.0005337403461936,0.0025819640800253,-0.0034873709935522,9.8955621794896729,3.0000788569968928,3012.579573,1.983129,-3014.5627021736664,5976.3347808839753,1,1.2e-10
0.9974209540652113,0.0,0.0033382980440301,-0.0005342728836145,0.0025796724004821,-0.0034965379578857,9.8955521794896715,3.0000788586771288,3013.736130,1.983428,-3015.7195583423972,5979.5292350929230,1,9.2e-11
0.9974212731912175,0.0,0.0033359274500198,-0.0005348034456450,0.0025773648419807,-0.0035058031983326,9.8955421794896719,3.0000788603566866,3014.892883,1.983728,-3016.8766112705252,5982.7268326617777,1,1.8e-10
0.9974215938824842,0.0,0.0033335235993874,-0.0005353319288492,0.0025750409386963,-0.0035151696972601,9.8955321794896722,3.0000788620355689,3016.049837,1.984028,-3018.0338652363944,5985.9274884257466,1,9.3e-11
0.9974219161873658,0.0,0.0033310854549343,-0.0005358582235437,0.0025727002018437,-0.0035246405857502,9.8955221794896726,3.0000788637137759,3017.206989,1.984329,-3019.1913177752713,5989.1312241386622,1,1.7e-10
0.9974222401567384,0.0,0.0033286119259913,-0.0005363822133781,0.0025703421177480,-0.0035342191552511,9.8955121794896730,3.0000788653913077,3018.364340,1.984631,-3020.3489701491708,5992.3380621699616,1,1.6e-10
0.9974225658441566,0.0,0.0033261018647077,-0.0005369037747706,0.0025679661462427,-0.0035439088684979,9.8955021794896716,3.0000788670681660,3019.521889,1.984933,-3021.5068221593574,5995.5479351300746,1,1.3e-10
0.9974228933060973,0.0,0.0033235540614771,-0.0005374227763928,0.0025655717183938,-0.0035537133734562,9.8954921794896720,3.0000788687443505,3020.679638,1.985236,-3022.6648731727482,5998.7609094800428,1,2.0e-10
0.9974232226022514,0.0,0.0033209672398254,-0.0005379390786123,0.0025631582338541,-0.0035636365189592,9.8954821794896723,3.0000788704198627,3021.837586,1.985539,-3023.8231252361602,6001.9770397748798,1,1.4e-10
0.9974235537955188,0.0,0.0033183400528506,-0.0005384525324708,0.0025607250602457,-0.0035736823639332,9.8954721794896727,3.0000788720947025,3022.995734,1.985843,-3024.9815776627956,6005.1961294440553,1,7.5e-12
0.9974238869524722,0.0,0.0033156710762876,-0.0005389629791609,0.0025582715291645,-0.0035838551992393,9.8954621794896731,3.0000788737688708,3024.154081,1.986148,-3026.1402293230485,6008.4183770054951,1,3.5e-12
0.9974242221437865,0.0,0.0033129588013439,-0.0005394702493259,0.0025557969323452,-0.0035941595697992,9.8954521794896717,3.0000788754423691,3025.312626,1.986454,-3027.2990799742638,6011.6437240419909,1,3.7e-10
0.9974245594441231,0.0,0.0033102016306977,-0.0005399741615488,0.0025533005216182,-0.0036046002840457,9.8954421794896721,3.0000788771151963,3026.471373,1.986760,-3028.4581332525649,6014.8721429044381,1,1.4e-10
0.9974248989331073,0.0,0.0033073978667006,-0.0005404745220364,0.0025507815010225,-0.0036151824525874,9.8954321794896725,3.0000788787873538,3027.630319,1.987067,-3029.6173857712411,6018.1036534858868,1,2.7e-10
0.9974252406952007,0.0,0.0033045457063791,-0.0005409711227765,0.0025482390266436,-0.0036259115001252,9.8954221794896728,3.0000788804588439,3028.789466,1.987374,-3030.7768402705988,6021.3382630459964,1,8.6e-11
0.9974255848203768,0.0,0.0033016432304026,-0.0005414637404717,0.0025456722006575,-0.0036367931996321,9.8954121794896714,3.0000788821296647,3029.948813,1.987682,-3031.9364949814508,6024.5759342247620,1,9.1e-13
0.9974259314047607,0.0,0.0032986883913998,-0.0005419521352124,0.0025430800654216,-0.0036478337079739,9.8954021794896718,3.0000788837998194,3031.108359,1.987991,-3033.0963501323413,6027.8166904263198,1,1.1e-10
0.9974262805509406,0.0,0.0032956790038257,-0.0005424360484676,0.0025404615998532,-0.0036590395946764,9.8953921794896722,3.0000788854693061,3032.268106,1.988301,-3034.2564068019574,6031.0605285726488,1,1.1e-10
0.9974266323687905,0.0,0.0032926127291559,-0.0005429152014107,0.0025378157119007,-0.0036704178871360,9.8953821794896726,3.0000788871381272,3033.428054,1.988611,-3035.4166647233806,6034.3075150009245,1,8.2e-11
0.9974269869761512,0.0,0.0032894870609379,-0.0005433892927176,0.0025351412318442,-0.0036819761149873,9.8953721794896730,3.0000788888062830,3034.588203,1.988921,-3036.5771244067064,6037.5575153902173,1,2.3e-11
0.9974273444996704,0.0,0.0032862993074284,-0.0005438579961390,0.0025324369042426,-0.0036937223619828,9.8953621794896716,3.0000788904737736,3035.748551,1.989233,-3037.7377842166670,6040.8106632912531,1,1.7e-10
0.9974277050756778,0.0,0.0032830465724266,-0.0005443209576511,0.0025297013793455,-0.0037056653228600,9.8953521794896719,3.0000788921406008,3036.909102,1.989545,-3038.8986463697192,6044.0669093802571,1,2.6e-10
0.9974280688513212,0.0,0.0032797257323556,-0.0005447777923545,0.0025269332023000,-0.0037178143721085,9.8953421794896723,3.0000788938067640,3038.069854,1.989858,-3040.0597111070247,6047.3262060340494,1,1.1e-10
0.9974284359858735,0.0,0.0032763334100565,-0.0005452280808914,0.0025241308007602,-0.0037301796425446,9.8953321794896727,3.0000788954722646,3039.230806,1.990171,-3041.2209768999664,6050.5885984888300,1,1.8e-10
0.9974288066518560,0.0,0.0032728659474605,-0.0005456713649421,0.0025212924734352,-0.0037427721053478,9.8953221794896731,3.0000788971371026,3040.391961,1.990485,-3042.3824455414333,6053.8541035084054,1,5.3e-11
0.9974291810370166,0.0,0.0032693193689268,-0.0005461071426904,0.0025184163718593,-0.0037556036812358,9.8953121794896717,3.0000788988012799,3041.553316,1.990800,-3043.5441158233352,6057.1227087881416,1,7.4e-11
0.9974295593460081,0.0,0.0032656893433416,-0.0005465348629199,0.0025155004838114,-0.0037686873523936,9.8953021794896721,3.0000789004647950,3042.714874,1.991115,-3044.7059888400381,6060.3943238230422,1,2.7e-11
0.9974299418026419,0.0,0.0032619711377430,-0.0005469539184073,0.0025125426117841,-0.0037820373009958,9.8952921794896724,3.0000789021276506,3043.876633,1.991431,-3045.8680632879132,6063.6691441368312,1,5.6e-11
0.9974303286526447,0.0,0.0032581595618467,-0.0005473636382479,0.0025095403468886,-0.0037956690754974,9.8952821794896728,3.0000789037898477,3045.038596,1.991747,-3047.0303431419006,6066.9469301421195,1,3.6e-10
0.9974307201661421,0.0,0.0032542489093931,-0.0005477632780310,0.0025064910439812,-0.0038095997624416,9.8952721794896714,3.0000789054513839,3046.200757,1.992064,-3048.1928208923482,6070.2279577106237,1,1.7e-10
0.9974311166421150,0.0,0.0032502328752301,-0.0005481520096253,0.0025033917805329,-0.0038238482380576,9.8952621794896718,3.0000789071122620,3047.363122,1.992382,-3049.3555037053084,6073.5120175201446,1,1.2e-10
0.9974315184123600,0.0,0.0032461044683600,-0.0005485289075094,0.0025002393181180,-0.0038384354252963,9.8952521794896722,3.0000789087724837,3048.525689,1.992701,-3050.5183895324717,6076.7991526406258,1,1.6e-10
0.9974319258465625,0.0,0.0032418559044046,-0.0005488929326977,0.0024970300535547,-0.0038533846135859,9.8952421794896726,3.0000789104320487,3049.688461,1.993020,-3051.6814803110719,6080.0893631670624,1,9.5e-11
0.9974323393585057,0.0,0.0032374784751414,-0.0005492429131851,0.0024937599594379,-0.0038687218468688,9.8952321794896729,3.0000789120909559,3050.851434,1.993339,-3052.8447731892911,6083.3826889516786,1,1.8e-10
0.9974327594144798,0.0,0.0032329623810463,-0.0005495775205388,0.0024904245050607,-0.0038844764257474,9.8952221794896715,3.0000789137492081,3052.014608,1.993660,-3054.0082676664970,6086.6791577953845,1,1.4e-10
0.9974331865424781,0.0,0.0032282965353845,-0.0005498952399183,0.0024870185679756,-0.0039006814889664,9.8952121794896719,3.0000789154068053,3053.177987,1.993981,-3055.1719678345371,6089.9786565667018,1,1.1e-10
0.9974336213430630,0.0,0.0032234683265041,-0.0005501943322665,0.0024835363286151,-0.0039173747158990,9.8952021794896723,3.0000789170637416,3054.341555,1.994303,-3056.3358576283863,6093.2815023651347,1,1.9e-09
0.9974340645097265,0.0,0.0032184632511006,-0.0005504727903340,0.0024799710851144,-0.0039345994438044,9.8951921794896727,3.0000789187200358,3055.505348,1.994625,-3057.4999730598038,6096.5870839338750,1,6.7e-10
0.9974345168382736,0.0,0.0032132646119331,-0.0005507282723169,0.0024763151475168,-0.0039524055194638,9.8951821794896730,3.0000789203756675,3056.669327,1.994948,-3058.6642751578511,6099.8960265750065,1,2.0e-09
0.9974349792628103,0.0,0.0032078528867887,-0.0005509580293595,0.0024725595133687,-0.0039708512296931,9.8951721794896716,3.0000789220306472,3057.833521,1.995271,-3059.8287928428917,6103.2077945731580,1,7.3e-10
0.9974354528853331,0.0,0.0032022050736122,-0.0005511587985741,0.0024686935803835,-0.0039900052321715,9.8951621794896720,3.0000789236849892,3058.997924,1.995596,-3060.9935200170448,6106.5228266138583,1,6.1e-10
0.9974359390128303,0.0,0.0031962938476276,-0.0005513266600061,0.0024647047832330,-0.0040099490296213,9.8951521794896724,3.0000789253386686,3060.162525,1.995921,-3062.1584455938000,6109.8408847711980,1,1.1e-10
0.9974364392252034,0.0,0.0031900862242031,-0.0005514568468751,0.0024605779600923,-0.0040307809803482,9.8951421794896728,3.0000789269916646,3061.327297,1.996246,-3063.3235426122601,6113.1621877411380,1,1.2e-09
0.9974369554870260,0.0,0.0031835414755902,-0.0005515434757367,0.0024562943273726,-0.0040526226040324,9.8951321794896714,3.0000789286440779,3062.492334,1.996572,-3064.4889061857457,6116.4863539729267,1,2.4e-10
0.9974374902078686,0.0,0.0031766092852702,-0.0005515791382312,0.0024518308214184,-0.0040756237930963,9.8951221794896718,3.0000789302958086,3063.657544,1.996899,-3065.6544427085664,6119.8137843767181,1,1.5e-10
0.9974380464968030,0.0,0.0031692251113926,-0.0005515543194531,0.0024471577822536,-0.0040999768963105,9.8951121794896721,3.0000789319468906,3064.822955,1.997226,-3066.8201814811810,6123.1443585166708,1,6.0e-10
0.9974386284204095,0.0,0.0031613045477692,-0.0005514564625711,0.0024422364707856,-0.0041259333448724,9.8951021794896725,3.0000789335973237,3065.988577,1.997554,-3067.9861307133460,6126.4779371777549,1,2.9e-11
0.9974392414894574,0.0,0.0031527333601498,-0.0005512684442496,0.0024370144858313,-0.0041538333212888,9.8950921794896729,3.0000789352471116,3067.154400,1.997883,-3069.1522823708565,6129.8146691750735,1,2.6e-10
0.9974398934904466,0.0,0.0031433503240409,-0.0005509659074862,0.0024314179191285,-0.0041841567854249,9.8950821794896715,3.0000789368962493,3068.320428,1.998212,-3070.3186398208145,6133.1544527336955,1,1.4e-10
0.9974405960684340,0.0,0.0031329146467008,-0.0005505121966860,0.0024253364451902,-0.0042176203542380,9.8950721794896719,3.0000789385447453,3069.486658,1.998542,-3071.4852001600239,6136.4974362775683,1,8.9e-10
0.9974413680650203,0.0,0.0031210372057627,-0.0005498476072763,0.0024185918914208,-0.0042553817054597,9.8950621794896723,3.0000789401925911,3070.653097,1.998872,-3072.6519688244189,6139.8433906147256,1,2.8e-10
0.9974422438784653,0.0,0.0031070085862899,-0.0005488624369848,0.0024108596112391,-0.0042995507589321,9.8950521794896726,3.0000789418397935,3071.819738,1.999203,-3073.8189414839553,6143.1925184866413,1,4.4e-10
0.9974433009690751,0.0,0.0030892335121813,-0.0005473079782316,0.0024014100194580,-0.0043548705539230,9.8950421794896730,3.0000789434863435,3072.986586,1.999535,-3074.9861210349927,6146.5445434832945,1,1.4e-09
0.9974448312238740,0.0,0.0030617104039923,-0.0005442401157639,0.0023875001655352,-0.0044391783455617,9.8950321794896716,3.0000789451322438,3074.153615,1.999866,-3076.1534823185184,6149.9001539312303,1,2.4e-09
