x0,y0,z0,xd0,yd0,zd0,Tp,JC,stabilityIndex1,stabilityIndex2,alpha,beta,impactFlag,error
1.0003448924974594,0.0,-0.0008741721923790,0.0000000000000000,0.0175210476629218,0.0000000000000000,14.3403098602102883,3.0000959431209173,-2194.728646,2.003477,2192.7251687249372,-4395.0885648550466,1,1.1e-08
1.0003449693827102,0.0,-0.0008743095738486,0.0000000000000000,0.0175191427193470,0.0000000000000000,14.3404248087352340,3.0000959427182994,-2196.554889,2.000242,2194.5546449374524,-4391.6449412056245,1,7.7e-10
1.0003450474955040,0.0,-0.0008744492048429,0.0000000000000000,0.0175172072100984,0.0000000000000000,14.3405419665591047,3.0000959423071945,-2198.038471,2.000003,2196.0400399450518,-4390.6291572903283,1,5.0e-09
1.0003451252818210,0.0,-0.0008745883042230,0.0000000000000000,0.0175152796843638,0.0000000000000000,14.3406589817383203,3.0000959418958475,-2198.649424,2.000035,2196.6493850780535,-4395.3846645937301,1,1.1e-10
1.0003452043139569,0.0,-0.0008747296864496,0.0000000000000000,0.0175133211587715,0.0000000000000000,14.3407782391429670,3.0000959414758612,-2199.614845,2.000313,2197.6145247606473,-4397.9334298069589,1,1.0e-09
1.0003452845998344,0.0,-0.0008748733702577,0.0000000000000000,0.0175113314103309,0.0000000000000000,14.3408997814531940,3.0000959410470509,-2200.684870,2.000248,2198.6846122143979,-4399.9379947129637,1,7.9e-10
1.0003453661612907,0.0,-0.0008750193961275,0.0000000000000000,0.0175093099059207,0.0000000000000000,14.3410236520122201,3.0000959406092296,-2202.024449,2.000014,2200.0252403451668,-4400.3066440653056,1,2.6e-09
1.0003454490192796,0.0,-0.0008751678033704,0.0000000000000000,0.0175072561307569,0.0000000000000000,14.3411498948054703,3.0000959401622054,-2203.001464,2.000019,2201.0018107200740,-4403.2400874318555,1,1.2e-09
1.0003455315057630,0.0,-0.0008753156060754,0.0000000000000000,0.0175052114203782,0.0000000000000000,14.3412759814584359,3.0000959397149227,-2204.313201,2.000024,2202.3144289694465,-4403.9193543447182,1,4.0e-09
1.0003456153009804,0.0,-0.0008754658157651,0.0000000000000000,0.0175031341247642,0.0000000000000000,14.3414044843235953,3.0000959392582374,-2204.770543,2.001279,2202.7692334232270,-4410.4273845436983,1,4.1e-09
1.0003457004221001,0.0,-0.0008756184656801,0.0000000000000000,0.0175010238169939,0.0000000000000000,14.3415354489275693,3.0000959387919579,-2206.324249,2.000037,2204.3246240803928,-4409.8211502647027,1,1.3e-09
1.0003457834742426,0.0,-0.0008757674654169,0.0000000000000000,0.0174989646801052,0.0000000000000000,14.3416636360610905,3.0000959383347459,-2207.440074,2.000044,2205.4405203625793,-4411.8944620299153,1,1.6e-09
1.0003458661588824,0.0,-0.0008759158671068,0.0000000000000000,0.0174969145106183,0.0000000000000000,14.3417916695071508,3.0000959378772807,-2208.495058,2.000052,2206.4953530061321,-4414.3389367521740,1,1.1e-09
1.0003459501695062,0.0,-0.0008760667083052,0.0000000000000000,0.0174948313481749,0.0000000000000000,14.3419221605384699,3.0000959374102245,-2209.070480,2.001742,2207.0686770673710,-4420.1248673247173,1,5.6e-09
1.0003460338152230,0.0,-0.0008762169551667,0.0000000000000000,0.0174927571070662,0.0000000000000000,14.3420524960642624,3.0000959369429112,-2210.317475,2.001191,2208.3162130798737,-4421.4250259534456,1,3.8e-09
1.0003461187942100,0.0,-0.0008763696595488,0.0000000000000000,0.0174906496689385,0.0000000000000000,14.3421853348691162,3.0000959364658035,-2211.736056,2.000084,2209.7359293528643,-4421.7523563653231,1,1.4e-10
1.0003462034098227,0.0,-0.0008765217715433,0.0000000000000000,0.0174885511310747,0.0000000000000000,14.3423180163518467,3.0000959359884378,-2212.888512,2.000094,2210.8884968519706,-4423.8110247496516,1,2.6e-10
1.0003462893781652,0.0,-0.0008766763781846,0.0000000000000000,0.0174864189207546,0.0000000000000000,14.3424532471653858,3.0000959355010699,-2213.511453,2.001937,2211.5094111564031,-4429.5434634182602,1,6.3e-09
1.0003463767196894,0.0,-0.0008768335187269,0.0000000000000000,0.0174842525309676,0.0000000000000000,14.3425910758520061,3.0000959350034817,-2214.824430,2.001338,2212.8229748952581,-4430.8727016146295,1,4.3e-09
1.0003464654493572,0.0,-0.0008769932237060,0.0000000000000000,0.0174820515793585,0.0000000000000000,14.3427315519879688,3.0000959344954605,-2216.943744,2.000132,2214.9459321307440,-4427.0360207962804,1,7.6e-09
1.0003465555922040,0.0,-0.0008771555396497,0.0000000000000000,0.0174798154575974,0.0000000000000000,14.3428747257554612,3.0000959339767830,-2217.668615,2.000148,2215.6689448631514,-4432.6051043584011,1,1.6e-09
1.0003466471663514,0.0,-0.0008773205025759,0.0000000000000000,0.0174775437091528,0.0000000000000000,14.3430206485501763,3.0000959334472181,-2219.059759,2.000164,2217.0607413899997,-4433.9394349209033,1,3.7e-09
1.0003467401909465,0.0,-0.0008774881498142,0.0000000000000000,0.0174752358588065,0.0000000000000000,14.3431693725800287,3.0000959329065422,-2220.275688,2.000182,2218.2765612463554,-4436.6134252520278,1,3.5e-09
1.0003468327985281,0.0,-0.0008776551168312,0.0000000000000000,0.0174729382372180,0.0000000000000000,14.3433179195206755,3.0000959323655674,-2221.089439,2.000582,2219.0886583263418,-4441.9120872844942,1,1.9e-09
1.0003469249947028,0.0,-0.0008778214128241,0.0000000000000000,0.0174706507068236,0.0000000000000000,14.3434662916221995,3.0000959318242963,-2222.426243,2.000238,2220.4258542547686,-4443.7154816519469,1,5.3e-10
1.0003470167853794,0.0,-0.0008779870471957,0.0000000000000000,0.0174683731263072,0.0000000000000000,14.3436144909254839,3.0000959312827393,-2223.774327,2.000243,2221.7743894394662,-4445.4102149750106,1,1.0e-09
1.0003471100414127,0.0,-0.0008781553960748,0.0000000000000000,0.0174660590838249,0.0000000000000000,14.3437655404965145,3.0000959307298358,-2224.874395,2.000308,2222.8738664244083,-4448.9259111369029,1,8.5e-10
1.0003472028874136,0.0,-0.0008783230757703,0.0000000000000000,0.0174637551069407,0.0000000000000000,14.3439164156275787,3.0000959301766437,-2226.389912,2.000287,2224.3904145505585,-4449.6620310298167,1,2.6e-09
1.0003472934900830,0.0,-0.0008784867703491,0.0000000000000000,0.0174615067152297,0.0000000000000000,14.3440641038290355,3.0000959296342482,-2227.308982,2.000388,2225.3083213028585,-4454.0905990321189,1,1.1e-09
1.0003473855463305,0.0,-0.0008786531600721,0.0000000000000000,0.0174592221484483,0.0000000000000000,14.3442146380889248,3.0000959290805094,-2228.397945,2.000921,2226.3966965550862,-4457.5773628442548,1,3.0e-09
1.0003474790821363,0.0,-0.0008788222934895,0.0000000000000000,0.0174569007757505,0.0000000000000000,14.3443680725372573,3.0000959285151847,-2230.401492,2.000360,2228.4031027622696,-4455.2109604105353,1,6.5e-09
1.0003475741164300,0.0,-0.0008789942081378,0.0000000000000000,0.0174545421238724,0.0000000000000000,14.3445244626117852,3.0000959279380317,-2230.758949,2.001581,2228.7569856758491,-4463.8970192861743,1,5.2e-09
1.0003476668529905,0.0,-0.0008791620354863,0.0000000000000000,0.0174522404164639,0.0000000000000000,14.3446775521505252,3.0000959273721484,-2232.019610,2.001530,2230.0176706998318,-4466.3669032873586,1,5.0e-09
1.0003477610827067,0.0,-0.0008793326351571,0.0000000000000000,0.0174499015649482,0.0000000000000000,14.3448335943158281,3.0000959267944349,-2233.606215,2.000479,2231.6054710504104,-4466.8735463228077,1,9.5e-10
1.0003478568275137,0.0,-0.0008795060496312,0.0000000000000000,0.0174475250277871,0.0000000000000000,14.3449926455257248,3.0000959262046432,-2234.987910,2.000488,2232.9874864798330,-4468.9221052606590,1,2.2e-10
1.0003479541094331,0.0,-0.0008796823216973,0.0000000000000000,0.0174451102608731,0.0000000000000000,14.3451547632843095,3.0000959256025150,-2236.080237,2.000823,2234.0789352836946,-4473.0712938331999,1,2.6e-09
1.0003480509743203,0.0,-0.0008798579117155,0.0000000000000000,0.0174427057704104,0.0000000000000000,14.3453167012913507,3.0000959250000965,-2237.529753,2.000572,2235.5289609406391,-4474.8321414617822,1,7.7e-10
1.0003481493963855,0.0,-0.0008800363988662,0.0000000000000000,0.0174402625583172,0.0000000000000000,14.3454817629398548,3.0000959243850809,-2239.123835,2.000585,2237.1240184537746,-4475.8368905028328,1,2.6e-09
1.0003482493941120,0.0,-0.0008802178206916,0.0000000000000000,0.0174377801582258,0.0000000000000000,14.3456500081408187,3.0000959237572009,-2240.055652,2.000904,2238.0541828416826,-4481.4029049482197,1,2.8e-09
1.0003483509922690,0.0,-0.0008804022246712,0.0000000000000000,0.0174352579646161,0.0000000000000000,14.3458214977063623,3.0000959231161848,-2242.160278,2.000658,2240.1615589870198,-4479.4478620383888,1,6.5e-09
1.0003484542112060,0.0,-0.0008805896516059,0.0000000000000000,0.0174326954686311,0.0000000000000000,14.3459962938410648,3.0000959224617545,-2242.951981,2.000746,2240.9508937314968,-4486.3432332221419,1,1.2e-09
1.0003485590747074,0.0,-0.0008807801477812,0.0000000000000000,0.0174300920855130,0.0000000000000000,14.3461744598184708,3.0000959217936241,-2244.469381,2.000766,2242.4686096924415,-4488.6703732893802,1,2.0e-11
1.0003486656038105,0.0,-0.0008809737554521,0.0000000000000000,0.0174274472898285,0.0000000000000000,14.3463560602797529,3.0000959211115030,-2245.819719,2.000839,2243.8185306312371,-4492.3088067998178,1,1.3e-09
1.0003487738231533,0.0,-0.0008811705224726,0.0000000000000000,0.0174247604782180,0.0000000000000000,14.3465411609455806,3.0000959204150961,-2247.532256,2.000851,2245.5319372900849,-4493.7817222708836,1,1.8e-09
1.0003488837558927,0.0,-0.0008813704948623,0.0000000000000000,0.0174220310763862,0.0000000000000000,14.3467298289387575,3.0000959197040973,-2248.924630,2.000912,2246.9238608352680,-4497.5795784522779,1,4.9e-10
1.0003489954261919,0.0,-0.0008815737200374,0.0000000000000000,0.0174192584911964,0.0000000000000000,14.3469221325776672,3.0000959189781984,-2250.394098,2.000974,2248.3930731471337,-4501.0942201549187,1,1.8e-10
1.0003491088560992,0.0,-0.0008817802426202,0.0000000000000000,0.0174164421722759,0.0000000000000000,14.3471181416882896,3.0000959182370823,-2252.111173,2.001015,2250.1107358384761,-4503.2080228892155,1,2.0e-09
1.0003492240716525,0.0,-0.0008819901133800,0.0000000000000000,0.0174135814836555,0.0000000000000000,14.3473179272328188,3.0000959174804263,-2253.494602,2.001098,2251.4933794629178,-4507.7451382325962,1,4.4e-10
1.0003493410966218,0.0,-0.0008822033798845,0.0000000000000000,0.0174106758374381,0.0000000000000000,14.3475215616990752,3.0000959167079002,-2255.321277,2.001137,2253.3208502502966,-4509.6052564317361,1,2.5e-09
1.0003494599548128,0.0,-0.0008824200898959,0.0000000000000000,0.0174077246450602,0.0000000000000000,14.3477291189881910,3.0000959159191658,-2256.755339,2.001223,2254.7541109926678,-4514.2819877867587,1,1.8e-11
1.0003495806728722,0.0,-0.0008826402957946,0.0000000000000000,0.0174047272551227,0.0000000000000000,14.3479406743285871,3.0000959151138797,-2258.535818,2.001278,2256.5349964155466,-4516.9269378124736,1,1.6e-09
1.0003497032760307,0.0,-0.0008828640479219,0.0000000000000000,0.0174016830473613,0.0000000000000000,14.3481563044884215,3.0000959142916899,-2260.222869,2.001352,2258.2219899524571,-4520.4320261627436,1,1.7e-09
1.0003498277899545,0.0,-0.0008830913975951,0.0000000000000000,0.0173985913906178,0.0000000000000000,14.3483760877427198,3.0000959134522360,-2262.148330,2.001414,2260.1481857809122,-4522.6240080110729,1,4.4e-09
1.0003499542401650,0.0,-0.0008833223959841,0.0000000000000000,0.0173954516578713,0.0000000000000000,14.3486001038891757,3.0000959125951527,-2263.411326,2.001559,2261.4092968295154,-4529.4147160779685,1,1.7e-09
1.0003500826525176,0.0,-0.0008835570950774,0.0000000000000000,0.0173922632135321,0.0000000000000000,14.3488284343150507,3.0000959117200652,-2265.261532,2.001621,2263.2597256223889,-4532.6139549640939,1,6.6e-10
1.0003502130553923,0.0,-0.0008837955509839,0.0000000000000000,0.0173890253665133,0.0000000000000000,14.3490611618876684,3.0000959108265883,-2267.738606,2.001654,2265.7392706920145,-4531.9699723497033,1,8.1e-09
1.0003503454746316,0.0,-0.0008840378160382,0.0000000000000000,0.0173857374815759,0.0000000000000000,14.3492983712102564,3.0000959099143327,-2269.090908,2.001773,2267.0896819087939,-4538.9631222398020,1,1.9e-09
1.0003504799384295,0.0,-0.0008842839464873,0.0000000000000000,0.0173823988712840,0.0000000000000000,14.3495401484717853,3.0000959089828996,-2270.615004,2.001941,2268.6124177246529,-4545.1017288547009,1,2.4e-09
1.0003506164735672,0.0,-0.0008845339965638,0.0000000000000000,0.0173790088793816,0.0000000000000000,14.3497865816193642,3.0000959080318799,-2272.836784,2.001973,2270.8353420657368,-4546.9497992522083,1,1.9e-09
1.0003507551090347,0.0,-0.0008847880242829,0.0000000000000000,0.0173755667996986,0.0000000000000000,14.3500377602557130,3.0000959070608553,-2274.514061,2.002122,2272.5115924581987,-4552.6427630851977,1,1.3e-09
1.0003508930629557,0.0,-0.0008850409334683,0.0000000000000000,0.0173721417121381,0.0000000000000000,14.3502886551985469,3.0000959060892485,-2276.856489,2.002171,2274.8555147613661,-4553.9321181224659,1,4.3e-09
1.0003510331434837,0.0,-0.0008852978735397,0.0000000000000000,0.0173686639068480,0.0000000000000000,14.3505443852984929,3.0000959050972176,-2278.164254,2.002429,2276.1607659811561,-4562.2744769291021,1,4.0e-09
1.0003511753799961,0.0,-0.0008855589035368,0.0000000000000000,0.0173651326692541,0.0000000000000000,14.3508050437375978,3.0000959040843251,-2280.536562,2.002430,2278.5344242502615,-4563.9480742388405,1,1.1e-09
1.0003513198017666,0.0,-0.0008858240825254,0.0000000000000000,0.0173615472874224,0.0000000000000000,14.3510707255248295,3.0000959030501289,-2283.023003,2.002510,2281.0225086457867,-4565.1740374984220,1,7.2e-09
1.0003514664383533,0.0,-0.0008860934702135,0.0000000000000000,0.0173579070435306,0.0000000000000000,14.3513415275384819,3.0000959019941749,-2284.732408,2.002667,2282.7305199245820,-4571.7781685525551,1,2.8e-09
1.0003516153197123,0.0,-0.0008863671272813,0.0000000000000000,0.0173542112098278,0.0000000000000000,14.3516175485750388,3.0000959009159991,-2286.574422,2.002840,2284.5715038758935,-4577.8207435975783,1,2.9e-10
1.0003517664764232,0.0,-0.0008866451154812,0.0000000000000000,0.0173504590464560,0.0000000000000000,14.3518988893436443,3.0000958998151304,-2288.600380,2.003003,2286.5969831356706,-4582.9740228704177,1,1.5e-09
1.0003519199391659,0.0,-0.0008869274970498,0.0000000000000000,0.0173466498105466,0.0000000000000000,14.3521856525676448,3.0000958986910851,-2290.971287,2.003108,2288.9685584805629,-4586.1938294949941,1,1.4e-09
1.0003520757397719,0.0,-0.0008872143363059,0.0000000000000000,0.0173427827337378,0.0000000000000000,14.3524779429627376,3.0000958975433689,-2293.157658,2.003264,2291.1547687644124,-4590.9405533135869,1,1.4e-09
1.0003522339086064,0.0,-0.0008875056955384,0.0000000000000000,0.0173388570798214,0.0000000000000000,14.3527758673786199,3.0000958963714783,-2295.332685,2.003434,2293.3294508578765,-4596.0890489607118,1,7.4e-10
1.0003523944789678,0.0,-0.0008878016417717,0.0000000000000000,0.0173348720496721,0.0000000000000000,14.3530795346653566,3.0000958951748999,-2297.841208,2.003567,2295.8387208375425,-4599.3983630510047,1,4.0e-09
1.0003525574829664,0.0,-0.0008881022405234,0.0000000000000000,0.0173308268694364,0.0000000000000000,14.3533890559020492,3.0000958939531075,-2299.761510,2.003805,2297.7574413087714,-4606.8802970028482,1,9.9e-10
1.0003527229533495,0.0,-0.0008884075586718,0.0000000000000000,0.0173267207505279,0.0000000000000000,14.3537045443548994,3.0000958927055619,-2302.194930,2.003969,2300.1910313779008,-4611.3646430997178,1,2.6e-10
1.0003528909234323,0.0,-0.0008887176640866,0.0000000000000000,0.0173225528939848,0.0000000000000000,14.3540261155018278,3.0000958914317173,-2304.863565,2.004115,2302.8605528191620,-4614.6704345750622,1,4.1e-09
1.0003530614274607,0.0,-0.0008890326264588,0.0000000000000000,0.0173183224798339,0.0000000000000000,14.3543538871035103,3.0000958901310120,-2306.641093,2.004454,2304.6355219087127,-4624.1329694851302,1,4.3e-09
1.0003532344991446,0.0,-0.0008893525149509,0.0000000000000000,0.0173140286999135,0.0000000000000000,14.3546879792878883,3.0000958888028744,-2309.450234,2.004569,2307.4457540405710,-4627.2477013044991,1,3.3e-10
1.0003534101734166,0.0,-0.0008896774008907,0.0000000000000000,0.0173096707200601,0.0000000000000000,14.3550285145253440,3.0000958874467187,-2312.475046,2.004711,2310.4722857309243,-4629.3327636416070,1,7.2e-09
1.0003535884862416,0.0,-0.0008900073574678,0.0000000000000000,0.0173052476844784,0.0000000000000000,14.3553756176889493,3.0000958860619513,-2314.283936,2.005059,2312.2782624485408,-4639.6992282774299,1,2.3e-09
1.0003537694717566,0.0,-0.0008903424554543,0.0000000000000000,0.0173007587762335,0.0000000000000000,14.3557294162309415,3.0000958846479593,-2317.188416,2.005227,2315.1836892533174,-4643.3292740019970,1,1.9e-09
1.0003539531671228,0.0,-0.0008906827705412,0.0000000000000000,0.0172962031140857,0.0000000000000000,14.3560900400158200,3.0000958832041213,-2319.541684,2.005529,2317.5357136890161,-4650.9306266782805,1,1.7e-09
1.0003541396091074,0.0,-0.0008910283781193,0.0000000000000000,0.0172915798259391,0.0000000000000000,14.3564576215251947,3.0000958817298007,-2322.171137,2.005795,2320.1647664577613,-4657.1360335890204,1,2.2e-09
1.0003543288342607,0.0,-0.0008913793536196,0.0000000000000000,0.0172868880442881,0.0000000000000000,14.3568322959002153,3.0000958802243485,-2325.102868,2.006013,2323.0970275333311,-4661.7855335325003,1,6.6e-10
1.0003545208806350,0.0,-0.0008917357750855,0.0000000000000000,0.0172821268701852,0.0000000000000000,14.3572142009229715,3.0000958786871008,-2327.878112,2.006288,2325.8720518583505,-4667.8630291526206,1,8.7e-10
1.0003547157867354,0.0,-0.0008920977216169,0.0000000000000000,0.0172772953953172,0.0000000000000000,14.3576034771195999,3.0000958771173791,-2330.597888,2.006595,2328.5912263695354,-4674.7202311935835,1,2.5e-10
1.0003549135901688,0.0,-0.0008924652712635,0.0000000000000000,0.0172723927313997,0.0000000000000000,14.3580002678604881,3.0000958755144929,-2333.491232,2.006888,2331.4844191509328,-4680.8792780744843,1,2.9e-10
1.0003551143314890,0.0,-0.0008928385069706,0.0000000000000000,0.0172674179274482,0.0000000000000000,14.3584047192767041,3.0000958738777332,-2336.377226,2.007205,2334.3700490461124,-4687.5217856201343,1,1.1e-10
1.0003553180497613,0.0,-0.0008932175097404,0.0000000000000000,0.0172623700652769,0.0000000000000000,14.3588169804826826,3.0000958722063791,-2339.486598,2.007501,2337.4796783100974,-4693.1613151305355,1,2.2e-09
1.0003555247853302,0.0,-0.0008936023628988,0.0000000000000000,0.0172572482001229,0.0000000000000000,14.3592372035322153,3.0000958704996923,-2342.083831,2.007927,2340.0751216090575,-4702.5666055204347,1,3.1e-09
1.0003557345794745,0.0,-0.0008939931516632,0.0000000000000000,0.0172520513672117,0.0000000000000000,14.3596655434981155,3.0000958687569179,-2345.540313,2.008193,2343.5327279138364,-4706.8716912828386,1,2.4e-09
1.0003559432244140,0.0,-0.0008943820393555,0.0000000000000000,0.0172468838318580,0.0000000000000000,14.3600934258872766,3.0000958670129152,-2348.225475,2.008627,2346.2162588659121,-4716.0919194673188,1,2.3e-09
1.0003561549701565,0.0,-0.0008947769486319,0.0000000000000000,0.0172416403697941,0.0000000000000000,14.3605295816924396,3.0000958652320642,-2351.592881,2.008942,2349.5842981916066,-4721.3701267447323,1,1.4e-09
1.0003563698585241,0.0,-0.0008951779662373,0.0000000000000000,0.0172363200070279,0.0000000000000000,14.3609741722218835,3.0000958634135793,-2354.528790,2.009374,2352.5190823740559,-4729.9141017198563,1,1.3e-09
1.0003565879326601,0.0,-0.0008955851813002,0.0000000000000000,0.0172309217428810,0.0000000000000000,14.3614273619717387,3.0000958615566566,-2357.904162,2.009741,2355.8947060995852,-4736.1055140164681,1,1.1e-09
1.0003568092358024,0.0,-0.0008959986835075,0.0000000000000000,0.0172254445755084,0.0000000000000000,14.3618893187337342,3.0000958596604788,-2360.849399,2.010229,2358.8384408159764,-4745.5692451945506,1,2.9e-09
1.0003570338119598,0.0,-0.0008964185641347,0.0000000000000000,0.0172198874878877,0.0000000000000000,14.3623602136408426,3.0000958577242081,-2364.688910,2.010557,2362.6794415158656,-4749.7671401919797,1,4.3e-09
1.0003572617052874,0.0,-0.0008968449150782,0.0000000000000000,0.0172142494612411,0.0000000000000000,14.3628402212519592,3.0000958557469892,-2367.875933,2.011043,2365.8654016709261,-4758.6886615827680,1,2.0e-09
1.0003574929617385,0.0,-0.0008972778314276,0.0000000000000000,0.0172085294397602,0.0000000000000000,14.3633295195703177,3.0000958537279492,-2371.148100,2.011544,2369.1365911488319,-4767.5843413858674,1,1.4e-10
1.0003577276265441,0.0,-0.0008977174075638,0.0000000000000000,0.0172027263846946,0.0000000000000000,14.3638282901939220,3.0000958516661953,-2374.877791,2.011986,2372.8667129456226,-4774.0651682834141,1,3.6e-09
1.0003579657465971,0.0,-0.0008981637408399,0.0000000000000000,0.0171968392235716,0.0000000000000000,14.3643367183119821,3.0000958495608181,-2378.108430,2.012554,2376.0957779247983,-4784.3048674482852,1,3.9e-10
1.0003582073686188,0.0,-0.0008986169288089,0.0000000000000000,0.0171908668889921,0.0000000000000000,14.3648549928427975,3.0000958474108854,-2382.033100,2.013020,2380.0211087580319,-4790.6295038391836,1,4.1e-09
1.0003584525413771,0.0,-0.0008990770725990,0.0000000000000000,0.0171848082719313,0.0000000000000000,14.3653833064277912,3.0000958452154487,-2385.268971,2.013652,2383.2549617824770,-4801.9526088670827,1,1.4e-09
1.0003587013122825,0.0,-0.0008995442716847,0.0000000000000000,0.0171786622942562,0.0000000000000000,14.3659218556250838,3.0000958429735358,-2388.929459,2.014234,2386.9146995722549,-4811.1178350937553,1,2.1e-09
1.0003589537311772,0.0,-0.0009000186297271,0.0000000000000000,0.0171724278282605,0.0000000000000000,14.3664708408626005,3.0000958406841569,-2392.903402,2.014786,2390.8887552865781,-4818.8545622355305,1,5.7e-10
1.0003592098479210,0.0,-0.0009005002509163,0.0000000000000000,0.0171661037475901,0.0000000000000000,14.3670304665998341,3.0000958383462981,-2396.485656,2.015456,2394.4694922722774,-4829.7071978091262,1,2.9e-09
1.0003594697132454,0.0,-0.0009009892412093,0.0000000000000000,0.0171596889100836,0.0000000000000000,14.3676009413738832,3.0000958359589247,-2400.727296,2.016026,2398.7116842294927,-4836.9330382626504,1,1.7e-09
1.0003597333782723,0.0,-0.0009014857076679,0.0000000000000000,0.0171531821673187,0.0000000000000000,14.3681824779046732,3.0000958335209824,-2404.275912,2.016777,2402.2581602586943,-4849.2309003113769,1,4.0e-09
1.0003600008952642,0.0,-0.0009019897595549,0.0000000000000000,0.0171465823496801,0.0000000000000000,14.3687752931537425,3.0000958310313925,-2408.660784,2.017393,2406.6435663122102,-4856.7941950350069,1,7.2e-10
1.0003602723171967,0.0,-0.0009025015077691,0.0000000000000000,0.0171398882744954,0.0000000000000000,14.3693796084243974,3.0000958284890502,-2412.859291,2.018090,2410.8416847145127,-4866.2007074104622,1,2.0e-09
1.0003605476976496,0.0,-0.0009030210646003,0.0000000000000000,0.0171330987495046,0.0000000000000000,14.3699956494503507,3.0000958258928327,-2417.048328,2.018829,2415.0300285326593,-4876.3272143956274,1,2.2e-09
1.0003608270909246,0.0,-0.0009035485439632,0.0000000000000000,0.0171262125699591,0.0000000000000000,14.3706236464861981,3.0000958232415882,-2420.999218,2.019656,2418.9791216123631,-4888.6515800291672,1,1.8e-09
1.0003611105522929,0.0,-0.0009040840617842,0.0000000000000000,0.0171192285136327,0.0000000000000000,14.3712638343887313,3.0000958205341455,-2425.661057,2.020388,2423.6413578650972,-4897.1053823959082,1,2.9e-09
1.0003613981377140,0.0,-0.0009046277355748,0.0000000000000000,0.0171121453469171,0.0000000000000000,14.3719164527205407,3.0000958177693033,-2429.775804,2.021268,2427.7543164676608,-4909.7624841849320,1,9.2e-10
1.0003616899041747,0.0,-0.0009051796849387,0.0000000000000000,0.0171049618180615,0.0000000000000000,14.3725817458316971,3.0000958149458379,-2433.966157,2.022181,2431.9428556361527,-4922.6471628542058,1,4.7e-09
1.0003619859092636,0.0,-0.0009057400309655,0.0000000000000000,0.0170976766659685,0.0000000000000000,14.3732599629746378,3.0000958120624972,-2438.950303,2.022984,2436.9276386652200,-4931.1785692670383,1,1.3e-09
1.0003622862116646,0.0,-0.0009063088969504,0.0000000000000000,0.0170902886103435,0.0000000000000000,14.3739513583826355,3.0000958091180054,-2443.178923,2.023981,2441.1539846344604,-4945.2857100558467,1,4.0e-09
1.0003625908703473,0.0,-0.0009068864072082,0.0000000000000000,0.0170827963684852,0.0000000000000000,14.3746561914011242,3.0000958061110565,-2448.341960,2.024849,2446.3176618044527,-4954.1739955772646,1,2.3e-09
1.0003628999458190,0.0,-0.0009074726889784,0.0000000000000000,0.0170751986294536,0.0000000000000000,14.3753747265496497,3.0000958030403182,-2453.175804,2.025830,2451.1506987094835,-4965.9399480666034,1,3.1e-09
1.0003632134990070,0.0,-0.0009080678707107,0.0000000000000000,0.0170674940777110,0.0000000000000000,14.3761072336598890,3.0000957999044293,-2457.967606,2.026869,2455.9412314378205,-4978.7621410917491,1,2.1e-09
1.0003635315922088,0.0,-0.0009086720835558,0.0000000000000000,0.0170596813732987,0.0000000000000000,14.3768539879577357,3.0000957967019990,-2462.605323,2.027988,2460.5768329950224,-4993.3714272482321,1,2.1e-09
1.0003638542880446,0.0,-0.0009092854597358,0.0000000000000000,0.0170517591741661,0.0000000000000000,14.3776152701992732,3.0000957934316079,-2467.469834,2.029120,2465.4396770354724,-5007.3515556235798,1,4.5e-09
1.0003641328966251,0.0,-0.0009098153725943,0.0000000000000000,0.0170449222338477,0.0000000000000000,14.3782755412738670,3.0000957905906063,-2472.214433,2.030018,2470.1846364773664,-5016.0915231886320,1,9.5e-10
1.0003644045795239,0.0,-0.0009103324107053,0.0000000000000000,0.0170382578786812,0.0000000000000000,14.3789220580360517,3.0000957878047667,-2476.506653,2.030973,2474.4760181626989,-5026.8799816560932,1,1.5e-09
1.0003646804556017,0.0,-0.0009108577268066,0.0000000000000000,0.0170314933549132,0.0000000000000000,14.3795812230846956,3.0000957849603931,-2480.247491,2.032072,2478.2138610673283,-5041.9055595765822,1,6.7e-09
1.0003649605832339,0.0,-0.0009113914430669,0.0000000000000000,0.0170246273838243,0.0000000000000000,14.3802532850879441,3.0000957820562419,-2485.294333,2.032984,2483.2618416360274,-5049.3389904727228,1,2.1e-09
1.0003652450223586,0.0,-0.0009119336846377,0.0000000000000000,0.0170176586572097,0.0000000000000000,14.3809384976530499,3.0000957790910423,-2489.732436,2.034051,2487.6987222267926,-5061.4044192889705,1,1.5e-09
1.0003655338333746,0.0,-0.0009124845779404,0.0000000000000000,0.0170105858608703,0.0000000000000000,14.3816371194551671,3.0000957760634952,-2494.475106,2.035115,2492.4408925738535,-5072.2945404984057,1,3.9e-09
1.0003658270774527,0.0,-0.0009130442511171,0.0000000000000000,0.0170034076686198,0.0000000000000000,14.3823494143303314,3.0000957729722777,-2498.747974,2.036305,2496.7113709331315,-5086.9582033250481,1,1.3e-09
1.0003661248168856,0.0,-0.0009136128346432,0.0000000000000000,0.0169961227345874,0.0000000000000000,14.3830756513729838,3.0000957698160331,-2503.589399,2.037452,2501.5520052095017,-5098.7967416569591,1,2.5e-10
1.0003664271148505,0.0,-0.0009141904609038,0.0000000000000000,0.0169887296990080,0.0000000000000000,14.3838161050460194,3.0000957665933785,-2508.351536,2.038663,2506.3127657969599,-5111.9532337100245,1,4.7e-10
1.0003667340349889,0.0,-0.0009147772636109,0.0000000000000000,0.0169812271965678,0.0000000000000000,14.3845710553036490,3.0000957633029035,-2513.272726,2.039901,2511.2327854832401,-5124.9262956324965,1,1.7e-10
1.0003670456423557,0.0,-0.0009153733792406,0.0000000000000000,0.0169736138373067,0.0000000000000000,14.3853407876758457,3.0000957599431630,-2518.426553,2.041156,2516.3858874003417,-5137.2654568701982,1,2.2e-09
1.0003673620023776,0.0,-0.0009159789454541,0.0000000000000000,0.0169658882281968,0.0000000000000000,14.3861255934086341,3.0000957565126849,-2523.408762,2.042493,2521.3664613967339,-5151.5598562839441,1,8.5e-10
1.0003676831819630,0.0,-0.0009165941028039,0.0000000000000000,0.0169580489505847,0.0000000000000000,14.3869257695511834,3.0000957530099632,-2528.197836,2.043916,2526.1529151952927,-5167.9636012399569,1,4.5e-09
1.0003680092485465,0.0,-0.0009172189932829,0.0000000000000000,0.0169500945800535,0.0000000000000000,14.3877416190988541,3.0000957494334624,-2533.910232,2.045255,2531.8654102564542,-5179.3947379826568,1,1.9e-09
1.0003683402706973,0.0,-0.0009178537612771,0.0000000000000000,0.0169420236739208,0.0000000000000000,14.3885734510959526,3.0000957457816120,-2539.095864,2.046733,2537.0490361069387,-5195.0933153475635,1,4.3e-10
1.0003686763179853,0.0,-0.0009184985533580,0.0000000000000000,0.0169338347745705,0.0000000000000000,14.3894215807638126,3.0000957420528085,-2544.700119,2.048209,2542.6523073669887,-5209.0674725067802,1,1.8e-09
1.0003690174607400,0.0,-0.0009191535179036,0.0000000000000000,0.0169255264146353,0.0000000000000000,14.3902863296293848,3.0000957382454141,-2549.963324,2.049796,2547.9130339756011,-5226.1652827835642,1,2.2e-09
1.0003693637705877,0.0,-0.0009198188059937,0.0000000000000000,0.0169170971057453,0.0000000000000000,14.3911680256422603,3.0000957343577568,-2555.564201,2.051397,2553.5121712212858,-5242.0929488497786,1,2.9e-09
1.0003697153199134,0.0,-0.0009204945705150,0.0000000000000000,0.0169085453505755,0.0000000000000000,14.3920670033144464,3.0000957303881277,-2561.514968,2.053013,2559.4619660575481,-5256.7941480609588,1,5.0e-11
1.0003700721822057,0.0,-0.0009211809667761,0.0000000000000000,0.0168998696352882,0.0000000000000000,14.3929836038474974,3.0000957263347825,-2567.481468,2.054693,2565.4271542325951,-5272.4127881126478,1,1.7e-09
1.0003704344320687,0.0,-0.0009218781524834,0.0000000000000000,0.0168910684301443,0.0000000000000000,14.3939181752659824,3.0000957221959408,-2573.423456,2.056444,2571.3673519684817,-5289.2254711408168,1,1.6e-09
1.0003708021452353,0.0,-0.0009225862878040,0.0000000000000000,0.0168821401891653,0.0000000000000000,14.3948710725554108,3.0000957179697809,-2579.518120,2.058244,2577.4603215177776,-5306.1287039397284,1,2.0e-09
1.0003711753983733,0.0,-0.0009233055350716,0.0000000000000000,0.0168730833544814,0.0000000000000000,14.3958426578069716,3.0000957136544439,-2585.603738,2.060114,2583.5438045105693,-5324.1717181047425,1,8.3e-10
1.0003715542692038,0.0,-0.0009240360589534,0.0000000000000000,0.0168638963544863,0.0000000000000000,14.3968333003582138,3.0000957092480331,-2591.706284,2.062054,2589.6438540838790,-5343.2120552058332,1,1.7e-09
1.0003719388366072,0.0,-0.0009247780266740,0.0000000000000000,0.0168545776014608,0.0000000000000000,14.3978433769381482,3.0000957047486083,-2598.298361,2.064004,2596.2345978421217,-5360.2731621232815,1,1.1e-09
1.0003723291807625,0.0,-0.0009255316082110,0.0000000000000000,0.0168451254893901,0.0000000000000000,14.3988732718118531,3.0000957001541901,-2604.748320,2.066047,2602.6823282340774,-5379.3884469890036,1,2.6e-10
1.0003727253828034,0.0,-0.0009262969757726,0.0000000000000000,0.0168355384013437,0.0000000000000000,14.3999233769407518,3.0000956954627567,-2611.418921,2.068139,2609.3509723179741,-5398.2801837963052,1,8.9e-10
1.0003731275251497,0.0,-0.0009270743043472,0.0000000000000000,0.0168258147027969,0.0000000000000000,14.4009940921307145,3.0000956906722416,-2618.112765,2.070307,2616.0424850267664,-5418.2255184990354,1,1.3e-10
1.0003735356912891,0.0,-0.0009278637713547,0.0000000000000000,0.0168159527466498,0.0000000000000000,14.4020858251946517,3.0000956857805354,-2624.706872,2.072564,2622.6334861325231,-5440.0309642688371,1,3.8e-09
1.0003739499659678,0.0,-0.0009286655569666,0.0000000000000000,0.0168059508695954,0.0000000000000000,14.4031989921099441,3.0000956807854844,-2631.819261,2.074843,2629.7439663615733,-5459.8000173419714,1,2.1e-09
1.0003743704351260,0.0,-0.0009294798440045,0.0000000000000000,0.0167958073939258,0.0000000000000000,14.4043340171850929,3.0000956756848884,-2638.800854,2.077218,2636.7227588663663,-5481.6791486749426,1,4.1e-09
1.0003747971860621,0.0,-0.0009303068182445,0.0000000000000000,0.0167855206242128,0.0000000000000000,14.4054913332233241,3.0000956704764996,-2646.125165,2.079641,2644.0448817221550,-5502.6899679694325,1,3.0e-09
1.0003752303071984,0.0,-0.0009311466680153,0.0000000000000000,0.0167750888529856,0.0000000000000000,14.4066713816986329,3.0000956651580242,-2653.970806,2.082096,2651.8894993323338,-5521.7260861867107,1,3.7e-09
1.0003756698883726,0.0,-0.0009319995847297,0.0000000000000000,0.0167645103545206,0.0000000000000000,14.4078746129252231,3.0000956597271156,-2661.317327,2.084689,2659.2329102201766,-5545.2944894400425,1,1.3e-09
1.0003761160204634,0.0,-0.0009328657622380,0.0000000000000000,0.0167537833936756,0.0000000000000000,14.4091014862423918,3.0000956541813828,-2669.160938,2.087322,2667.0744778380686,-5567.0990373748355,1,4.1e-09
1.0003765687960104,0.0,-0.0009337453978779,0.0000000000000000,0.0167429062129635,0.0000000000000000,14.4103524701840815,3.0000956485183794,-2676.779233,2.090067,2674.6894990873188,-5591.7570370505564,1,1.6e-09
1.0003770283087001,0.0,-0.0009346386916594,0.0000000000000000,0.0167318770437480,0.0000000000000000,14.4116280426747991,3.0000956427356096,-2684.283263,2.092913,2682.1893725361078,-5618.5947488332167,1,4.7e-09
1.0003774946534982,0.0,-0.0009355458464641,0.0000000000000000,0.0167206941042329,0.0000000000000000,14.4129286912151198,3.0000956368305216,-2692.822571,2.095758,2690.7272451670797,-5640.3395685181022,1,2.1e-09
1.0003779679269771,0.0,-0.0009364670686279,0.0000000000000000,0.0167093555926000,0.0000000000000000,14.4142549130683548,3.0000956308005131,-2700.984853,2.098732,2698.8863610620101,-5665.9956057677045,1,1.2e-09
1.0003783850168129,0.0,-0.0009372794162613,0.0000000000000000,0.0166993719868524,0.0000000000000000,14.4154288783395810,3.0000956254554780,-2708.335468,2.101374,2706.2345727187057,-5687.9283534125425,1,2.3e-09
1.0003788001197360,0.0,-0.0009380883414415,0.0000000000000000,0.0166894442390828,0.0000000000000000,14.4166020421065664,3.0000956201073596,-2715.400586,2.104056,2713.2964218614943,-5711.6486691511236,1,5.3e-10
1.0003792216880323,0.0,-0.0009389103178231,0.0000000000000000,0.0166793703737287,0.0000000000000000,14.4177983398339364,3.0000956146469582,-2722.797892,2.106792,2720.6910040999428,-5734.6310931630433,1,4.7e-10
1.0003796498140800,0.0,-0.0009397455416125,0.0000000000000000,0.0166691486188822,0.0000000000000000,14.4190182296801641,3.0000956090718893,-2730.535672,2.109585,2728.4266168688409,-5756.8500493713655,1,2.6e-09
1.0003800845915019,0.0,-0.0009405942118357,0.0000000000000000,0.0166587771888314,0.0000000000000000,14.4202621789631582,3.0000956033797181,-2738.131051,2.112474,2736.0188770307213,-5781.4078829884529,1,1.5e-09
1.0003805261150143,0.0,-0.0009414565301145,0.0000000000000000,0.0166482542875367,0.0000000000000000,14.4215306643475394,3.0000955975679591,-2745.911763,2.115436,2743.7965282115911,-5806.2491719387472,1,9.9e-10
1.0003809744809844,0.0,-0.0009423327015503,0.0000000000000000,0.0166375780978812,0.0000000000000000,14.4228241720229082,3.0000955916340737,-2753.823239,2.118475,2751.7048197867407,-5831.7519638370723,1,2.8e-10
1.0003814297868985,0.0,-0.0009432229339203,0.0000000000000000,0.0166267467926771,0.0000000000000000,14.4241431979057282,3.0000955855754681,-2761.663072,2.121608,2759.5407141218820,-5859.2377706421539,1,3.7e-09
1.0003818921317735,0.0,-0.0009441274383178,0.0000000000000000,0.0166157585270603,0.0000000000000000,14.4254882478274986,3.0000955793894919,-2770.239699,2.124782,2768.1151235391008,-5883.5843421821482,1,1.0e-09
1.0003823616159020,0.0,-0.0009450464287981,0.0000000000000000,0.0166046114437229,0.0000000000000000,14.4268598377396469,3.0000955730734433,-2778.488982,2.128069,2776.3606277551298,-5911.6091933180578,1,1.4e-09
1.0003828383411997,0.0,-0.0009459801229046,0.0000000000000000,0.0165933036668637,0.0000000000000000,14.4282584939111036,3.0000955666245566,-2787.194028,2.131420,2785.0627262500348,-5938.3504518298432,1,6.0e-10
1.0003833224107743,0.0,-0.0009469287410488,0.0000000000000000,0.0165818333108128,0.0000000000000000,14.4296847531434214,3.0000955600400121,-2796.049761,2.134857,2793.9153977535534,-5965.7869616653770,1,2.5e-09
1.0003838139293255,0.0,-0.0009478925071292,0.0000000000000000,0.0165701984728631,0.0000000000000000,14.4311391629763062,3.0000955533169273,-2804.625627,2.138405,2802.4867650729138,-5996.7069553146139,1,2.3e-09
1.0003843130030461,0.0,-0.0009488716483954,0.0000000000000000,0.0165583972357150,0.0000000000000000,14.4326222819055126,3.0000955464523598,-2813.977300,2.142006,2811.8357061442293,-6024.3957139477134,1,2.1e-09
1.0003848197396192,0.0,-0.0009498663954792,0.0000000000000000,0.0165464276678585,0.0000000000000000,14.4341346796035559,3.0000955394433033,-2823.081048,2.145719,2820.9353653993458,-6055.4366997936741,1,1.9e-10
1.0003853342482965,0.0,-0.0009508769825230,0.0000000000000000,0.0165342878226982,0.0000000000000000,14.4356769371432847,3.0000955322866880,-2832.543969,2.149512,2830.3946713823534,-6085.9810533360578,1,1.1e-09
1.0003858566397763,0.0,-0.0009519036470197,0.0000000000000000,0.0165219757414180,0.0000000000000000,14.4372496472294678,3.0000955249793799,-2841.944449,2.153409,2839.7907235388484,-6118.7675739680417,1,1.6e-09
1.0003863870265801,0.0,-0.0009529466304116,0.0000000000000000,0.0165094894461458,0.0000000000000000,14.4388534144268359,3.0000955175181749,-2851.842584,2.157382,2849.6852970770269,-6150.2418072880246,1,4.9e-10
1.0003869255226774,0.0,-0.0009540061775314,0.0000000000000000,0.0164968269478875,0.0000000000000000,14.4404888554044621,3.0000955098998046,-2861.877096,2.161451,2859.7160112528290,-6182.7582173775882,1,1.9e-09
1.0003874722436257,0.0,-0.0009550825368530,0.0000000000000000,0.0164839862442390,0.0000000000000000,14.4421565991774816,3.0000955021209275,-2871.833522,2.165627,2869.6677501982922,-6217.7364212078974,1,7.5e-10
1.0003880273067884,0.0,-0.0009561759608265,0.0000000000000000,0.0164709653159541,0.0000000000000000,14.4438572873521078,3.0000954941781339,-2882.119287,2.169892,2879.9491485198087,-6252.5973666217178,1,1.3e-09
1.0003885908312247,0.0,-0.0009572867057675,0.0000000000000000,0.0164577621293339,0.0000000000000000,14.4455915743800976,3.0000954860679379,-2892.690253,2.174251,2890.5159234675302,-6287.6628779815510,1,4.2e-10
1.0003891629375985,0.0,-0.0009584150317136,0.0000000000000000,0.0164443746388399,0.0000000000000000,14.4473601278186603,3.0000954777867839,-2903.303599,2.178713,2901.1245160807302,-6324.5394923230633,1,1.9e-09
1.0003897437484028,0.0,-0.0009595612028054,0.0000000000000000,0.0164308007833217,0.0000000000000000,14.4491636285911849,3.0000954693310375,-2914.441614,2.183260,2912.2586382270674,-6360.1546564055607,1,1.5e-09
1.0003903333879198,0.0,-0.0009607254872591,0.0000000000000000,0.0164170384873031,0.0000000000000000,14.4510027712556823,3.0000954606969863,-2925.348861,2.187923,2923.1605977188447,-6399.4323544055223,1,1.8e-09
1.0003909319822002,0.0,-0.0009619081573479,0.0000000000000000,0.0164030856621844,0.0000000000000000,14.4528782642799474,3.0000954518808394,-2936.806627,2.192673,2934.6139864412107,-6437.3620935864747,1,1.7e-10
1.0003915396591638,0.0,-0.0009631094895994,0.0000000000000000,0.0163889402047645,0.0000000000000000,14.4547908303191619,3.0000954428787279,-2948.563300,2.197521,2946.3664295742419,-6475.6112031647936,1,3.5e-09
1.0003921565486982,0.0,-0.0009643297649814,0.0000000000000000,0.0163745999960257,0.0000000000000000,14.4567412064997320,3.0000954336866950,-2960.203806,2.202479,2958.0016201113467,-6516.9191939346492,1,1.6e-09
1.0003927827823706,0.0,-0.0009655692684560,0.0000000000000000,0.0163600629076433,0.0000000000000000,14.4587301447146821,3.0000954243007047,-2972.205461,2.207533,2969.9982680631147,-6558.2322365716100,1,1.8e-09
1.0003934184939831,0.0,-0.0009668282899300,0.0000000000000000,0.0163453267913846,0.0000000000000000,14.4607584119118115,3.0000954147166321,-2984.152611,2.212696,2981.9394862726112,-6602.3022317886353,1,2.3e-09
1.0003940638189868,0.0,-0.0009681071232928,0.0000000000000000,0.0163303894919804,0.0000000000000000,14.4628267904047494,3.0000954049302648,-2996.640780,2.217949,2994.4225323241626,-6645.2918372126296,1,1.6e-09
1.0003947188951550,0.0,-0.0009694060675914,0.0000000000000000,0.0163152488338718,0.0000000000000000,14.4649360781723697,3.0000953949373002,-3009.514345,2.223297,3007.2913104241597,-6688.2551794964820,1,1.4e-09
1.0003953838620891,0.0,-0.0009707254262325,0.0000000000000000,0.0162999026321615,0.0000000000000000,14.4670870891799250,3.0000953847333456,-3022.345234,2.228752,3020.1164883122401,-6734.0401497930288,1,3.3e-11
1.0003960588615626,0.0,-0.0009720655075764,0.0000000000000000,0.0162843486864872,0.0000000000000000,14.4692806536957050,3.0000953743139109,-3035.501294,2.234303,3033.2669720951453,-6780.2860709512606,1,1.1e-10
1.0003967440374015,0.0,-0.0009734266247796,0.0000000000000000,0.0162685847841418,0.0000000000000000,14.4715176186199841,3.0000953636744137,-3048.807165,2.239952,3046.5668813112134,-6828.1914849309251,1,1.8e-09
1.0003974395357493,0.0,-0.0009748090962739,0.0000000000000000,0.0162526086955849,0.0000000000000000,14.4737988478154573,3.0000953528101717,-3062.622137,2.245690,3060.3765336225406,-6875.4352970225736,1,4.8e-10
1.0003981455047271,0.0,-0.0009762132452317,0.0000000000000000,0.0162364181820712,0.0000000000000000,14.4761252224521790,3.0000953417164040,-3076.654520,2.251523,3074.4033789347086,-6923.9830719316378,1,2.1e-09
1.0003988620948219,0.0,-0.0009776394002574,0.0000000000000000,0.0162200109886653,0.0000000000000000,14.4784976413501862,3.0000953303882256,-3090.632757,2.257456,3088.3750693459151,-6975.6846959600225,1,1.3e-09
1.0003995894587763,0.0,-0.0009790878952329,0.0000000000000000,0.0162033848474337,0.0000000000000000,14.4809170213352765,3.0000953188206489,-3105.103631,2.263472,3102.8399488026989,-7026.9666164256632,1,1.2e-09
1.0004003277516844,0.0,-0.0009805590695265,0.0000000000000000,0.0161865374762521,0.0000000000000000,14.4833842975988762,3.0000953070085781,-3119.736429,2.269577,3117.4663432264424,-7080.0696590756997,1,2.9e-09
1.0004010771309568,0.0,-0.0009820532679790,0.0000000000000000,0.0161694665804510,0.0000000000000000,14.4859004240673652,3.0000952949468074,-3134.994861,2.275757,3132.7192765970030,-7131.9460205649957,1,9.8e-10
1.0004018377563970,0.0,-0.0009835708410763,0.0000000000000000,0.0161521698520992,0.0000000000000000,14.4884663737769674,3.0000952826300233,-3150.145290,2.282027,3147.8630015543022,-7187.5412265919149,1,1.5e-09
1.0004026097903587,0.0,-0.0009851121452406,0.0000000000000000,0.0161346449680553,0.0000000000000000,14.4910831392556290,3.0000952700527939,-3165.846230,2.288367,3163.5579015325784,-7242.4959858199582,1,2.2e-10
1.0004033933976455,0.0,-0.0009866775427436,0.0000000000000000,0.0161168895924941,0.0000000000000000,14.4937517329148626,3.0000952572095740,-3181.726790,2.294781,3179.4320172262087,-7299.3412059750408,1,4.6e-11
1.0004041887455810,0.0,-0.0009882674018437,0.0000000000000000,0.0160989013768141,0.0000000000000000,14.4964731874482808,3.0000952440946969,-3198.019033,2.301259,3195.7180594076926,-7356.5586536945775,1,1.7e-09
1.0004049960042041,0.0,-0.0009898820971848,0.0000000000000000,0.0160806779565220,0.0000000000000000,14.4992485562361235,3.0000952307023772,-3214.496184,2.307803,3212.1885991529052,-7415.7242044955492,1,1.3e-09
1.0004058153461171,0.0,-0.0009915220095902,0.0000000000000000,0.0160622169552745,0.0000000000000000,14.5020789137618706,3.0000952170267023,-3231.203307,2.314404,3228.8888190143043,-7476.5818287637085,1,4.9e-10
1.0004066469466972,0.0,-0.0009931875264675,0.0000000000000000,0.0160435159817995,0.0000000000000000,14.5049653560334360,3.0000952030616328,-3248.437955,2.321048,3246.1171023096686,-7537.1449721949175,1,1.2e-09
1.0004074909841159,0.0,-0.0009948790419171,0.0000000000000000,0.0160245726303280,0.0000000000000000,14.5079090010143599,3.0000951888010006,-3265.655152,2.327746,3263.3269278658918,-7601.1776089463383,1,2.8e-09
1.0004083476393109,0.0,-0.0009965969567284,0.0000000000000000,0.0160053844823899,0.0000000000000000,14.5109109890648611,3.0000951742385040,-3283.708221,2.334461,3281.3740103282034,-7662.8676248909906,1,1.5e-09
1.0004092170961401,0.0,-0.0009983416787289,0.0000000000000000,0.0159859491045670,0.0000000000000000,14.5139724833890789,3.0000951593677052,-3301.714108,2.341215,3299.3728037275068,-7728.3172546261922,1,5.4e-10
1.0004100995415031,0.0,-0.0010001136230116,0.0000000000000000,0.0159662640476364,0.0000000000000000,14.5170946704920283,3.0000951441820272,-3320.310194,2.347976,3317.9624716468388,-7793.1677432535216,1,1.5e-09
1.0004109951652673,0.0,-0.0010019132119432,0.0000000000000000,0.0159463268485096,0.0000000000000000,14.5202787606476775,3.0000951286747508,-3339.096476,2.354749,3336.7418809072697,-7860.2187486458570,1,9.4e-10
1.0004119041603294,0.0,-0.0010037408752836,0.0000000000000000,0.0159261350306692,0.0000000000000000,14.5235259883750185,3.0000951128390123,-3358.112603,2.361524,3355.7507895069721,-7929.2362127406523,1,1.8e-09
1.0004128267229295,0.0,-0.0010055970508223,0.0000000000000000,0.0159056860988971,0.0000000000000000,14.5268376129208807,3.0000950966677977,-3377.699524,2.368274,3375.3310893073358,-7997.8609262490645,1,9.9e-10
1.0004137630523939,0.0,-0.0010074821840220,0.0000000000000000,0.0158849775454770,0.0000000000000000,14.5302149187583556,3.0000950801539430,-3397.612271,2.374996,3395.2371245008835,-8067.8270677169785,1,9.3e-10
1.0004147133514720,0.0,-0.0010093967286667,0.0000000000000000,0.0158640068448223,0.0000000000000000,14.5336592160892426,3.0000950632901255,-3417.761769,2.381682,3415.3795690392872,-8139.7912756726146,1,3.2e-09
1.0004156778262614,0.0,-0.0010113411468118,0.0000000000000000,0.0158427714562617,0.0000000000000000,14.5371718413608928,3.0000950460688669,-3438.661849,2.388291,3436.2736772088319,-8210.1169495144859,1,7.4e-10
1.0004166566863506,0.0,-0.0010133159091541,0.0000000000000000,0.0158212688220964,0.0000000000000000,14.5407541577905572,3.0000950284825234,-3459.651743,2.394842,3457.2568444025310,-8283.5143353389576,1,3.5e-10
1.0004176501450173,0.0,-0.0010153214953993,0.0000000000000000,0.0157994963656723,0.0000000000000000,14.5444075559006532,3.0000950105232840,-3481.172247,2.401294,3478.7710888349029,-8356.8443461777642,1,8.6e-10
1.0004186584190000,0.0,-0.0010173583940493,0.0000000000000000,0.0157774514962732,0.0000000000000000,14.5481334540679530,3.0000949921831688,-3503.076477,2.407636,3500.6691199990237,-8431.1565565671772,1,1.8e-09
1.0004196817290223,0.0,-0.0010194271033306,0.0000000000000000,0.0157551316009785,0.0000000000000000,14.5519332990772678,3.0000949734540225,-3525.274403,2.413857,3522.8606607743277,-8507.1034709848464,1,7.3e-10
1.0004207202994961,0.0,-0.0010215281308338,0.0000000000000000,0.0157325340513517,0.0000000000000000,14.5558085666937451,3.0000949543275111,-3547.818347,2.419932,3545.3981822892383,-8584.3035705322400,1,1.5e-09
1.0004217743589221,0.0,-0.0010236619942955,0.0000000000000000,0.0157096561971788,0.0000000000000000,14.5597607622399767,3.0000949347951167,-3570.943091,2.425822,3568.5171170210160,-8661.0150101184845,1,9.8e-10
1.0004228441398264,0.0,-0.0010258292216115,0.0000000000000000,0.0156864953690968,0.0000000000000000,14.5637914211892010,3.0000949148481357,-3594.412948,2.431520,3591.9811354236444,-8738.9379849918187,1,1.9e-09
1.0004239298789350,0.0,-0.0010280303512549,0.0000000000000000,0.0156630488766277,0.0000000000000000,14.5679021097681023,3.0000948944776704,-3618.354637,2.436991,3615.9173128073016,-8817.1018752949312,1,2.2e-09
1.0004250318172982,0.0,-0.0010302659326217,0.0000000000000000,0.0156393140072642,0.0000000000000000,14.5720944255721907,3.0000948736746258,-3642.917705,2.442192,3640.4756154144779,-8894.3317927587777,1,6.7e-10
1.0004261502004166,0.0,-0.0010325365263579,0.0000000000000000,0.0156152880257148,0.0000000000000000,14.5763699981934920,3.0000948524297097,-3667.725557,2.447129,3665.2784294385856,-8973.3935452932492,1,1.1e-11
1.0004272852782989,0.0,-0.0010348427046335,0.0000000000000000,0.0155909681740096,0.0000000000000000,14.5807304898612564,3.0000948307334201,-3692.970251,2.451755,3690.5183522741427,-9052.7873910954222,1,9.6e-10
1.0004284373057231,0.0,-0.0010371850517051,0.0000000000000000,0.0155663516683960,0.0000000000000000,14.5851775960942742,3.0000948085760437,-3718.731304,2.456026,3716.2751364377909,-9131.8268340807408,1,9.5e-10
1.0004296065423139,0.0,-0.0010395641642044,0.0000000000000000,0.0155414356994472,0.0000000000000000,14.5897130463672191,3.0000947859476512,-3744.983728,2.459909,3742.5237433664661,-9210.6027933191508,1,5.1e-10
1.0004307932526506,0.0,-0.0010419806514948,0.0000000000000000,0.0155162174315166,0.0000000000000000,14.5943386047905062,3.0000947628380916,-3771.831883,2.463353,3769.3688379392770,-9288.1916321599856,1,2.1e-09
1.0004319977065201,0.0,-0.0010444351362600,0.0000000000000000,0.0154906939998311,0.0000000000000000,14.5990560708024173,3.0000947392369861,-3798.955286,2.466357,3796.4890920958060,-9366.9595687752590,1,1.1e-09
1.0004332201789876,0.0,-0.0010469282548007,0.0000000000000000,0.0154648625108280,0.0000000000000000,14.6038672798766456,3.0000947151337218,-3826.500975,2.468861,3824.0319725889640,-9445.6405945261940,1,9.7e-10
1.0004344609506759,0.0,-0.0010494606576717,0.0000000000000000,0.0154387200389701,0.0000000000000000,14.6087741042426522,3.0000946905174470,-3854.671870,2.470792,3852.2009795784033,-9522.4727407712489,1,6.8e-10
1.0004357203078433,0.0,-0.0010520330100536,0.0000000000000000,0.0154122636266724,0.0000000000000000,14.6137784536212507,3.0000946653770648,-3883.310415,2.472122,3880.8381650113006,-9598.5149559285492,1,9.0e-10
1.0004369985426054,0.0,-0.0010546459922787,0.0000000000000000,0.0153854902825577,0.0000000000000000,14.6188822759749346,3.0000946397012269,-3912.460628,2.472791,3909.9877045382964,-9673.2156495507807,1,9.3e-10
1.0004382959532130,0.0,-0.0010573003005297,0.0000000000000000,0.0153583969781412,0.0000000000000000,14.6240875582720982,3.0000946134783262,-3942.172522,2.472737,3939.6997886493191,-9745.9403610937297,1,2.7e-11
1.0004396128441644,0.0,-0.0010599966472574,0.0000000000000000,0.0153309806477035,0.0000000000000000,14.6293963272679761,3.0000945866964903,-3972.283482,2.471926,3969.8114114146374,-9817.7636422971264,1,1.0e-09
1.0004409495264805,0.0,-0.0010627357618505,0.0000000000000000,0.0153032381855565,0.0000000000000000,14.6348106503003343,3.0000945593435757,-4003.093095,2.470246,4000.6230180602433,-9885.9471376109868,1,1.2e-09
1.0004423063179047,0.0,-0.0010655183912428,0.0000000000000000,0.0152751664442877,0.0000000000000000,14.6403326361013857,3.0000945314071608,-4034.127720,2.467711,4031.6597504004530,-9954.1046226909384,1,1.9e-09
1.0004436835432031,0.0,-0.0010683453006366,0.0000000000000000,0.0152467622318746,0.0000000000000000,14.6459644356254710,3.0000945028745352,-4065.989945,2.464144,4063.5258767749256,-10016.8765290854499,1,5.5e-10
1.0004450815343955,0.0,-0.0010712172741676,0.0000000000000000,0.0152180223097009,0.0000000000000000,14.6517082428937790,3.0000944737326960,-4098.244697,2.459546,4095.7852236776016,-10077.5232732594013,1,5.4e-10
1.0004465006310141,0.0,-0.0010741351156185,0.0000000000000000,0.0151889433902703,0.0000000000000000,14.6575662958559594,3.0000944439683384,-4130.904584,2.453839,4128.4505074585395,-10135.5549322906882,1,1.8e-09
1.0004479411803753,0.0,-0.0010770996491437,0.0000000000000000,0.0151595221349911,0.0000000000000000,14.6635408772689466,3.0000944135678460,-4164.397385,2.446848,4161.9507309041946,-10186.8385004661977,1,1.5e-09
1.0004494035379652,0.0,-0.0010801117202213,0.0000000000000000,0.0151297551498612,0.0000000000000000,14.6696343155924893,3.0000943825172866,-4198.205714,2.438589,4195.7672122330114,-10235.3331643939018,1,6.6e-10
1.0004508880677103,0.0,-0.0010831721964246,0.0000000000000000,0.0150996389833905,0.0000000000000000,14.6758489859039063,3.0000943508023976,-4232.586658,2.428912,4230.1578181627046,-10278.2769481148571,1,5.5e-10
1.0004523951422712,0.0,-0.0010862819682246,0.0000000000000000,0.0150691701242783,0.0000000000000000,14.6821873108305141,3.0000943184085815,-4267.625923,2.417693,4265.2085837755658,-10314.3012961819768,1,2.7e-09
1.0004539251434541,0.0,-0.0010894419500140,0.0000000000000000,0.0150383449972362,0.0000000000000000,14.6886517615005747,3.0000942853208947,-4302.955248,2.404909,4300.5503790834919,-10346.0431760679930,1,3.1e-10
1.0004554784625881,0.0,-0.0010926530811147,0.0000000000000000,0.0150071599593008,0.0000000000000000,14.6952448585132576,3.0000942515240387,-4338.987913,2.390346,4336.5977009538401,-10369.0991617329419,1,1.0e-09
1.0004570555009040,0.0,-0.0010959163267405,0.0000000000000000,0.0149756112967844,0.0000000000000000,14.7019691729284059,3.0000942170023488,-4375.472290,2.373940,4373.0983830703553,-10384.9652417376637,1,2.6e-10
1.0004586566699514,0.0,-0.0010992326790955,0.0000000000000000,0.0149436952213045,0.0000000000000000,14.7088273272757935,3.0000941817397853,-4412.480205,2.355543,4410.1245780254831,-10392.1581233162433,1,6.7e-10
1.0004602499482476,0.0,-0.0011025358631713,0.0000000000000000,0.0149120510504220,0.0000000000000000,14.7156821024955242,3.0000941464408695,-4449.428090,2.335397,4447.0928756788271,-10388.3682032078505,1,1.5e-09
1.0004618678578761,0.0,-0.0011058933540673,0.0000000000000000,0.0148800339354593,0.0000000000000000,14.7226733489052357,3.0000941103843659,-4486.615510,2.313129,4484.3021769404368,-10377.0350455194712,1,1.6e-09
1.0004635108343307,0.0,-0.0011093062064107,0.0000000000000000,0.0148476398900051,0.0000000000000000,14.7298037938669015,3.0000940735534338,-4524.657048,2.288418,4522.3688443498613,-10351.3379162792116,1,1.7e-09
1.0004651793249586,0.0,-0.0011127755056861,0.0000000000000000,0.0148148648386508,0.0000000000000000,14.7370762193413221,3.0000940359308257,-4562.924477,2.261278,4560.6631765665588,-10316.1425148360431,1,1.8e-10
1.0004668737894724,0.0,-0.0011163023694706,0.0000000000000000,0.0147817046131105,0.0000000000000000,14.7444934629801878,3.0000939974988681,-4601.771184,2.231438,4599.5396772842287,-10266.8822420388460,1,5.7e-10
1.0004685947004135,0.0,-0.0011198879487154,0.0000000000000000,0.0147481549484519,0.0000000000000000,14.7520584192405817,3.0000939582394563,-4641.190261,2.198715,4638.9916215853518,-10202.3037345167249,1,6.3e-10
1.0004703425437811,0.0,-0.0011235334292447,0.0000000000000000,0.0147142114775070,0.0000000000000000,14.7597740405212079,3.0000939181340387,-4681.084300,2.162944,4678.9215637053130,-10121.9491891805083,1,1.8e-09
1.0004721178196903,0.0,-0.0011272400333702,0.0000000000000000,0.0146798697246977,0.0000000000000000,14.7676433383212906,3.0000938771636041,-4721.252625,2.123980,4719.1285438533159,-10026.3231679368764,1,8.6e-10
1.0004739210428668,0.0,-0.0011310090212270,0.0000000000000000,0.0146451251031305,0.0000000000000000,14.7756693844238978,3.0000938353086668,-4762.033052,2.081499,4759.9515013414930,-9910.4111006688327,1,4.4e-10
1.0004757527435555,0.0,-0.0011348416928360,0.0000000000000000,0.0146099729050577,0.0000000000000000,14.7838553121009326,3.0000937925492552,-4803.317361,2.035298,4801.2822031776595,-9773.5069547388703,1,1.2e-09
1.0004776134680737,0.0,-0.0011387393895880,0.0000000000000000,0.0145744082985893,0.0000000000000000,14.7922043173442344,3.0000937488648969,-4844.853061,1.985209,4842.8677990824872,-9616.3027914427221,0,4.6e-10
1.0004795037796499,0.0,-0.0011427034962127,0.0000000000000000,0.0145384263202897,0.0000000000000000,14.8007196601203308,3.0000937042346014,-4886.897537,1.930883,4884.9666394823507,-9434.0962189901620,0,1.3e-10
1.0004814242592577,0.0,-0.0011467354427778,0.0000000000000000,0.0145020218681154,0.0000000000000000,14.8094046656504688,3.0000936586368447,-4929.393605,1.872052,4927.5217231411734,-9225.2422397993505,0,1.5e-09
1.0004833755064748,0.0,-0.0011508367067518,0.0000000000000000,0.0144651896944403,0.0000000000000000,14.8182627257164281,3.0000936120495583,-4972.152820,1.808479,4970.3444795485120,-8989.3469849266112,0,1.3e-09
1.0004853581403392,0.0,-0.0011550088150669,0.0000000000000000,0.0144279243997235,0.0000000000000000,14.8272972999928285,3.0000935644501041,-5015.145445,1.739852,5013.4054769742288,-8724.1922595668584,0,1.1e-09
1.0004873728004038,0.0,-0.0011592533465469,0.0000000000000000,0.0143902204235092,0.0000000000000000,14.8365119174056534,3.0000935158152653,-5058.568462,1.665758,5056.9025960525323,-8424.8960256092250,0,9.9e-10
1.0004894201477292,0.0,-0.0011635719342580,0.0000000000000000,0.0143520720369331,0.0000000000000000,14.8459101775183697,3.0000934661212231,-5102.344038,1.585859,5100.7582365895505,-8089.3039096277207,0,5.4e-10
1.0004915008659458,0.0,-0.0011679662679969,0.0000000000000000,0.0143134733347265,0.0000000000000000,14.8554957519459148,3.0000934153435419,-5146.262975,1.499834,5144.7631444119688,-7716.5238962601870,0,3.0e-11
1.0004936156624429,0.0,-0.0011724380970023,0.0000000000000000,0.0142744182260490,0.0000000000000000,14.8652723857970788,3.0000933634571489,-5190.353120,1.407256,5188.9457317326669,-7302.8446298763156,0,1.3e-09
1.0004957652696278,0.0,-0.0011769892328170,0.0000000000000000,0.0142349004248361,0.0000000000000000,14.8752438991456302,3.0000933104363132,-5234.760501,1.307630,5233.4529074245656,-6842.9412565343082,0,3.4e-10
1.0004979504461264,0.0,-0.0011816215520994,0.0000000000000000,0.0141949134416011,0.0000000000000000,14.8854141885315805,3.0000932562546296,-5279.188756,1.200580,5277.9881537542242,-6336.2059998735785,0,2.2e-10
1.0005001719782531,0.0,-0.0011863369998518,0.0000000000000000,0.0141544505723866,0.0000000000000000,14.8957872284921393,3.0000932008849932,-5323.790676,1.085548,5322.7052321901574,-5776.6755187287927,0,1.0e-09
1.0005024306814676,0.0,-0.0011911375927065,0.0000000000000000,0.0141135048883272,0.0000000000000000,14.9063670731236204,3.0000931442995817,-5368.283659,0.962082,5367.3215128305528,-5163.0720173362643,0,6.4e-10
1.0005047274019223,0.0,-0.0011960254223766,0.0000000000000000,0.0140720692248923,0.0000000000000000,14.9171578576749884,3.0000930864698296,-5412.922710,0.829523,5412.0932891018601,-4487.5904065072536,0,1.0e-09
1.0005070630180950,0.0,-0.0012010026592404,0.0000000000000000,0.0140301361710456,0.0000000000000000,14.9281638001734827,3.0000930273664101,-5457.344930,0.687363,5456.6575494941353,-3749.2738215792924,0,1.8e-10
1.0005094384425983,0.0,-0.0012060715562954,0.0000000000000000,0.0139876980564940,0.0000000000000000,14.9393892030828415,3.0000929669592074,-5501.637589,0.534913,5501.1025546209057,-2941.5643664114177,0,1.3e-09
1.0005118546240255,0.0,-0.0012112344531573,0.0000000000000000,0.0139447469397772,0.0000000000000000,14.9508384549951252,3.0000929052172944,-5545.852382,0.371452,5545.4809505821395,-2057.9021593108773,0,2.2e-10
1.0005143125489582,0.0,-0.0012164937803794,0.0000000000000000,0.0139012745950662,0.0000000000000000,14.9625160323566693,3.0000928421089079,-5589.671270,0.196312,5589.4748802575850,-1095.7526143249124,0,8.2e-10
1.0005168132440774,0.0,-0.0012218520639684,0.0000000000000000,0.0138572724987054,0.0000000000000000,14.9744265012290221,3.0000927776014237,-5633.204161,0.008652,5633.1954543460961,-47.0459811501205,0,5.8e-10
1.0005193577784852,0.0,-0.0012273119302429,0.0000000000000000,0.0138127318143530,0.0000000000000000,14.9865745190850923,3.0000927116613272,-5676.253894,-0.192345,5676.4461047479781,1093.0367004964501,0,1.5e-09
1.0005219472660387,0.0,-0.0012328761107985,0.0000000000000000,0.0137676433789886,0.0000000000000000,14.9989648366422301,3.0000926442541900,-5718.865375,-0.407615,5719.2729241247798,2332.7171254344285,0,7.3e-10
1.0005245828679914,0.0,-0.0012385474479504,0.0000000000000000,0.0137219976865144,0.0000000000000000,15.0116022997318854,3.0000925753446421,-5760.869119,-0.638115,5761.5072338079044,3678.0948855355382,0,4.2e-12
1.0005272657957092,0.0,-0.0012443289003600,0.0000000000000000,0.0136757848717982,0.0000000000000000,15.0244918512074737,3.0000925048963403,-5802.164930,-0.884889,5803.0498787334582,5136.6209220886230,0,6.8e-10
1.0005299973136619,0.0,-0.0012502235491119,0.0000000000000000,0.0136289946928419,0.0000000000000000,15.0376385328906821,3.0000924328719392,-5842.608647,-1.149056,5843.7577457959414,6715.7360530234873,0,4.9e-10
1.0005327231555734,0.0,-0.0012561143876911,0.0000000000000000,0.0135825607436064,0.0000000000000000,15.0507793077526397,3.0000923607076073,-5881.284488,-1.426035,5882.7104179817252,8388.2976257279515,0,1.2e-09
1.0005349019892271,0.0,-0.0012608290731972,0.0000000000000000,0.0135456296033993,0.0000000000000000,15.0612968255179585,3.0000923028251392,-5911.137757,-1.657288,5912.7950449527925,9798.4581603035331,0,1.5e-11
1.0005371219944057,0.0,-0.0012656382582389,0.0000000000000000,0.0135081682184713,0.0000000000000000,15.0720243014469286,3.0000922436735111,-5940.417313,-1.902115,5942.3194799545017,11301.6650225520134,0,6.1e-10
1.0005393389546888,0.0,-0.0012704462337078,0.0000000000000000,0.0134709259953567,0.0000000000000000,15.0827470983752487,3.0000921844329547,-5968.458074,-2.156081,5970.6141480400547,12870.4384107552469,0,8.3e-11
1.0005415983116477,0.0,-0.0012753516256218,0.0000000000000000,0.0134331429957734,0.0000000000000000,15.0936839682164994,3.0000921238915321,-5995.904963,-2.424853,5998.3298543022902,14541.4192487299442,0,4.6e-10
1.0005439011227151,0.0,-0.0012803569694872,0.0000000000000000,0.0133948103007990,0.0000000000000000,15.1048391891795148,3.0000920620184672,-6022.580217,-2.709356,6025.2895835586896,16319.3751137368381,0,1.2e-10
1.0005462484873657,0.0,-0.0012854648968776,0.0000000000000000,0.0133559187121333,0.0000000000000000,15.1162171251233630,3.0000919987821737,-6048.482059,-3.010567,6051.4926736517300,18211.6469210274518,0,5.9e-10
1.0005486415493747,0.0,-0.0012906781400431,0.0000000000000000,0.0133164587398172,0.0000000000000000,15.1278222272765959,3.0000919341502295,-6073.408971,-3.329554,6076.7384809871219,20223.4730623289943,0,5.6e-10
1.0005510814993521,0.0,-0.0012959995370327,0.0000000000000000,0.0132764205873724,0.0000000000000000,15.1396590359910785,3.0000918680893558,-6097.428746,-3.667417,6101.0961687294184,22363.8515612445772,0,7.2e-11
1.0005535695774286,0.0,-0.0013014320370671,0.0000000000000000,0.0132357941365231,0.0000000000000000,15.1517321825313100,3.0000918005653907,-6120.288760,-4.025397,6124.3140941195888,24638.2069212980568,0,8.1e-10
1.0005561070760625,0.0,-0.0013069787061425,0.0000000000000000,0.0131945689318759,0.0000000000000000,15.1640463909002534,3.0000917315432631,-6142.074857,-4.404734,6146.4796543041157,27056.5932781472802,0,8.2e-10
1.0005586953431045,0.0,-0.0013126427330725,0.0000000000000000,0.0131527341638835,0.0000000000000000,15.1766064797019613,3.0000916609869699,-6162.418689,-4.806900,6167.2255488212541,29623.8825732916594,0,5.3e-10
1.0005613357850291,0.0,-0.0013184274358372,0.0000000000000000,0.0131102786514623,0.0000000000000000,15.1894173640423027,3.0000915888595467,-6181.422744,-5.233310,6186.6560389694350,32351.2108753733337,0,1.9e-10
1.0005640298704195,0.0,-0.0013243362683581,0.0000000000000000,0.0130671908232349,0.0000000000000000,15.2024840574681104,3.0000915151230436,-6198.894828,-5.685588,6204.5804434853562,35246.5310356244445,0,3.6e-10
1.0005667791336768,0.0,-0.0013303728276762,0.0000000000000000,0.0130234586979795,0.0000000000000000,15.2158116739460727,3.0000914397384952,-6214.628207,-6.165504,6220.7936759352233,38318.0990573018789,0,4.7e-10
1.0005695851790342,0.0,-0.0013365408616282,0.0000000000000000,0.0129790698635156,0.0000000000000000,15.2294054298818011,3.0000913626658940,-6228.627463,-6.674830,6235.3023189764353,41577.1928937174380,0,3.7e-10
1.0005724496847714,0.0,-0.0013428442769087,0.0000000000000000,0.0129340114552307,0.0000000000000000,15.2432706461803100,3.0000912838641627,-6240.594213,-7.215667,6247.8098564272514,45031.9002387709916,0,3.4e-10
1.0005753744078514,0.0,-0.0013492871477948,0.0000000000000000,0.0128882701322048,0.0000000000000000,15.2574127503485943,3.0000912032911224,-6250.545647,-7.790048,6258.3357737198166,48694.5414329767227,0,1.1e-09
1.0005783611887944,0.0,-0.0013558737253236,0.0000000000000000,0.0128418320527986,0.0000000000000000,15.2718372786413834,3.0000911209034657,-6258.134603,-8.400457,6266.5351204707404,52573.5672617591918,0,8.6e-10
1.0005814119569576,0.0,-0.0013626084471179,0.0000000000000000,0.0127946828484798,0.0000000000000000,15.2865498782510318,3.0000910366567251,-6263.193037,-9.049443,6272.2424172579922,56680.0152544416487,0,9.1e-10
1.0005845287362365,0.0,-0.0013694959479284,0.0000000000000000,0.0127468075955747,0.0000000000000000,15.3015563095424589,3.0000909505052391,-6265.771544,-9.739492,6275.5110976950527,61027.8170415647328,0,9.1e-10
1.0005877136511636,0.0,-0.0013765410708557,0.0000000000000000,0.0126981907854982,0.0000000000000000,15.3168624483343123,3.0000908624021285,-6265.409328,-10.473878,6275.8832538145653,65625.4315181300044,0,7.2e-10
1.0005909689334400,0.0,-0.0013837488792657,0.0000000000000000,0.0126488162937549,0.0000000000000000,15.3324742882275231,3.0000907722992589,-6261.947007,-11.255809,6273.2027965510060,70485.1571177132428,0,3.0e-10
1.0005942969290620,0.0,-0.0013911246697168,0.0000000000000000,0.0125986673454994,0.0000000000000000,15.3483979429820785,3.0000906801472085,-6255.199580,-12.088791,6267.2882892178313,75619.2900518551469,0,1.3e-09
1.0005977001059501,0.0,-0.0013986739856793,0.0000000000000000,0.0125477264797714,0.0000000000000000,15.3646396489435890,3.0000905858952387,-6245.049747,-12.976493,6258.0262750863621,81041.0649354122579,0,5.5e-10
1.0006011113410518,0.0,-0.0014062477683725,0.0000000000000000,0.0124970085484592,0.0000000000000000,15.3808744446956780,3.0000904914220059,-6231.315864,-13.904221,6245.2200867291322,86643.6020175516605,0,3.5e-11
1.0006045313439884,0.0,-0.0014138472195692,0.0000000000000000,0.0124465030855037,0.0000000000000000,15.3971023499372990,3.0000903967281234,-6214.047231,-14.873460,6228.9206481331712,92426.1138966158032,0,7.1e-10
1.0006079608209335,0.0,-0.0014214735292490,0.0000000000000000,0.0123961999536171,0.0000000000000000,15.4133233837020125,3.0000903018142475,-6193.246102,-15.885857,6209.1319280143289,98386.8296643197536,0,5.1e-10
1.0006114707983906,0.0,-0.0014292844221168,0.0000000000000000,0.0123450683764330,0.0000000000000000,15.4298684664586787,3.0000902047368863,-6168.296642,-16.965413,6185.2620613007457,104649.7397125996649,0,1.1e-10
1.0006149921469272,0.0,-0.0014371258170455,0.0000000000000000,0.0122941267005664,0.0000000000000000,15.4464065673521986,3.0000901074311779,-6139.428303,-18.094354,6157.5226043834409,111090.6637961640954,0,9.0e-10
1.0006185256105238,0.0,-0.0014449989500611,0.0000000000000000,0.0122433651005596,0.0000000000000000,15.4629377046355909,3.0000900098979510,-6106.743929,-19.274616,6126.0185495424521,117707.1742887869477,0,8.0e-11
1.0006220719324661,0.0,-0.0014529050504365,0.0000000000000000,0.0121927740302199,0.0000000000000000,15.4794618960218937,3.0000899121380753,-6069.994937,-20.509291,6090.5041851913411,124493.0303187966347,0,7.5e-10
1.0006256318560229,0.0,-0.0014608453420025,0.0000000000000000,0.0121423442063739,0.0000000000000000,15.4959791587227116,3.0000898141524668,-6029.283192,-21.800690,6051.0839041580330,131444.6673913039267,0,4.0e-10
1.0006292792396316,0.0,-0.0014689842261070,0.0000000000000000,0.0120910418227200,0.0000000000000000,15.5128264557586366,3.0000897139350289,-5983.392509,-23.180767,6006.5732657981498,138701.5645531192422,0,1.9e-10
1.0006329423822564,0.0,-0.0014771613414939,0.0000000000000000,0.0120398881588884,0.0000000000000000,15.5296667104966470,3.0000896134837909,-5933.091156,-24.627266,5957.7183687383367,146117.4977065287530,0,9.7e-10
1.0006366220782470,0.0,-0.0014853779804638,0.0000000000000000,0.0119888741031339,0.0000000000000000,15.5464999397216399,3.0000895127998586,-5878.378020,-26.143913,5904.5219417707121,153685.8535285070539,0,1.6e-10
1.0006403191248090,0.0,-0.0014936354351604,0.0000000000000000,0.0119379907644951,0.0000000000000000,15.5633261598206225,3.0000894118843817,-5819.009488,-27.735886,5846.7453910466575,161397.4825105704367,0,3.2e-10
1.0006440343226113,0.0,-0.0015019349988071,0.0000000000000000,0.0118872294594462,0.0000000000000000,15.5801453868146726,3.0000893107385531,-5754.916191,-29.408225,5784.3244443209260,169244.0350887570530,0,5.5e-10
1.0006478449028924,0.0,-0.0015104487288988,0.0000000000000000,0.0118355489757645,0.0000000000000000,15.5973007438007407,3.0000892072919156,-5684.434041,-31.204120,5715.6381190928223,177379.5205388106406,0,8.3e-10
1.0006516761124955,0.0,-0.0015190091042332,0.0000000000000000,0.0117839774741253,0.0000000000000000,15.6144489918409057,3.0000891036072237,-5608.837019,-33.096655,5641.9336521821169,185635.6213952247053,0,4.2e-10
1.0006555288178174,0.0,-0.0015276175117240,0.0000000000000000,0.0117325063165525,0.0000000000000000,15.6315901468551228,3.0000889996858708,-5527.901197,-35.094382,5562.9955967743372,194000.3755082916468,0,3.6e-10
1.0006594832306159,0.0,-0.0015364525972715,0.0000000000000000,0.0116800791570113,0.0000000000000000,15.6490738997895136,3.0000888934007661,-5439.569176,-37.251616,5476.8208025039276,202634.7989433184266,0,2.1e-10
1.0006634619020072,0.0,-0.0015453407090782,0.0000000000000000,0.0116277384135768,0.0000000000000000,15.6665504424072868,3.0000887868714377,-5345.248766,-39.540502,5384.7892343592976,211355.6383151561022,0,7.1e-10
1.0006674657757619,0.0,-0.0015542833477227,0.0000000000000000,0.0115754754257962,0.0000000000000000,15.6840197907239496,3.0000886800994970,-5244.868568,-41.973792,5286.8423840956530,220149.1505453120917,0,5.3e-10
1.0006715783464024,0.0,-0.0015634663045054,0.0000000000000000,0.0115222169434445,0.0000000000000000,15.7018383315742245,3.0000885708996985,-5135.697901,-44.624514,5180.3223573345385,229179.7237089946866,0,1.3e-09
1.0006757192071110,0.0,-0.0015727093072988,0.0000000000000000,0.0114690212348038,0.0000000000000000,15.7196495598079569,3.0000884614498968,-5019.752257,-47.462724,5067.2149813726501,238253.1180612333119,0,1.3e-11
1.0006798893918352,0.0,-0.0015820139930286,0.0000000000000000,0.0114158795482509,0.0000000000000000,15.7374534917649864,3.0000883517519217,-4896.505385,-50.515266,4947.0206278481201,247350.1594151426107,0,5.2e-10
1.0006841760132232,0.0,-0.0015915739107468,0.0000000000000000,0.0113616998501316,0.0000000000000000,15.7556133408093508,3.0000882395608581,-4763.048665,-53.880729,4816.9294082430351,256638.6012160331011,0,3.2e-10
1.0006884954157549,0.0,-0.0016012016326220,0.0000000000000000,0.0113075579487873,0.0000000000000000,15.7737657747697142,3.0000881271144313,-4621.305429,-57.539955,4678.8453628935094,265911.6058594416827,0,5.1e-10
1.0006928487375275,0.0,-0.0016108989577946,0.0000000000000000,0.0112534449317315,0.0000000000000000,15.7919108105867778,3.0000880144146933,-4471.010587,-61.540068,4532.5506419973390,275148.2350677140057,0,3.1e-10
1.0006973270817974,0.0,-0.0016208678683308,0.0000000000000000,0.0111982479780136,0.0000000000000000,15.8104186215149571,3.0000878991555284,-4308.277159,-66.038128,4374.3152425854569,284512.3659849371761,0,1.1e-09
1.0007018432207888,0.0,-0.0016309131930577,0.0000000000000000,0.0111430622414210,0.0000000000000000,15.8289189156852785,3.0000877836360802,-4135.719079,-71.037020,4206.7561075698541,293791.1929359715432,0,2.1e-10
1.0007064918092985,0.0,-0.0016412444023785,0.0000000000000000,0.0110867521094611,0.0000000000000000,15.8477891150706078,3.0000876654926540,-3948.708483,-76.770091,4025.4785520284204,303144.6199618075043,0,5.5e-10
1.0007111824516646,0.0,-0.0016516594807703,0.0000000000000000,0.0110304340695024,0.0000000000000000,15.8666516792808867,3.0000875470820487,-3750.104027,-83.291953,3833.3959443138592,312355.3508013486862,0,9.2e-10
1.0007159165202593,0.0,-0.0016621606084572,0.0000000000000000,0.0109740986053950,0.0000000000000000,15.8855066274175378,3.0000874284067183,-3539.173626,-90.810305,3629.9839276199200,321395.4242373192683,0,9.2e-11
1.0007206954057990,0.0,-0.0016727499996357,0.0000000000000000,0.0109177362891119,0.0000000000000000,15.9043539787637016,3.0000873094691403,-3314.922277,-99.620413,3414.5426946574371,330235.9416400305927,0,1.1e-10
1.0007256195005387,0.0,-0.0016836488640829,0.0000000000000000,0.0108601861079908,0.0000000000000000,15.9235782380452680,3.0000871878360167,-3071.286060,-110.383434,3181.6695119641008,339021.1577949244529,0,4.8e-10
1.0007305932851565,0.0,-0.0016946444932617,0.0000000000000000,0.0108025879226772,0.0000000000000000,15.9427947853184051,3.0000870659340744,-2811.190804,-123.625588,2934.8163753700355,347537.0674738176167,0,4.6e-10
1.0007356182969076,0.0,-0.0017057393586336,0.0000000000000000,0.0107449319698223,0.0000000000000000,15.9620036418460334,3.0000869437659605,-2532.926911,-140.450359,2673.3773002643939,355752.5761291095987,0,8.5e-10
1.0007406960919856,0.0,-0.0017169359729395,0.0000000000000000,0.0106872085656553,0.0000000000000000,15.9812048293129578,3.0000868213343161,-2233.477198,-162.810485,2396.2876918469992,363635.5276374234818,0,2.7e-10
1.0007458282447610,0.0,-0.0017282368908044,0.0000000000000000,0.0106294081056344,0.0000000000000000,16.0003983698895880,3.0000866986417649,-1908.229426,-194.500990,2102.7303966787804,371154.4708811761811,0,5.7e-10
1.0007510163467619,0.0,-0.0017396447091202,0.0000000000000000,0.0105715210655413,0.0000000000000000,16.0195842862992279,3.0000865756909119,-1547.310961,-244.473181,1791.7841108552166,378277.9772630590014,0,9.0e-10
1.0007562620053956,0.0,-0.0017511620672089,0.0000000000000000,0.0105135380040219,0.0000000000000000,16.0387626018893457,3.0000864524843265,-1118.242959,-344.265912,1462.5088983646638,384974.9723513876088,0,8.2e-10
1.0007615668423524,0.0,-0.0017627916466796,0.0000000000000000,0.0104554495668664,0.0000000000000000,16.0579333407072156,3.0000863290245352,-1113.526931,-0.002846,1113.5297554115969,391214.2659102373291,0,6.6e-10
1.0007670426614961,0.0,-0.0017747771195005,0.0000000000000000,0.0103960571793103,0.0000000000000000,16.0774876128689286,3.0000862027862061,-736.281185,-0.001854,736.2830762595040,397078.4435805247631,0,1.2e-09
1.0007724721040834,0.0,-0.0017866418824096,0.0000000000000000,0.0103377272098118,0.0000000000000000,16.0966432765723830,3.0000860788212909,-344.300101,-0.000856,344.3009740123598,402302.7216562902904,0,5.6e-10
1.0007727521454015,0.0,-0.0017872533252154,0.0000000000000000,0.0103347335588248,0.0000000000000000,16.0976250421576488,3.0000860724598866,-323.577744,-0.000804,323.5785570238804,402556.0495440916857,0,2.8e-10
1.0007730323610367,0.0,-0.0017878650973569,0.0000000000000000,0.0103317394978050,0.0000000000000000,16.0986068077429145,3.0000860660977087,-303.213348,-0.000753,303.2143345219156,402808.4610430905013,0,7.4e-09
1.0007733127512584,0.0,-0.0017884771992604,0.0000000000000000,0.0103287450252058,0.0000000000000000,16.0995885733281803,3.0000860597347603,-281.779627,-0.000699,281.7802236906864,403058.1935226637870,0,3.3e-09
1.0007735933164510,0.0,-0.0017890896316591,0.0000000000000000,0.0103257501383185,0.0000000000000000,16.1005703389134460,3.0000860533710365,-261.116793,-0.000647,261.1174653865455,403307.5113767047296,0,8.0e-10
1.0007738740567629,0.0,-0.0017897023947775,0.0000000000000000,0.0103227548367233,0.0000000000000000,16.1015521044987118,3.0000860470065396,-240.398944,-0.000596,240.3996962247984,403555.3913462717319,0,5.0e-09
1.0007741549723861,0.0,-0.0017903154889560,0.0000000000000000,0.0103197591194120,0.0000000000000000,16.1025338700839775,3.0000860406412730,-218.002586,-0.000540,218.0025167446074,403799.8630192360142,0,1.9e-08
1.0007744360634330,0.0,-0.0017909289143673,0.0000000000000000,0.0103167629866234,0.0000000000000000,16.1035156356692433,3.0000860342752316,-198.285750,-0.000491,198.2863870852525,404046.2029987563146,0,4.7e-09
1.0007747173303969,0.0,-0.0017915426719239,0.0000000000000000,0.0103137664342484,0.0000000000000000,16.1044974012545090,3.0000860279084187,-176.692792,-0.000437,176.6931254728843,404288.8974561528885,0,3.3e-09
1.0007749987733763,0.0,-0.0017921567617330,0.0000000000000000,0.0103107694626633,0.0000000000000000,16.1054791668397748,3.0000860215408336,-155.665506,-0.000385,155.6658850377426,404530.8883432703442,0,1.7e-10
1.0007752803926138,0.0,-0.0017927711842130,0.0000000000000000,0.0103077720705066,0.0000000000000000,16.1064609324250441,3.0000860151724775,-134.400281,-0.000332,134.4006092747222,404771.2061433715862,0,1.2e-10
1.0007755621883760,0.0,-0.0017933859398816,0.0000000000000000,0.0103047742560481,0.0000000000000000,16.1074426980103098,3.0000860088033487,-112.950732,-0.000279,112.9509415516368,405009.9144551898353,0,2.2e-09
1.0007758441608368,0.0,-0.0017940010289068,0.0000000000000000,0.0103017760190961,0.0000000000000000,16.1084244635955756,3.0000860024334517,-91.686886,-0.000226,91.6871150150473,405247.4459500258090,0,9.3e-11
1.0007761263102810,0.0,-0.0017946164519133,0.0000000000000000,0.0102987773574694,0.0000000000000000,16.1094062291808413,3.0000859960627824,-70.181568,-0.000173,70.1817177001503,405483.2939905155799,0,7.4e-10
1.0007764086369448,0.0,-0.0017952322092518,0.0000000000000000,0.0102957782701163,0.0000000000000000,16.1103879947661071,3.0000859896913439,-48.527111,-0.000120,48.5271350517869,405717.5652028284967,0,3.1e-09
1.0007766911408873,0.0,-0.0017958483010521,0.0000000000000000,0.0102927787574020,0.0000000000000000,16.1113697603513728,3.0000859833191340,-28.006777,-0.000069,28.0073342802425,405951.7473238554085,0,1.6e-08
1.0007769738227086,0.0,-0.0017964647283276,0.0000000000000000,0.0102897788146449,0.0000000000000000,16.1123515259366386,3.0000859769461545,-5.471643,-0.000013,5.4716603260094,406182.1782375947805,0,1.2e-10
1.0007769887056437,0.0,-0.0017964971811738,0.0000000000000000,0.0102896209109377,0.0000000000000000,16.1124031978095488,3.0000859766107135,-4.297864,-0.000011,4.2978601317736,406194.2815271554282,0,4.5e-10
1.0007770035890320,0.0,-0.0017965296349145,0.0000000000000000,0.0102894630062863,0.0000000000000000,16.1124548696824554,3.0000859762752703,-3.278382,-0.000008,3.2784422620607,406206.5592155744671,0,1.7e-09
1.0007770184729223,0.0,-0.0017965620895867,0.0000000000000000,0.0102893051004062,0.0000000000000000,16.1125065415553657,3.0000859759398240,-2.052621,-0.000005,2.0526328425258,406218.5944456692087,0,2.1e-10
1.0007770333572963,0.0,-0.0017965945451641,0.0000000000000000,0.0102891471934487,0.0000000000000000,16.1125582134282723,3.0000859756043772,-0.904868,-0.000002,0.9048734043317,406230.7157162816147,0,1.1e-10
1.0007770482422085,0.0,-0.0017966270017525,0.0000000000000000,0.0102889892848833,0.0000000000000000,16.1126098853011825,3.0000859752689268,0.257068,0.000001,-0.2570757690264,406242.8174638101482,0,2.4e-10
1.0007770780134515,0.0,-0.0017966919176224,0.0000000000000000,0.0102886734646979,0.0000000000000000,16.1127132290469994,3.0000859745980208,2.556920,0.000006,-2.5569426920192,406267.0357544672443,0,5.1e-10
1.0007770928998203,0.0,-0.0017967243769609,0.0000000000000000,0.0102885155527696,0.0000000000000000,16.1127649009199096,3.0000859742625647,3.675904,0.000009,-3.6759159381618,406279.1750021151965,0,9.8e-11
1.0007771077866572,0.0,-0.0017967568371974,0.0000000000000000,0.0102883576398376,0.0000000000000000,16.1128165727928163,3.0000859739271064,4.759539,0.000012,-4.7595211829102,406291.3508615152678,0,9.4e-10
1.0007771226740190,0.0,-0.0017967892984058,0.0000000000000000,0.0102881997254658,0.0000000000000000,16.1128682446657265,3.0000859735916459,5.905649,0.000015,-5.9056358975431,406303.4509408763261,0,8.8e-10
1.0007771375618553,0.0,-0.0017968217605218,0.0000000000000000,0.0102880418100395,0.0000000000000000,16.1129199165386332,3.0000859732561831,7.136877,0.000018,-7.1369149147285,406315.4486116745393,0,6.7e-10
1.0007771524501980,0.0,-0.0017968542235795,0.0000000000000000,0.0102878838933476,0.0000000000000000,16.1129715884115434,3.0000859729207190,8.190450,0.000020,-8.1904414057281,406327.6475038071512,0,9.1e-10
1.0007771673390218,0.0,-0.0017968866875472,0.0000000000000000,0.0102877259755708,0.0000000000000000,16.1130232602844536,3.0000859725852518,9.280785,0.000023,-9.2807507218604,406339.7998309568502,0,1.8e-09
1.0007771822283402,0.0,-0.0017969191524605,0.0000000000000000,0.0102875680565323,0.0000000000000000,16.1130749321573603,3.0000859722497832,10.594471,0.000026,-10.5945323584892,406351.6909782022703,0,1.1e-09
1.0007771971181525,0.0,-0.0017969516182983,0.0000000000000000,0.0102874101363365,0.0000000000000000,16.1131266040302705,3.0000859719143120,11.623748,0.000029,-11.6237501881551,406363.9058961200644,0,8.7e-10
1.0007772120084890,0.0,-0.0017969840850868,0.0000000000000000,0.0102872522147911,0.0000000000000000,16.1131782759031772,3.0000859715788386,12.622164,0.000031,-12.6220886968367,406376.1522470193449,0,3.4e-09
1.0007772268992587,0.0,-0.0017970165527675,0.0000000000000000,0.0102870942923392,0.0000000000000000,16.1132299477760874,3.0000859712433634,13.922317,0.000034,-13.9223305039413,406388.0473701914889,0,6.8e-10
1.0007772417905541,0.0,-0.0017970490214019,0.0000000000000000,0.0102869363685362,0.0000000000000000,16.1132816196489941,3.0000859709078855,15.037158,0.000037,-15.0371580539941,406400.1520080445334,0,1.2e-09
1.0007772566823832,0.0,-0.0017970814909899,0.0000000000000000,0.0102867784432982,0.0000000000000000,16.1133332915219043,3.0000859705724068,16.726856,0.000041,-16.7271570445664,406411.5902588441968,0,8.4e-09
1.0007775397201142,0.0,-0.0017976985895319,0.0000000000000000,0.0102837776419493,0.0000000000000000,16.1143150571071700,3.0000859641978876,38.137534,0.000094,-38.1376864430276,406640.4926401924458,0,1.9e-09
1.0007778229362239,0.0,-0.0017983160243701,0.0000000000000000,0.0102807764089970,0.0000000000000000,16.1152968226924358,3.0000859578226002,59.806645,0.000147,-59.8067553929359,406867.6731246701675,0,1.2e-09
1.0007781063309138,0.0,-0.0017989337959131,0.0000000000000000,0.0102777747433239,0.0000000000000000,16.1162785882777015,3.0000859514465446,81.657372,0.000201,-81.6575047772785,407093.2190120571759,0,2.2e-09
1.0007783899044633,0.0,-0.0017995519046261,0.0000000000000000,0.0102747726433610,0.0000000000000000,16.1172603538629673,3.0000859450697206,103.706836,0.000255,-103.7070632965333,407317.1101879632915,0,8.8e-10
1.0007786736570736,0.0,-0.0018001703508620,0.0000000000000000,0.0102717701081883,0.0000000000000000,16.1182421194482330,3.0000859386921284,125.884945,0.000309,-125.8853016495195,407539.4234029650688,0,1.6e-09
1.0007789575889630,0.0,-0.0018007891350160,0.0000000000000000,0.0102687671366812,0.0000000000000000,16.1192238850334988,3.0000859323137674,147.868841,0.000363,-147.8691859055834,407760.5180426574079,0,5.8e-10
1.0007792417004084,0.0,-0.0018014082574844,0.0000000000000000,0.0102657637275908,0.0000000000000000,16.1202056506187645,3.0000859259346395,169.079366,0.000414,-169.0792437249838,407981.0308886863058,0,1.7e-08
1.0007795259915606,0.0,-0.0018020277187365,0.0000000000000000,0.0102627598795114,0.0000000000000000,16.1211874162040303,3.0000859195547442,192.347448,0.000471,-192.3479394377355,408197.8084680419997,0,6.6e-10
1.0007798104627361,0.0,-0.0018026475191670,0.0000000000000000,0.0102597555913734,0.0000000000000000,16.1221691817892960,3.0000859131740776,213.042434,0.000522,-213.0421100098611,408415.9874457042897,0,2.7e-08
1.0007800951141392,0.0,-0.0018032676590579,0.0000000000000000,0.0102567508620697,0.0000000000000000,16.1231509473745618,3.0000859067926515,236.962608,0.000580,-236.9631774828158,408629.1539074896136,0,3.4e-10
1.0007803799459709,0.0,-0.0018038881388984,0.0000000000000000,0.0102537456905275,0.0000000000000000,16.1241327129598275,3.0000859004104559,259.604592,0.000635,-259.6053268738324,408842.2775752912858,0,3.3e-09
1.0007806649585580,0.0,-0.0018045089591941,0.0000000000000000,0.0102507400748475,0.0000000000000000,16.1251144785450933,3.0000858940274933,281.915799,0.000689,-281.9164857547221,409054.3036906943889,0,9.2e-11
1.0007809501520144,0.0,-0.0018051301202100,0.0000000000000000,0.0102477340146149,0.0000000000000000,16.1260962441303626,3.0000858876437655,304.804611,0.000745,-304.8055239291280,409264.2388133682543,0,5.5e-09
1.0007812355266932,0.0,-0.0018057516224292,0.0000000000000000,0.0102447275080974,0.0000000000000000,16.1270780097156283,3.0000858812592708,326.947441,0.000798,-326.9481428316576,409473.5129568183911,0,3.1e-09
1.0007815210825961,0.0,-0.0018063734660416,0.0000000000000000,0.0102417205555030,0.0000000000000000,16.1280597753008941,3.0000858748740109,348.857720,0.000852,-348.8580513689449,409681.5602529607713,0,1.7e-08
1.0007818068203846,0.0,-0.0018069956519891,0.0000000000000000,0.0102387131523648,0.0000000000000000,16.1290415408861598,3.0000858684879859,372.560393,0.000909,-372.5612794271801,409886.2130023823702,0,7.5e-10
1.0007820927398954,0.0,-0.0018076181801507,0.0000000000000000,0.0102357053006785,0.0000000000000000,16.1300233064714256,3.0000858621011961,395.413423,0.000964,-395.4143715037280,410090.2987596510211,0,5.1e-10
1.0007823788415136,0.0,-0.0018082410511346,0.0000000000000000,0.0102326969980499,0.0000000000000000,16.1310050720566913,3.0000858557136407,418.277712,0.001019,-418.2786932305607,410292.8903935975395,0,1.3e-09
1.0007826651254472,0.0,-0.0018088642653186,0.0000000000000000,0.0102296882434342,0.0000000000000000,16.1319868376419571,3.0000858493253229,441.394561,0.001075,-441.3956731538565,410493.7306785041001,0,1.2e-09
1.0007829515919084,0.0,-0.0018094878230791,0.0000000000000000,0.0102266790359457,0.0000000000000000,16.1329686032272228,3.0000858429362376,462.937262,0.001127,-462.9376300169461,410694.7287610217463,0,2.5e-08
1.0007832382412580,0.0,-0.0018101117250091,0.0000000000000000,0.0102236693730454,0.0000000000000000,16.1339503688124886,3.0000858365463912,487.530245,0.001187,-487.5314571637355,410891.0447807883029,0,8.4e-10
1.0007835250734740,0.0,-0.0018107359710683,0.0000000000000000,0.0102206592561699,0.0000000000000000,16.1349321343977543,3.0000858301557822,510.621399,0.001242,-510.6226197308060,411087.4328937226092,0,7.2e-10
1.0007891519122687,0.0,-0.0018229710192988,0.0000000000000000,0.0101619035650297,0.0000000000000000,16.1540653851452163,3.0000857054595156,976.432368,0.002355,-976.4347167247688,414595.0366646377370,0,2.3e-10
1.0007948478582942,0.0,-0.0018353352755899,0.0000000000000000,0.0101029885078402,0.0000000000000000,16.1731912235847943,3.0000855805235820,1085.018275,384.765996,-1469.7842822067469,417480.1536176549271,0,3.8e-10
1.0008006145554291,0.0,-0.0018478316823126,0.0000000000000000,0.0100439056312480,0.0000000000000000,16.1923096812845770,3.0000854553497978,1752.761279,239.461258,-1992.2225562206368,419720.4594432513695,0,6.8e-10
1.0008064536335648,0.0,-0.0018604632078650,0.0000000000000000,0.0099846466795405,0.0000000000000000,16.2114207913399362,3.0000853299398016,2367.426998,177.954184,-2545.3811935716076,421295.5698784017004,0,4.2e-10
1.0008123667025985,0.0,-0.0018732328422032,0.0000000000000000,0.0099252036190586,0.0000000000000000,16.2305245885130205,3.0000852042950288,2989.785828,141.209187,-3130.9950144545073,422187.2248247582465,0,1.1e-11
1.0008183553455079,0.0,-0.0018861435913436,0.0000000000000000,0.0098655686671255,0.0000000000000000,16.2496211093826410,3.0000850784166841,3634.672812,116.207843,-3750.8806576341449,422379.4982529170811,0,9.3e-11
1.0008242990076068,0.0,-0.0018989358936874,0.0000000000000000,0.0098069332297844,0.0000000000000000,16.2683286073172546,3.0000849548306685,4295.092213,98.222466,-4393.3146681122817,421876.5018955972046,0,4.0e-10
1.0008303181071605,0.0,-0.0019118693563128,0.0000000000000000,0.0097480999988326,0.0000000000000000,16.2870290432159841,3.0000848310228410,4987.893028,84.339581,-5072.2326179338779,420678.8550783246756,0,3.5e-10
1.0008364140125623,0.0,-0.0019249468137469,0.0000000000000000,0.0096890625342390,0.0000000000000000,16.3057224576530295,3.0000847069935133,5715.994791,73.264098,-5789.2588763251915,418779.1276093013585,0,5.2e-10
1.0008425880354759,0.0,-0.0019381710886455,0.0000000000000000,0.0096298147551526,0.0000000000000000,16.3244088935326630,3.0000845827426565,6482.303758,64.200992,-6546.5047855241137,416172.5621606558561,0,1.4e-09
1.0008488414212511,0.0,-0.0019515449835728,0.0000000000000000,0.0095703509763438,0.0000000000000000,16.3430883962810469,3.0000844582698605,7288.815679,56.642287,-7345.4579811628355,412857.3001671433449,0,6.1e-10
1.0008551753385504,0.0,-0.0019650712719421,0.0000000000000000,0.0095106659471245,0.0000000000000000,16.3617610140514813,3.0000843335742893,8137.817123,50.238612,-8188.0557039793130,408834.3858065307140,0,1.3e-09
1.0008614617286142,0.0,-0.0019784774737773,0.0000000000000000,0.0094519555679130,0.0000000000000000,16.3800534830107161,3.0000842111556780,9013.238756,44.845991,-9058.0847209425629,404209.3875270113349,0,1.1e-09
1.0008678273726912,0.0,-0.0019920350787247,0.0000000000000000,0.0093930245704951,0.0000000000000000,16.3983392940423123,3.0000840885211262,9933.387116,40.158867,-9973.5459817964875,398915.5571023523808,0,5.1e-11
1.0008741433647861,0.0,-0.0020054707553182,0.0000000000000000,0.0093350549825233,0.0000000000000000,16.4162529181806001,3.0000839681280267,10880.056717,36.129028,-10916.1857499367543,393087.9227379783988,0,1.9e-10
1.0008805368746303,0.0,-0.0020190563649188,0.0000000000000000,0.0092768678421617,0.0000000000000000,16.4341601119078184,3.0000838475236922,11872.813879,32.564864,-11905.3787770660711,386638.9804870337248,0,1.5e-09
1.0008868782290241,0.0,-0.0020325177924549,0.0000000000000000,0.0092196314181113,0.0000000000000000,16.4517029175485341,3.0000837291237894,12891.440426,29.455810,-12920.8962342951563,379729.8008963167667,0,6.8e-11
1.0008932949053675,0.0,-0.0020461272000422,0.0000000000000000,0.0091621827952934,0.0000000000000000,16.4692395210945435,3.0000836105151878,13956.774688,26.671746,-13983.4464460775926,372253.7237513661385,0,5.8e-10
1.0008999204822571,0.0,-0.0020601689203085,0.0000000000000000,0.0091033417451034,0.0000000000000000,16.4871277475083922,3.0000834892659634,15092.648396,24.121503,-15116.7698923695571,364059.2594372630119,0,3.3e-10
1.0009067626395700,0.0,-0.0020746602601384,0.0000000000000000,0.0090430698042743,0.0000000000000000,16.5053747333227392,3.0000833653066334,16303.371575,21.782560,-16325.1541189022682,355130.9055624604225,0,7.7e-10
1.0009138291965249,0.0,-0.0020896192527711,0.0000000000000000,0.0089813279487277,0.0000000000000000,16.5239877711020071,3.0000832385643279,17593.053319,19.635854,-17612.6891722496657,345456.6194546222687,0,2.8e-11
1.0009211280782571,0.0,-0.0021050646723687,0.0000000000000000,0.0089180767045343,0.0000000000000000,16.5429743144596664,3.0000831089624036,18965.389102,17.665124,-18983.0542313129699,335028.0598657727242,0,2.8e-10
1.0009286672782225,0.0,-0.0021210160524444,0.0000000000000000,0.0088532762502649,0.0000000000000000,16.5623419834747487,3.0000829764199510,20423.699776,15.856074,-20439.5558352396256,323841.3906441628933,0,7.7e-10
1.0009364548133401,0.0,-0.0021374937028011,0.0000000000000000,0.0087868865323324,0.0000000000000000,16.5820985705749919,3.0000828408512579,21970.961592,14.195848,-21985.1574430958281,311898.4954161942005,0,1.6e-10
