x0,y0,z0,xd0,yd0,zd0,Tp,JC,stabilityIndex1,stabilityIndex2,alpha,beta,impactFlag,error
0.9981300644880523,0.0,0.0004380018367755,0.0037626212010388,0.0126759652883655,0.0005684241117126,25.2675617321179082,3.0000321510242229,1.999751,1.935491,-3.9352420620845,5.8705001652831,0,3.2e-11
0.9981297267712953,0.0,0.0004348534823163,0.0037500331205242,0.0126802207141972,0.0005943287140615,25.2675153314057184,3.0000321539626462,1.999528,1.935208,-3.9347358324100,5.8695022688375,0,3.2e-11
0.9981294746661121,0.0,0.0004318564357114,0.0037375072421930,0.0126844817582162,0.0006204008502356,25.2674540860008889,3.0000321578528824,1.999232,1.934829,-3.9340609975768,5.8681720365893,0,3.8e-11
0.9981293093550735,0.0,0.0004290280455707,0.0037250930589822,0.0126887314841994,0.0006465097680295,25.2673783470533309,3.0000321626822131,1.998866,1.934349,-3.9332158478813,5.8665061189402,0,3.1e-11
0.9981292305049549,0.0,0.0004263810666713,0.0037128310174428,0.0126929557395025,0.0006725404972087,25.2672886887972794,3.0000321684254923,1.998433,1.933767,-3.9322000027963,5.8645037929545,0,1.3e-11
0.9981292365712335,0.0,0.0004239237639773,0.0037007516938621,0.0126971435720015,0.0006983978834989,25.2671858383342673,3.0000321750490846,1.997936,1.933078,-3.9310138927065,5.8621659413761,0,2.7e-11
0.9981293251548560,0.0,0.0004216604061108,0.0036888760922640,0.0127012872688083,0.0007240079795656,25.2670706057603773,3.0000321825147891,1.997378,1.932280,-3.9296580189154,5.8594935905698,0,2.9e-11
0.9981294933522333,0.0,0.0004195919858221,0.0036772167634744,0.0127053821041977,0.0007493172638332,25.2669438237121788,3.0000321907832443,1.996765,1.931368,-3.9281326777420,5.8564873713488,0,4.1e-11
0.9981297380577360,0.0,0.0004177170127337,0.0036657793847878,0.0127094259092623,0.0007742904043406,25.2668063010176560,3.0000321998165442,1.996101,1.930336,-3.9264373984676,5.8531464100165,0,3.1e-11
0.9981300562000928,0.0,0.0004160322644851,0.0036545644906281,0.0127134185674099,0.0007989072798807,25.2666587911693128,3.0000322095800112,1.995390,1.929180,-3.9245708213707,5.8494680890281,0,2.4e-11
0.9981304449107924,0.0,0.0004145334301545,0.0036435691369357,0.0127173615126933,0.0008231598201044,25.2665019738286709,3.0000322200432326,1.994638,1.927893,-3.9225303880404,5.8454474382323,0,1.9e-11
0.9981309016320561,0.0,0.0004132156193723,0.0036327883721124,0.0127212572775233,0.0008470490345559,25.2663364465893636,3.0000322311805054,1.993847,1.926465,-3.9203122763838,5.8410770089326,0,2.4e-11
0.9981314241772050,0.0,0.0004120737389422,0.0036222164709422,0.0127251091111328,0.0008705824224642,25.2661627239090549,3.0000322429708692,1.993023,1.924889,-3.9179113049023,5.8363466853975,0,2.6e-11
0.9981320107555767,0.0,0.0004111027522502,0.0036118479283685,0.0127289206727869,0.0008937718327593,25.2659812407142894,3.0000322553978589,1.992169,1.923152,-3.9153209691196,5.8312437629423,0,3.6e-11
0.9981326599731297,0.0,0.0004102978429870,0.0036016782407417,0.0127326957941343,0.0009166317647746,25.2657923586963697,3.0000322684490994,1.991289,1.921245,-3.9125333340132,5.8257527340394,0,2.0e-11
0.9981333708170835,0.0,0.0004096545045013,0.0035917045094335,0.0127364383003722,0.0009391780596035,25.2655963739183100,3.0000322821158081,1.990387,1.919153,-3.9095391995613,5.8198556223210,0,4.5e-12
0.9981341426308228,0.0,0.0004091685736201,0.0035819259026951,0.0127401518792016,0.0009614269184146,25.2653935248558632,3.0000322963922628,1.989466,1.916862,-3.9063280273946,5.8135318399278,0,1.7e-11
0.9981349750828065,0.0,0.0004088362239310,0.0035723440030495,0.0127438399870419,0.0009833941836237,25.2651840003681443,3.0000323112752687,1.988530,1.914358,-3.9028878340346,5.8067579812811,0,1.2e-11
0.9981358681326410,0.0,0.0004086539308158,0.0035629630677525,0.0127475057840841,0.0010050948256201,25.2649679472946112,3.0000323267636304,1.987582,1.911623,-3.8992054346953,5.7995083087012,0,1.8e-11
0.9981368219951426,0.0,0.0004086184167283,0.0035537902123874,0.0127511520911102,0.0010265425884691,25.2647454776105853,3.0000323428576472,1.986626,1.908641,-3.8952662642262,5.7917544049324,0,1.3e-11
0.9981378371036512,0.0,0.0004087265838516,0.0035448355314592,0.0127547813630381,0.0010477497565071,25.2645166750883483,3.0000323595586300,1.985663,1.905392,-3.8910545412520,5.7834655039534,0,2.0e-11
0.9981389140726739,0.0,0.0004089754390929,0.0035361121572406,0.0127583956755453,0.0010687270144596,25.2642816015188387,3.0000323768684436,1.984696,1.901857,-3.8865531412190,5.7746082459918,0,1.0e-11
0.9981400536600309,0.0,0.0004093620155666,0.0035276362566649,0.0127619967223964,0.0010894833808394,25.2640403025417974,3.0000323947890748,1.983728,1.898016,-3.8817438056640,5.7651470967256,0,2.0e-11
0.9981412567286123,0.0,0.0004098832940515,0.0035194269638104,0.0127655858218789,0.0011100261998320,25.2637928131084415,3.0000324133222254,1.982760,1.893847,-3.8766069721932,5.7550440222413,0,2.1e-11
0.9981425242079466,0.0,0.0004105361275457,0.0035115062426676,0.0127691639317026,0.0011303611831922,25.2635391626013579,3.0000324324689420,1.981794,1.889328,-3.8711219781158,5.7442588974265,0,2.7e-11
0.9981438570559362,0.0,0.0004113171719122,0.0035038986756644,0.0127727316719280,0.0011504924957179,25.2632793795783961,3.0000324522292807,1.980829,1.884438,-3.8652670265844,5.7327494438498,0,3.3e-11
0.9981452562214852,0.0,0.0004122228255769,0.0034966311745599,0.0127762893560211,0.0011704228818414,25.2630134960809265,3.0000324726020251,1.979869,1.879151,-3.8590192201888,5.7204713148114,0,1.7e-11
0.9981467226091197,0.0,0.0004132491812216,0.0034897326150888,0.0127798370300314,0.0011901538309234,25.2627415513773457,3.0000324935844627,1.978911,1.873444,-3.8523547924481,5.7073785469076,0,3.1e-11
0.9981482570467703,0.0,0.0004143919921630,0.0034832333972820,0.0127833745199575,0.0012096857806575,25.2624635950184597,3.0000325151722351,1.977956,1.867293,-3.8452488241977,5.6934230245869,0,1.3e-11
0.9981498602585366,0.0,0.0004156466559147,0.0034771649444472,0.0127869014869639,0.0012290183559012,25.2621796889974171,3.0000325373592762,1.977004,1.860672,-3.8376757152236,5.6785554037616,0,3.5e-11
0.9981515328441741,0.0,0.0004170082167952,0.0034715591553789,0.0127904174899907,0.0012481506409520,25.2618899088556077,3.0000325601378539,1.976054,1.853555,-3.8296087174662,5.6627242188060,0,2.1e-11
0.9981532752670759,0.0,0.0004184713885716,0.0034664478331949,0.0127939220544702,0.0012670814790618,25.2615943435513586,3.0000325834987214,1.975105,1.845916,-3.8210204023524,5.6458767935081,0,2.3e-11
0.9981550878523416,0.0,0.0004200305970931,0.0034618621182308,0.0127974147455521,0.0012858097918236,25.2612930939793259,3.0000326074313830,1.974155,1.837727,-3.8118822532629,5.6279584637179,0,2.2e-11
0.9981569707962191,0.0,0.0004216800416108,0.0034578319571624,0.0128008952437352,0.0013043349086044,25.2609862700948611,3.0000326319244772,1.973203,1.828961,-3.8021647322420,5.6089127100598,0,2.7e-11
0.9981589241871268,0.0,0.0004234137719357,0.0034543856390810,0.0128043634199771,0.0013226568918483,25.2606739866872019,3.0000326569662583,1.972249,1.819588,-3.7918369768989,5.5886805807532,0,5.0e-12
0.9981609480381323,0.0,0.0004252257775677,0.0034515494287537,0.0128078194076242,0.0013407768453203,25.2603563579771588,3.0000326825451680,1.971290,1.809577,-3.7808667623863,5.5672006167355,0,3.2e-12
0.9981630423294489,0.0,0.0004271100836453,0.0034493473205393,0.0128112636679364,0.0013586971892850,25.2600334912969302,3.0000327086504619,1.970324,1.798896,-3.7692199004012,5.5444077021560,0,2.2e-12
0.9981652070587322,0.0,0.0004290608480697,0.0034478009266530,0.0128146970465000,0.0013764218889945,25.2597054802259926,3.0000327352728609,1.969351,1.787509,-3.7568600251595,5.5202326453264,0,1.0e-11
0.9981674422962991,0.0,0.0004310724538966,0.0034469295060359,0.0128181208180301,0.0013939566237881,25.2593723975904041,3.0000327624051955,1.968369,1.775379,-3.7437479601149,5.4946009743920,0,2.5e-11
0.9981697482417881,0.0,0.0004331395916216,0.0034467501249709,0.0128215367180203,0.0014113088890742,25.2590342887826296,3.0000327900429968,1.967375,1.762466,-3.7298411950112,5.4674319288668,0,1.4e-11
0.9981721252787554,0.0,0.0004352573267711,0.0034472779337311,0.0128249469603041,0.0014284880264860,25.2586911658110651,3.0000328181850109,1.966369,1.748725,-3.7150934124668,5.4386375494956,0,1.9e-11
0.9981745740235934,0.0,0.0004374211493412,0.0034485265329692,0.0128283542402991,0.0014455051815937,25.2583430024275479,3.0000328468335988,1.965348,1.734106,-3.6994535926164,5.4081209815917,0,2.2e-11
0.9981770953660689,0.0,0.0004396270033935,0.0034505083996261,0.0128317617249973,0.0014623731950597,25.2579897306062264,3.0000328759950179,1.964311,1.718554,-3.6828654150882,5.3757753374725,0,9.7e-12
0.9981796904989483,0.0,0.0004418712961399,0.0034532353392981,0.0128351730307308,0.0014791064336311,25.2576312385097772,3.0000329056795518,1.963256,1.702010,-3.6652666379780,5.3414825212948,0,1.1e-11
0.9981823609353180,0.0,0.0004441508875134,0.0034567189329182,0.0128385921907222,0.0014957205724088,25.2572673699923023,3.0000329359015065,1.962182,1.684406,-3.6465882120177,5.3051115711699,0,1.4e-11
0.9981851085127129,0.0,0.0004464630620286,0.0034609709486528,0.0128420236142663,0.0015122323393646,25.2568979255720052,3.0000329666790697,1.961086,1.665668,-3.6267536697999,5.2665175229015,0,1.2e-11
0.9981879353842831,0.0,0.0004488054858312,0.0034660036955269,0.0128454720399257,0.0015286592358265,25.2565226647434571,3.0000329980340408,1.959967,1.645712,-3.6056784345496,5.2255401348430,0,2.4e-12
0.9981908439971309,0.0,0.0004511761516827,0.0034718303001000,0.0128489424841171,0.0015450192419589,25.2561413094122855,3.0000330299914522,1.958823,1.624447,-3.5832692822240,5.1820029012791,0,1.6e-11
0.9981938370592170,0.0,0.0004535733155036,0.0034784648944710,0.0128524401872689,0.0015613305201179,25.2557535482387792,3.0000330625790985,1.957651,1.601773,-3.5594234523843,5.1357114613858,0,2.2e-11
0.9981969174958712,0.0,0.0004559954274282,0.0034859227090666,0.0128559705585570,0.0015776111230787,25.2553590416331453,3.0000330958269874,1.956450,1.577578,-3.5340284184920,5.0864531956518,0,3.0e-11
0.9982000883974891,0.0,0.0004584410604814,0.0034942200683110,0.0128595391204222,0.0015938787151846,25.2549574271695043,3.0000331297667393,1.955218,1.551743,-3.5069611896814,5.0339960258986,0,9.3e-12
0.9982033529597915,0.0,0.0004609088393890,0.0035033742915247,0.0128631514533784,0.0016101503107536,25.2545483251892584,3.0000331644309357,1.953954,1.524135,-3.4780882512958,4.9780883449805,0,3.9e-11
0.9982067144182611,0.0,0.0004633973718293,0.0035134035052414,0.0128668131416121,0.0016264420340231,25.2541313443987967,3.0000331998524454,1.952654,1.494611,-3.4472646861003,4.9184575688192,0,1.9e-11
0.9982101759783241,0.0,0.0004659051841603,0.0035243263746855,0.0128705297197229,0.0016427689037406,25.2537060872958357,3.0000332360637416,1.951317,1.463017,-3.4143346998510,4.8548111500621,0,6.5e-12
0.9982137407424790,0.0,0.0004684306629627,0.0035361617641548,0.0128743066203659,0.0016591446426856,25.2532721552765480,3.0000332730962063,1.949942,1.429189,-3.3791313117141,4.7868361806504,0,5.2e-12
0.9982174116359823,0.0,0.0004709720038200,0.0035489283381277,0.0128781491230211,0.0016755815140270,25.2528291533217342,3.0000333109794517,1.948527,1.392950,-3.3414763776652,4.7141996442592,0,5.7e-12
0.9982211913323713,0.0,0.0004735271682542,0.0035626441152289,0.0128820623037540,0.0016920901844780,25.2523766941784515,3.0000333497406544,1.947069,1.354112,-3.3011813495557,4.6365499543978,0,1.6e-11
0.9982250821802097,0.0,0.0004760938495814,0.0035773259882504,0.0128860509859897,0.0017086796144620,25.2519144019834734,3.0000333894039182,1.945569,1.312479,-3.2580477194299,4.5535180439299,0,2.2e-12
0.9982290861325169,0.0,0.0004786694482756,0.0035929892244351,0.0128901196924832,0.0017253569754796,25.2514419153012177,3.0000334299896756,1.944024,1.267845,-3.2118683190559,4.4647199490950,0,3.3e-12
0.9982332046800975,0.0,0.0004812510570467,0.0036096469597194,0.0128942725984950,0.0017421275938177,25.2509588895630692,3.0000334715141297,1.942433,1.219995,-3.1624284556687,4.3697592334184,0,1.1e-12
0.9982374387904958,0.0,0.0004838354560219,0.0036273097024068,0.0128985134868804,0.0017589949217324,25.2504649989290577,3.0000335139887553,1.940797,1.168711,-3.1095079335204,4.2682309709937,0,4.5e-12
0.9982417888538213,0.0,0.0004864191178551,0.0036459848603894,0.0129028457054148,0.0017759605351294,25.2499599375949089,3.0000335574198678,1.939113,1.113770,-3.0528833046558,4.1597262216563,0,1.6e-11
0.9982462546369935,0.0,0.0004889982226150,0.0036656763069645,0.0129072721271860,0.0017930241579241,25.2494434205916427,3.0000336018082576,1.937383,1.054948,-2.9923307059458,4.0438376077253,0,1.4e-11
0.9982508352478958,0.0,0.0004915686820815,0.0036863839998048,0.0129117951150219,0.0018101837133244,25.2489151841356332,3.0000336471489231,1.935606,0.992023,-2.9276294636161,3.9201662278514,0,2.5e-11
0.9982555291105022,0.0,0.0004941261727123,0.0037081036650773,0.0129164164907462,0.0018274354006166,25.2483749855839967,3.0000336934308867,1.933783,0.924783,-2.8585659114748,3.7883291364888,0,3.5e-12
0.9982603339525191,0.0,0.0004966661766135,0.0037308265607688,0.0129211375107281,0.0018447737983132,25.2478226030750612,3.0000337406371216,1.931915,0.853024,-2.7849384960106,3.6479688989302,0,5.9e-13
0.9982652468060496,0.0,0.0004991840292323,0.0037545393273402,0.0129259588484586,0.0018621919910762,25.2472578349073338,3.0000337887445836,1.930003,0.776560,-2.7065628276381,3.4987633400954,0,1.6e-11
0.9982702640221973,0.0,0.0005016749726246,0.0037792239351648,0.0129308805855119,0.0018796817199985,25.2466804987295319,3.0000338377243598,1.928047,0.695230,-2.6232777239461,3.3404369406404,0,1.5e-11
0.9982753812996412,0.0,0.0005041342127448,0.0038048577324892,0.0129359022116527,0.0018972335534673,25.2460904305899625,3.0000338875419317,1.926052,0.608900,-2.5349520968635,3.1727735918888,0,2.4e-11
0.9982805937269956,0.0,0.0005065569790688,0.0038314135961742,0.0129410226348037,0.0019148370758791,25.2454874838909511,3.0000339381575518,1.924018,0.517474,-2.4414918258855,2.9956295923824,0,6.8e-12
0.9982858958382220,0.0,0.0005089385848146,0.0038588601828476,0.0129462402012667,0.0019324810907351,25.2448715282780114,3.0000339895267265,1.921948,0.420900,-2.3428478869514,2.8089483866579,0,2.0e-11
0.9982912816799320,0.0,0.0005112744859462,0.0038871622752346,0.0129515527262633,0.0019501538341931,25.2442424484847159,3.0000340416007987,1.919845,0.319179,-2.2390241190453,2.6127750354793,0,1.0e-11
0.9982967448886947,0.0,0.0005135603371269,0.0039162812130573,0.0129569575342486,0.0019678431937989,25.2436001431298322,3.0000340943276123,1.917712,0.212374,-2.1300854510903,2.4072713840304,0,9.9e-12
0.9983022787764647,0.0,0.0005157920430174,0.0039461753973143,0.0129624515084025,0.0019855369282025,25.2429445234722820,3.0000341476522405,1.915553,0.100614,-2.0161669626616,2.1927321157055,0,7.2e-12
0.9983078764214999,0.0,0.0005179658034023,0.0039768008512587,0.0129680311479325,0.0020032228821935,25.2422755121034896,3.0000342015177655,1.913370,-0.015888,-1.8974822317591,1.9695999846955,0,2.8e-12
0.9983135307621547,0.0,0.0005200781509444,0.0040081118209275,0.0129736926316916,0.0020208891921118,25.2415930415652134,3.0000342558660744,1.911169,-0.136837,-1.7743320486949,1.7384813257368,0,4.7e-12
0.9983192346907224,0.0,0.0005221259806848,0.0040400613959207,0.0129794318862155,0.0020385244767592,25.2408970528741321,3.0000343106386631,1.908952,-0.261839,-1.6471128598482,1.5001610941850,0,6.5e-12
0.9983249811448082,0.0,0.0005241065707769,0.0040726021328302,0.0129852446563204,0.0020561180102064,25.2401874939516446,3.0000343657774122,1.906724,-0.390399,-1.5163253221352,1.2556177041251,0,5.6e-12
0.9983307631934824,0.0,0.0005260175942819,0.0041056866612762,0.0129911265759917,0.0020736598722361,25.2394643179447300,3.0000344212253243,1.904488,-0.521906,-1.3825821233572,1.0060370633016,0,3.2e-12
0.9983365741162474,0.0,0.0005278571222619,0.0041392682575503,0.0129970732377207,0.0020911410746593,25.2387274814540312,3.0000344769271976,1.902248,-0.655631,-1.2466163528709,0.7528266079177,0,1.2e-11
0.9983424074729151,0.0,0.0005296236186521,0.0041733013709885,0.0130030802582934,0.0021085536615973,25.2379769426792642,3.0000345328302225,1.900008,-0.790719,-1.1092888748806,0.4976285352670,0,1.3e-11
0.9983482571633316,0.0,0.0005313159278392,0.0042077420928766,0.0130091433396856,0.0021258907838216,25.2372126595142809,3.0000345888844970,1.897771,-0.926174,-0.9715963246804,0.2423331637537,0,1.3e-11
0.9983541174758359,0.0,0.0005329332557773,0.0042425485585295,0.0130152583233772,0.0021431467467998,25.2364345876139708,3.0000346450434408,1.895541,-1.060862,-0.8346786258801,-0.0109079306110,0,3.1e-12
0.9983599831246003,0.0,0.0005344751459934,0.0042776812799467,0.0130214212376569,0.0021603170350038,25.2356426784810033,3.0000347012641169,1.893321,-1.193494,-0.6998269418790,-0.2596684984391,0,9.8e-12
0.9983658492756625,0.0,0.0005359414515199,0.0043131034059389,0.0130276283369403,0.0021773983135031,25.2348368776007881,3.0000347575074606,1.891115,-1.322624,-0.5684916161920,-0.5012337364443,0,1.5e-12
0.9983717115624127,0.0,0.0005373323040413,0.0043487809120717,0.0130338761331057,0.0021943884101715,25.2340171226659145,3.0000348137384156,1.888926,-1.446635,-0.4422906615708,-0.7325855791914,0,2.0e-11
0.9983775660914064,0.0,0.0005386480814012,0.0043846827241484,0.0130401614189842,0.0022112862813021,25.2331833419224196,3.0000348699259840,1.886755,-1.563736,-0.3230187942318,-0.9503868529742,0,1.1e-12
0.9983834094396009,0.0,0.0005398893744451,0.0044207807811592,0.0130464812843226,0.0022280919639987,25.2323354526653816,3.0000349260432113,1.884606,-1.671948,-0.2126576242276,-1.1509642601656,0,1.5e-11
0.9983892386441040,0.0,0.0005410569541313,0.0044570500432553,0.0130528331247116,0.0022448065178713,25.2314733598968175,3.0000349820670986,1.882481,-1.769095,-0.1133858153654,-1.3302891482908,0,5.9e-13
0.9983950511860346,0.0,0.0005421517396539,0.0044934684546872,0.0130592146444904,0.0022614319600780,25.2305969551703235,3.0000350379784702,1.880383,-1.852791,-0.0275915057996,-1.4839568781970,0,9.1e-12
0.9984008449694172,0.0,0.0005431747681060,0.0045300168672226,0.0130656238540646,0.0022779711954505,25.2297061156128315,3.0000350937617966,-1.920428,1.878313,0.0421150368075,-1.6071632002066,0,7.7e-12
0.9984066182967006,0.0,0.0005441271661977,0.0045666789341106,0.0130720590629281,0.0022944279451149,25.2288007031354056,3.0000351494049844,-1.969159,1.876272,0.0928866377797,-1.6946785575444,0,9.3e-12
0.9984123698416740,0.0,0.0005450101242154,0.0046034409800150,0.0130785188688078,0.0023108066748945,25.2278805638134109,3.0000352048991514,-1.995887,1.874264,0.1216232772116,-1.7408191169453,0,6.0e-13
0.9984180986210390,0.0,0.0005458248724536,0.0046402918552708,0.0130850021440675,0.0023271125259384,25.2269455274321146,3.0000352602383815,-1.997243,1.872289,0.1249541995596,-1.7394149289278,0,2.5e-12
0.9984238039653941,0.0,0.0005465726601500,0.0046772227798955,0.0130915080200016,0.0023433512486808,25.2259954071801751,3.0000353154194803,-1.969566,1.870348,0.0992183512769,-1.6837743272124,0,2.2e-11
0.9984294854902114,0.0,0.0005472547368673,0.0047142271817914,0.0130980358695189,0.0023595291409459,25.2250299994686138,3.0000353704417266,-1.908886,1.868443,0.0404427491791,-1.5666445214264,0,2.5e-12
0.9984351430676469,0.0,0.0005478723362698,0.0047513005351930,0.0131045852891137,0.0023756529916357,25.2240490838656441,3.0000354253066339,1.866575,-1.810894,-0.0556816205281,-1.3801689559456,0,1.6e-11
0.9984407767992952,0.0,0.0005484266621146,0.0047884402007215,0.0131111560802250,0.0023917300296444,25.2230524231183146,3.0000354800177154,1.864745,-1.670919,-0.1938258322490,-1.1158393310476,0,8.4e-12
0.9984463869905368,0.0,0.0005489188762989,0.0048256452720765,0.0131177482307363,0.0024077678792302,25.2220397632526563,3.0000355345802703,1.862954,-1.483903,-0.3790517816608,-0.7644431881469,0,3.3e-12
0.9984519741263818,0.0,0.0005493500887635,0.0048629164291830,0.0131243618965840,0.0024237745209707,25.2210108337257637,3.0000355890011714,1.861204,-1.244360,-0.6168437415289,-0.3160067829766,0,8.2e-12
0.9984575388491820,0.0,0.0005497213490266,0.0049002558011279,0.0131309973839200,0.0024397582591761,25.2199653476208141,3.0000356432886823,1.859493,-0.946350,-0.9131428094151,0.2402676023528,0,1.6e-11
0.9984630819382095,0.0,0.0005500336391807,0.0049376668391829,0.0131376551319934,0.0024557276951381,25.2189030018695739,3.0000356974522773,1.857825,-0.583440,-1.2743844998158,0.9160706175881,0,1.5e-12
0.9984672416239506,0.0,0.0005502304038310,0.0049658838833021,0.0131426828091111,0.0024677470984804,25.2180918379371697,3.0000357381569147,1.856596,-0.263176,-1.5934199964434,1.5113880532341,0,3.0e-11
0.9984713310149614,0.0,0.0005503925058377,0.0049937440206243,0.0131476518605444,0.0024795962185858,25.2172825489546355,3.0000357782240532,1.855409,0.095501,-1.9509096859465,2.1771927568467,0,2.9e-11
0.9984753521621147,0.0,0.0005505216603976,0.0050212557846242,0.0131525634259178,0.0024912820921741,25.2164751800851583,3.0000358176722806,1.854262,0.494036,-2.3482982690305,2.9160724910609,0,3.1e-11
0.9984793070702527,0.0,0.0005506194781034,0.0050484277451726,0.0131574186480362,0.0025028114739655,25.2156697700605363,3.0000358565197525,1.853154,0.933867,-2.7870212520445,3.7305994334318,0,2.4e-11
0.9984831976956332,0.0,0.0005506874711678,0.0050752684676967,0.0131622186680666,0.0025141908474643,25.2148663515739173,3.0000358947841712,1.852085,1.416421,-3.2685055794523,4.6233313182877,0,3.9e-11
0.9984870259440891,0.0,0.0005507270593915,0.0051017864785456,0.0131669646213660,0.0025254264360563,25.2140649516599176,3.0000359324827728,1.943118,1.851053,-3.7941704922079,5.5968134390975,0,5.1e-11
