x0,y0,z0,xd0,yd0,zd0,Tp,JC,stabilityIndex1,stabilityIndex2,alpha,beta,impactFlag,error
0.9974400150431862,0.0,0.0027410756306009,0.0000009856358824,0.0079822027148466,-0.0000081848520412,9.9090788219545693,3.0000489057305382,2.000000,-1.999570,-0.0004304721856,-1.9991393874981,1,1.3e-12
0.9974400161087649,0.0,0.0027410748431583,0.0000012616950835,0.0079822015066140,-0.0000104772717892,9.9090788157642731,3.0000489057295665,2.000000,-1.999570,-0.0004305670754,-1.9991394080111,1,7.1e-12
0.9974400174670550,0.0,0.0027410738394432,0.0000015435504874,0.0079821999668633,-0.0000128178140375,9.9090788073917278,3.0000489057283311,2.000000,-1.999570,-0.0004306886747,-1.9991394348274,1,7.3e-12
0.9974400191355185,0.0,0.0027410726065315,0.0000018313235293,0.0079821980756002,-0.0000152074843140,9.9090787969806087,3.0000489057268145,2.000000,-1.999569,-0.0004308383463,-1.9991394682060,1,4.3e-12
0.9974400211325331,0.0,0.0027410711308305,0.0000021251381664,0.0079821958118866,-0.0000176473087846,9.9090787845553958,3.0000489057249995,2.000000,-1.999569,-0.0004310177677,-1.9991395087455,1,4.1e-12
0.9974400234275032,0.0,0.0027410694349459,0.0000024191212926,0.0079821932103925,-0.0000200885144802,9.9090787703078949,3.0000489057229127,2.000000,-1.999569,-0.0004312228573,-1.9991395531422,1,4.0e-12
0.9974400260209497,0.0,0.0027410675184939,0.0000027132727371,0.0079821902705619,-0.0000225310974688,9.9090787542073286,3.0000489057205550,2.000001,-1.999569,-0.0004314558372,-1.9991396057462,1,7.8e-12
0.9974400289754206,0.0,0.0027410653352404,0.0000030135988253,0.0079821869213820,-0.0000250249300048,9.9090787359861068,3.0000489057178688,2.000001,-1.999569,-0.0004317197959,-1.9991396628930,1,2.6e-12
0.9974400323116485,0.0,0.0027410628698858,0.0000033202288228,0.0079821831395922,-0.0000275710812618,9.9090787152273059,3.0000489057148370,2.000001,-1.999569,-0.0004320193390,-1.9991397301215,1,9.2e-12
0.9974400360510427,0.0,0.0027410601065845,0.0000036332946768,0.0079821789007180,-0.0000301706422652,9.9090786920413461,3.0000489057114375,2.000001,-1.999569,-0.0004323539518,-1.9991398032736,1,4.5e-12
0.9974400402162183,0.0,0.0027410570286268,0.0000039529310651,0.0079821741791912,-0.0000328247262545,9.9090786662130874,3.0000489057076507,2.000001,-1.999569,-0.0004327274886,-1.9991398863600,1,1.4e-11
0.9974400448307846,0.0,0.0027410536185560,0.0000042792754529,0.0079821689482092,-0.0000355344691280,9.9090786376315450,3.0000489057034563,2.000002,-1.999568,-0.0004331402740,-1.9991399762966,1,6.7e-12
0.9974400499195076,0.0,0.0027410498580670,0.0000046124681474,0.0079821631797227,-0.0000383010298455,9.9090786061156155,3.0000489056988306,2.000002,-1.999568,-0.0004335955143,-1.9991400754882,1,2.2e-13
0.9974400552794471,0.0,0.0027410458971264,0.0000049391811653,0.0079821571038092,-0.0000410137401655,9.9090785728851731,3.0000489056939585,2.000002,-1.999568,-0.0004340748992,-1.9991401796099,1,7.3e-12
0.9974400611299515,0.0,0.0027410415736276,0.0000052727494586,0.0079821504717802,-0.0000437833170541,9.9090785366304406,3.0000489056886410,2.000002,-1.999568,-0.0004345988919,-1.9991402946564,1,4.9e-12
0.9974400673660350,0.0,0.0027410369651442,0.0000056065050704,0.0079821434026196,-0.0000465543920011,9.9090784980291176,3.0000489056829727,2.000003,-1.999568,-0.0004351572361,-1.9991404168668,1,3.5e-12
0.9974400741274869,0.0,0.0027410319683714,0.0000059472627998,0.0079821357379489,-0.0000493835406598,9.9090784561049894,3.0000489056768278,2.000003,-1.999567,-0.0004357626539,-1.9991405492440,1,9.4e-13
0.9974400814419335,0.0,0.0027410265628722,0.0000062951689780,0.0079821274463556,-0.0000522719700264,9.9090784107974912,3.0000489056701802,2.000003,-1.999567,-0.0004364168763,-1.9991406909420,1,1.1e-11
0.9974400893383728,0.0,0.0027410207272081,0.0000066503729507,0.0079821184950112,-0.0000552209114137,9.9090783618781000,3.0000489056630042,2.000004,-1.999567,-0.0004371238061,-1.9991408450311,1,7.7e-12
0.9974400978470837,0.0,0.0027410144389844,0.0000070130271384,0.0079821088495564,-0.0000582316209177,9.9090783091966443,3.0000489056552730,2.000004,-1.999566,-0.0004378859919,-1.9991410118063,1,4.3e-12
0.9974401069997662,0.0,0.0027410076747580,0.0000073832870955,0.0079820984740656,-0.0000613053798348,9.9090782525240524,3.0000489056469561,2.000005,-1.999566,-0.0004387041681,-1.9991411875981,1,1.1e-11
0.9974401168295854,0.0,0.0027410004100030,0.0000077613115715,0.0079820873309727,-0.0000644434951166,9.9090781916273762,3.0000489056380246,2.000005,-1.999566,-0.0004395840593,-1.9991413784664,1,5.4e-12
0.9974401273711467,0.0,0.0027409926191153,0.0000081472625750,0.0079820753809701,-0.0000676472998395,9.9090781263768406,3.0000489056284478,2.000006,-1.999565,-0.0004405274476,-1.9991415825018,1,1.1e-12
0.9974401386607191,0.0,0.0027409842752711,0.0000085413054327,0.0079820625829905,-0.0000709181536145,9.9090780564812793,3.0000489056181920,2.000006,-1.999565,-0.0004415381027,-1.9991418013183,1,1.0e-11
0.9974401504892363,0.0,0.0027409755329625,0.0000089355629302,0.0079820491740246,-0.0000741906598233,9.9090779832274336,3.0000489056074473,2.000007,-1.999564,-0.0004425958183,-1.9991420278005,1,5.0e-12
0.9974401631153873,0.0,0.0027409662009683,0.0000093380848235,0.0079820348607856,-0.0000775316245219,9.9090779050494486,3.0000489055959800,2.000007,-1.999564,-0.0004437239883,-1.9991422674220,1,1.2e-11
0.9974401765790185,0.0,0.0027409562498049,0.0000097490433246,0.0079820195980885,-0.0000809424617794,9.9090778217172026,3.0000489055837520,2.000008,-1.999563,-0.0004449280391,-1.9991425245844,1,1.1e-11
0.9974401909217849,0.0,0.0027409456486493,0.0000101686141598,0.0079820033387190,-0.0000844246135649,9.9090777329530368,3.0000489055707273,2.000009,-1.999563,-0.0004462121985,-1.9991428009762,1,1.6e-11
0.9974402061871944,0.0,0.0027409343653018,0.0000105969766354,0.0079819860333363,-0.0000879795502242,9.9090776384750576,3.0000489055568660,2.000010,-1.999562,-0.0004475766557,-1.9991430899241,1,1.4e-11
0.9974402224207023,0.0,0.0027409223661183,0.0000110343137081,0.0079819676303884,-0.0000916087709337,9.9090775380229417,3.0000489055421271,2.000010,-1.999561,-0.0004490272900,-1.9991433958100,1,8.5e-12
0.9974402396698101,0.0,0.0027409096159375,0.0000114808120495,0.0079819480760256,-0.0000953138041572,9.9090774312804530,3.0000489055264699,2.000011,-1.999561,-0.0004505681023,-1.9991437188917,1,3.4e-12
0.9974402576108526,0.0,0.0027408963539555,0.0000119275453632,0.0079819277371148,-0.0000990205644126,9.9090773203078211,3.0000489055101842,2.000012,-1.999560,-0.0004521707062,-1.9991440541009,1,1.0e-11
0.9974402766320813,0.0,0.0027408822931317,0.0000123836343498,0.0079819061735432,-0.0001028047143433,9.9090772026483922,3.0000489054929220,2.000013,-1.999559,-0.0004538699468,-1.9991444088200,1,9.2e-12
0.9974402967856097,0.0,0.0027408673948734,0.0000128492733654,0.0079818833261888,-0.0001066678420469,9.9090770780119257,3.0000489054746340,2.000014,-1.999558,-0.0004556714407,-1.9991447858169,1,1.5e-11
0.9974403181258720,0.0,0.0027408516188674,0.0000133246606909,0.0079818591333243,-0.0001106115662540,9.9090769460398676,3.0000489054552726,2.000015,-1.999558,-0.0004575769189,-1.9991451796197,1,1.5e-11
0.9974403402501392,0.0,0.0027408352627676,0.0000138002921695,0.0079818340514817,-0.0001145570231111,9.9090768092392114,3.0000489054352029,2.000016,-1.999557,-0.0004595513451,-1.9991455845130,1,3.0e-12
0.9974403636348287,0.0,0.0027408179742941,0.0000142858781692,0.0079818075405296,-0.0001185847417798,9.9090766646817574,3.0000489054139927,2.000017,-1.999556,-0.0004616387829,-1.9991460121221,1,8.7e-12
0.9974403878373054,0.0,0.0027408000806122,0.0000147717104926,0.0079817801022414,-0.0001226141762429,9.9090765151078752,3.0000489053920449,2.000019,-1.999555,-0.0004637973994,-1.9991464495466,1,5.5e-12
0.9974404128584372,0.0,0.0027407815810220,0.0000152577880431,0.0079817517356613,-0.0001266453058620,9.9090763604670595,3.0000489053693591,2.000020,-1.999554,-0.0004660299633,-1.9991469019156,1,2.7e-12
0.9974404381743108,0.0,0.0027407628628351,0.0000157343836596,0.0079817230346923,-0.0001305974604610,9.9090762040453324,3.0000489053464103,2.000021,-1.999553,-0.0004682875573,-1.9991473554277,1,6.9e-13
0.9974404648190287,0.0,0.0027407431613850,0.0000162209491604,0.0079816928269397,-0.0001346319322522,9.9090760394595545,3.0000489053222608,2.000022,-1.999552,-0.0004706636870,-1.9991478309976,1,1.0e-11
0.9974404928536882,0.0,0.0027407224313811,0.0000167176910354,0.0079816610431096,-0.0001387503995286,9.9090758663060967,3.0000489052968571,2.000024,-1.999551,-0.0004731615030,-1.9991483247966,1,4.5e-12
0.9974405211576598,0.0,0.0027407015013915,0.0000172047384608,0.0079816289536735,-0.0001427881022611,9.9090756915298819,3.0000489052712149,2.000025,-1.999549,-0.0004756842909,-1.9991488231895,1,8.2e-12
0.9974405508869612,0.0,0.0027406795164948,0.0000177019697770,0.0079815952479702,-0.0001469098229812,9.9090755079873514,3.0000489052442862,2.000027,-1.999548,-0.0004783321310,-1.9991493404083,1,2.1e-12
0.9974405814730855,0.0,0.0027406568969961,0.0000181994436041,0.0079815605705102,-0.0001510331296015,9.9090753192065382,3.0000489052165884,2.000028,-1.999547,-0.0004810560596,-1.9991498696719,1,7.8e-12
0.9974406135671972,0.0,0.0027406331612206,0.0000187073157085,0.0079815241829887,-0.0001552421721553,9.9090751211585957,3.0000489051875312,2.000030,-1.999546,-0.0004839124913,-1.9991504187861,1,1.5e-12
0.9974406465545445,0.0,0.0027406087636985,0.0000192154317922,0.0079814867823684,-0.0001594527692165,9.9090749176428670,3.0000489051576724,2.000031,-1.999544,-0.0004868486167,-1.9991509807398,1,9.4e-12
0.9974406811363592,0.0,0.0027405831856636,0.0000197341647025,0.0079814475735427,-0.0001637508491955,9.9090747043457945,3.0000489051263775,2.000033,-1.999543,-0.0004899249048,-1.9991515632666,1,1.1e-11
0.9974407166492081,0.0,0.0027405569176788,0.0000202531428090,0.0079814073086726,-0.0001680504467490,9.9090744853490040,3.0000489050942494,2.000035,-1.999542,-0.0004930815666,-1.9991521533030,1,9.5e-12
0.9974407523559132,0.0,0.0027405305049529,0.0000207619808575,0.0079813668235514,-0.0001722655245522,9.9090742652326753,3.0000489050619534,2.000036,-1.999540,-0.0004962560837,-1.9991527444849,1,6.7e-13
0.9974407897145243,0.0,0.0027405028688412,0.0000212814464152,0.0079813244649845,-0.0001765681017278,9.9090740349822237,3.0000489050281729,2.000038,-1.999539,-0.0004995760084,-1.9991533565256,1,7.7e-12
0.9974408287969702,0.0,0.0027404739559322,0.0000218117586947,0.0079812801513355,-0.0001809599466367,9.9090737941766793,3.0000489049928434,2.000040,-1.999537,-0.0005030468948,-1.9991539884320,1,2.3e-12
0.9974408688508972,0.0,0.0027404443226460,0.0000223423142503,0.0079812347356242,-0.0001853532135029,9.9090735474456864,3.0000489049566457,2.000042,-1.999535,-0.0005066034737,-1.9991546307281,1,1.1e-11
0.9974409107239740,0.0,0.0027404133416668,0.0000228839435145,0.0079811872566320,-0.0001898375499786,9.9090732895913067,3.0000489049188155,2.000044,-1.999534,-0.0005103195412,-1.9991552936282,1,1.5e-11
0.9974409510598413,0.0,0.0027403834962729,0.0000233939520232,0.0079811415200555,-0.0001940594954899,9.9090730412834329,3.0000489048823851,2.000046,-1.999532,-0.0005138972076,-1.9991559239300,1,1.1e-11
0.9974409922941367,0.0,0.0027403529843252,0.0000239041925496,0.0079810947641659,-0.0001982827745334,9.9090727875158997,3.0000489048451544,2.000048,-1.999530,-0.0005175531456,-1.9991565610627,1,9.6e-12
0.9974410352962976,0.0,0.0027403211622938,0.0000244250808807,0.0079810460030435,-0.0002025935670456,9.9090725229451380,3.0000489048063388,2.000050,-1.999529,-0.0005213637727,-1.9991572166783,1,3.7e-12
0.9974410792343477,0.0,0.0027402886456632,0.0000249462018585,0.0079809961800099,-0.0002069056460945,9.9090722527121109,3.0000489047666914,2.000052,-1.999527,-0.0005252553961,-1.9991578777485,1,5.9e-12
0.9974411250340011,0.0,0.0027402547491577,0.0000254781931762,0.0079809442453218,-0.0002113070002025,9.9090719711151447,3.0000489047253782,2.000054,-1.999525,-0.0005293117421,-1.9991585611541,1,1.3e-11
0.9974411718084053,0.0,0.0027402201289313,0.0000260104174652,0.0079808912045317,-0.0002157095874517,9.9090716836276229,3.0000489046831995,2.000057,-1.999523,-0.0005334500761,-1.9991592448394,1,3.9e-12
0.9974412185936663,0.0,0.0027401854983442,0.0000265322248531,0.0079808381506878,-0.0002200253177275,9.9090713961458281,3.0000489046410252,2.000059,-1.999521,-0.0005375894149,-1.9991599230723,1,1.2e-11
0.9974412663162837,0.0,0.0027401501715217,0.0000270542591658,0.0079807840330740,-0.0002243422299984,9.9090711030318879,3.0000489045980210,2.000061,-1.999519,-0.0005418086221,-1.9991606029884,1,1.4e-11
0.9974413139944686,0.0,0.0027401148751710,0.0000275660745362,0.0079807299650481,-0.0002285739501954,9.9090708102781733,3.0000489045550718,2.000063,-1.999517,-0.0005460200936,-1.9991612687772,1,1.1e-11
0.9974413615939152,0.0,0.0027400796346987,0.0000280678710784,0.0079806759855302,-0.0002327221611331,9.9090705181026895,3.0000489045122087,2.000066,-1.999515,-0.0005502249656,-1.9991619283331,1,3.8e-12
0.9974414100598985,0.0,0.0027400437502031,0.0000285698845841,0.0079806210224978,-0.0002368714870454,9.9090702207181049,3.0000489044685801,2.000068,-1.999513,-0.0005545029831,-1.9991625871235,1,2.1e-13
0.9974414604082130,0.0,0.0027400064693703,0.0000290823625816,0.0079805639239241,-0.0002411065935121,9.9090699119026926,3.0000489044232737,2.000070,-1.999511,-0.0005589461650,-1.9991632631640,1,1.8e-11
0.9974415127137299,0.0,0.0027399677364514,0.0000296055200951,0.0079805046047926,-0.0002454292000842,9.9090695912025968,3.0000489043762233,2.000073,-1.999509,-0.0005635581867,-1.9991639508368,1,1.4e-11
0.9974415659582183,0.0,0.0027399283052199,0.0000301288961118,0.0079804442198033,-0.0002497528354507,9.9090692648609515,3.0000489043283469,2.000075,-1.999507,-0.0005682506457,-1.9991646389546,1,1.5e-11
0.9974416179788986,0.0,0.0027398897773861,0.0000306317565422,0.0079803852217769,-0.0002539062465520,9.9090689461438313,3.0000489042815892,2.000078,-1.999505,-0.0005728321015,-1.9991652979962,1,6.4e-12
0.9974416719552314,0.0,0.0027398497980991,0.0000311450933578,0.0079803240047914,-0.0002581454237135,9.9090686155725045,3.0000489042330929,2.000080,-1.999503,-0.0005775838134,-1.9991659705704,1,9.0e-12
0.9974417268344212,0.0,0.0027398091468992,0.0000316586418910,0.0079802617627842,-0.0002623855641560,9.9090682796031437,3.0000489041838043,2.000083,-1.999500,-0.0005824116953,-1.9991666401657,1,3.6e-12
0.9974417837640582,0.0,0.0027397669734596,0.0000321828847420,0.0079801971941192,-0.0002667131799273,9.9090679312230669,3.0000489041326950,2.000086,-1.999498,-0.0005874179320,-1.9991673226459,1,1.3e-11
0.9974418428237194,0.0,0.0027397232184472,0.0000327180411409,0.0079801302084055,-0.0002711300157585,9.9090675699676343,3.0000489040796960,2.000088,-1.999496,-0.0005926077199,-1.9991680144986,1,1.4e-11
0.9974419040960930,0.0,0.0027396778201917,0.0000332643345977,0.0079800607117375,-0.0002756378475056,9.9090671953261715,3.0000489040247365,2.000091,-1.999493,-0.0005979874283,-1.9991687138963,1,9.9e-13
0.9974419676670629,0.0,0.0027396307146154,0.0000338219929758,0.0079799886065518,-0.0002802384825197,9.9090668068175756,3.0000489039677403,2.000094,-1.999491,-0.0006035670580,-1.9991694257353,1,1.3e-11
0.9974420336258456,0.0,0.0027395818351321,0.0000343912485582,0.0079799137914988,-0.0002849337599136,9.9090664038953680,3.0000489039086315,2.000097,-1.999488,-0.0006093505923,-1.9991701422256,1,1.8e-12
0.9974421006854935,0.0,0.0027395321350815,0.0000349607175194,0.0079798377262098,-0.0002896297358286,9.9090659944498238,3.0000489038485654,2.000100,-1.999485,-0.0006152281014,-1.9991708543505,1,1.1e-11
0.9974421702478079,0.0,0.0027394805751516,0.0000355420228607,0.0079797588204864,-0.0002944222050013,9.9090655699465700,3.0000489037862890,2.000104,-1.999482,-0.0006213195901,-1.9991715704507,1,9.6e-12
0.9974422424094439,0.0,0.0027394270831343,0.0000361354058810,0.0079796769645363,-0.0002993130691244,9.9090651297854588,3.0000489037217188,2.000107,-1.999479,-0.0006276340392,-1.9991722911644,1,9.8e-12
0.9974423172707271,0.0,0.0027393715840431,0.0000367411125140,0.0079795920443265,-0.0003043042624768,9.9090646734187242,3.0000489036547697,2.000110,-1.999476,-0.0006341798396,-1.9991730153881,1,1.4e-11
0.9974423949358602,0.0,0.0027393139999656,0.0000373593933895,0.0079795039414564,-0.0003093977520882,9.9090642002061227,3.0000489035853506,2.000114,-1.999473,-0.0006409642750,-1.9991737389460,1,1.9e-12
0.9974424722975743,0.0,0.0027392566344477,0.0000379655148904,0.0079794161806833,-0.0003143897571557,9.9090637291238615,3.0000489035162432,2.000117,-1.999470,-0.0006477180006,-1.9991744364074,1,1.4e-11
0.9974425525127825,0.0,0.0027391971462425,0.0000385842142947,0.0079793251806408,-0.0003194839912612,9.9090632409324417,3.0000489034446280,2.000121,-1.999466,-0.0006547131796,-1.9991751286313,1,3.6e-12
0.9974426340142908,0.0,0.0027391366970613,0.0000392031177928,0.0079792327190540,-0.0003245785078639,9.9090627452156514,3.0000489033719075,2.000125,-1.999463,-0.0006618155938,-1.9991758058444,1,1.4e-12
0.9974427185036701,0.0,0.0027390740242961,0.0000398348560833,0.0079791368653658,-0.0003297772104676,9.9090622316214478,3.0000489032965665,2.000129,-1.999460,-0.0006691726790,-1.9991764792036,1,1.4e-11
0.9974428060944394,0.0,0.0027390090429093,0.0000404796891851,0.0079790374904888,-0.0003350821247361,9.9090616995251803,3.0000489032185103,2.000133,-1.999456,-0.0006767917905,-1.9991771427484,1,1.4e-11
0.9974428969044288,0.0,0.0027389416645962,0.0000411378820057,0.0079789344604768,-0.0003404953093383,9.9090611482174253,3.0000489031376376,2.000137,-1.999452,-0.0006846827500,-1.9991777945260,1,2.6e-12
0.9974429910558696,0.0,0.0027388717977040,0.0000418097044172,0.0079788276363313,-0.0003460188561565,9.9090605770195328,3.0000489030538464,2.000141,-1.999448,-0.0006928571227,-1.9991784351707,1,1.0e-11
0.9974430886755749,0.0,0.0027387993470950,0.0000424954313200,0.0079787168738360,-0.0003516548903594,9.9090599851939061,3.0000489029670296,2.000145,-1.999444,-0.0007013226426,-1.9991790567464,1,2.5e-12
0.9974431878553990,0.0,0.0027387257281562,0.0000431813466134,0.0079786043378080,-0.0003572905937578,9.9090593843247738,3.0000489028788886,2.000150,-1.999440,-0.0007099162233,-1.9991796501368,1,1.4e-11
0.9974432885934649,0.0,0.0027386509417766,0.0000438674469200,0.0079784900301759,-0.0003629259089721,9.9090587744753584,3.0000489027894299,2.000154,-1.999436,-0.0007186330836,-1.9991802050969,1,8.3e-12
0.9974433888273313,0.0,0.0027385765189100,0.0000445400053299,0.0079783762911801,-0.0003684481177727,9.9090581681206693,3.0000489027004842,2.000159,-1.999432,-0.0007272997643,-1.9991807199480,1,1.4e-11
0.9974434926462412,0.0,0.0027384994228161,0.0000452264699305,0.0079782584804287,-0.0003740825605265,9.9090575405445644,3.0000489026084267,2.000163,-1.999427,-0.0007362652804,-1.9991812055630,1,1.6e-11
0.9974436001834589,0.0,0.0027384195533078,0.0000459271201782,0.0079781364463086,-0.0003798313815622,9.9090568909869425,3.0000489025131460,2.000168,-1.999423,-0.0007455398831,-1.9991816573939,1,6.3e-12
0.9974437115771315,0.0,0.0027383368064644,0.0000466422406605,0.0079780100316298,-0.0003856967580360,9.9090562186833147,3.0000489024145280,2.000173,-1.999418,-0.0007551371006,-1.9991820764739,1,8.5e-12
0.9974438269704553,0.0,0.0027382510744999,0.0000473721211557,0.0079778790734408,-0.0003916808999041,9.9090555228193438,3.0000489023124546,2.000178,-1.999413,-0.0007650680684,-1.9991824579106,1,8.3e-12
0.9974439465118350,0.0,0.0027381622456351,0.0000481170566984,0.0079777434028345,-0.0003977860498880,9.9090548025541150,3.0000489022068044,2.000183,-1.999408,-0.0007753424168,-1.9991827927061,1,1.6e-11
0.9974440703550561,0.0,0.0027380702039590,0.0000488773476403,0.0079776028447537,-0.0004040144833985,9.9090540570327335,3.0000489020974501,2.000189,-1.999403,-0.0007859720668,-1.9991830752882,1,1.5e-11
0.9974441986594602,0.0,0.0027379748292886,0.0000496532997096,0.0079774572177919,-0.0004103685083976,9.9090532853726039,3.0000489019842620,2.000194,-1.999397,-0.0007969698122,-1.9991833005867,1,1.6e-11
0.9974443315901276,0.0,0.0027378759970226,0.0000504452240685,0.0079773063339912,-0.0004168504652123,9.9090524866477292,3.0000489018671064,2.000200,-1.999392,-0.0008083480676,-1.9991834614870,1,1.4e-11
0.9974444693180388,0.0,0.0027377735780059,0.0000512534373718,0.0079771499986271,-0.0004234627263456,9.9090516599290979,3.0000489017458438,2.000206,-1.999386,-0.0008201199028,-1.9991835509409,1,1.5e-11
0.9974446035701710,0.0,0.0027376737240339,0.0000520297656177,0.0079769976023556,-0.0004298112104326,9.9090508548717331,3.0000489016277605,2.000212,-1.999380,-0.0008315775795,-1.9991835618835,1,9.2e-12
0.9974447425563593,0.0,0.0027375703285115,0.0000528220583268,0.0079768398257009,-0.0004362872595832,9.9090500222614128,3.0000489015056377,2.000218,-1.999374,-0.0008434216381,-1.9991834943389,1,2.7e-13
0.9974448807125659,0.0,0.0027374675297987,0.0000535986187091,0.0079766829846727,-0.0004426317498297,9.9090491954685884,3.0000489013843685,2.000223,-1.999368,-0.0008551783049,-1.9991833501474,1,4.5e-12
0.9974450236730174,0.0,0.0027373611346912,0.0000543911380503,0.0079765206827641,-0.0004491035572972,9.9090483408145538,3.0000489012590132,2.000229,-1.999362,-0.0008673256389,-1.9991831189820,1,1.3e-11
0.9974451716106739,0.0,0.0027372510121925,0.0000551999316533,0.0079763527229101,-0.0004557050259566,9.9090474573455314,3.0000489011294338,2.000236,-1.999356,-0.0008798757678,-1.9991827908831,1,1.4e-11
0.9974453186027297,0.0,0.0027371415701815,0.0000559926423745,0.0079761858292198,-0.0004621720108426,9.9090465804792238,3.0000489010008229,2.000242,-1.999349,-0.0008923251926,-1.9991823751774,1,3.8e-12
0.9974454616474324,0.0,0.0027370350447404,0.0000567540565877,0.0079760234102564,-0.0004683806440726,9.9090457280591018,3.0000489008758016,2.000248,-1.999343,-0.0009044225956,-1.9991818888296,1,1.3e-11
0.9974456094996146,0.0,0.0027369249159235,0.0000575311054924,0.0079758555253294,-0.0004747136628358,9.9090448479479889,3.0000489007467177,2.000254,-1.999337,-0.0009169062576,-1.9991812976785,1,9.7e-12
0.9974457623282142,0.0,0.0027368110555378,0.0000583240976479,0.0079756819818959,-0.0004811733524181,9.9090439392208918,3.0000489006134390,2.000260,-1.999330,-0.0009297893894,-1.9991805943715,1,1.0e-11
0.9974459203079531,0.0,0.0027366933308854,0.0000591333469717,0.0079755025807686,-0.0004877620281648,9.9090430009435853,3.0000489004758273,2.000267,-1.999323,-0.0009430848923,-1.9991797696236,1,1.6e-11
0.9974460803334040,0.0,0.0027365740542446,0.0000599426603948,0.0079753208478952,-0.0004943477047599,9.9090420516215048,3.0000489003365987,2.000273,-1.999316,-0.0009565284116,-1.9991788302367,1,6.1e-12
0.9974462457259776,0.0,0.0027364507480097,0.0000607685458967,0.0079751330107078,-0.0005010645612538,9.9090410716550856,3.0000489001928750,2.000280,-1.999309,-0.0009703992201,-1.9991777536471,1,7.5e-12
0.9974464166728145,0.0,0.0027363232697053,0.0000616113279239,0.0079749388557740,-0.0005079149656030,9.9090400600340320,3.0000489000445119,2.000287,-1.999302,-0.0009847101426,-1.9991765273648,1,1.4e-11
0.9974465730864002,0.0,0.0027362066013535,0.0000623731839359,0.0079747611984855,-0.0005141041746270,9.9090391355402172,3.0000488999089274,2.000293,-1.999295,-0.0009977807943,-1.9991753031177,1,1.1e-11
0.9974467345412121,0.0,0.0027360861449191,0.0000631506484746,0.0079745778066118,-0.0005204168176611,9.9090381823684517,3.0000488997691401,2.000299,-1.999288,-0.0010112498543,-1.9991739389122,1,1.3e-11
0.9974469012084355,0.0,0.0027359617699716,0.0000639440281193,0.0079743884848714,-0.0005268551400890,9.9090371996292497,3.0000488996250159,2.000306,-1.999281,-0.0010251290368,-1.9991724232294,1,1.3e-11
0.9974470535271539,0.0,0.0027358480761574,0.0000646612340677,0.0079742154537828,-0.0005326721965608,9.9090363025533783,3.0000488994934575,2.000312,-1.999274,-0.0010377901110,-1.9991709403115,1,1.0e-11
0.9974472074263894,0.0,0.0027357331769946,0.0000653785080505,0.0079740406193303,-0.0005384868205945,9.9090353972059102,3.0000488993606864,2.000318,-1.999267,-0.0010505643335,-1.9991693561385,1,1.4e-11
0.9974473629015743,0.0,0.0027356170750851,0.0000660958462014,0.0079738639864579,-0.0005442989523530,9.9090344836302915,3.0000488992267109,2.000324,-1.999260,-0.0010634462067,-1.9991676592763,1,1.3e-11
0.9974475167926693,0.0,0.0027355021301917,0.0000667989001668,0.0079736891452437,-0.0005499923987780,9.9090335804078506,3.0000488990942551,2.000330,-1.999253,-0.0010761756584,-1.9991658880466,1,1.5e-11
0.9974476600758478,0.0,0.0027353950854147,0.0000674474446807,0.0079735263489211,-0.0005552418070819,9.9090327403746503,3.0000488989710670,2.000335,-1.999247,-0.0010880085110,-1.9991641567694,1,1.4e-11
0.9974478076066686,0.0,0.0027352848439090,0.0000681093027755,0.0079733587192936,-0.0005605963718825,9.9090318763787248,3.0000488988443652,2.000341,-1.999241,-0.0011001728673,-1.9991622916546,1,1.2e-11
0.9974479595208912,0.0,0.0027351713021340,0.0000687847382460,0.0079731861014773,-0.0005660580450100,9.9090309877028613,3.0000488987140463,2.000346,-1.999234,-0.0011126776947,-1.9991602828874,1,9.6e-13
0.9974481159586859,0.0,0.0027350543530975,0.0000694740195874,0.0079730083355395,-0.0005716288061111,9.9090300736158436,3.0000488985800025,2.000352,-1.999227,-0.0011255351074,-1.9991581259133,1,1.4e-11
0.9974482770647378,0.0,0.0027349338862649,0.0000701774200493,0.0079728252563385,-0.0005773106625719,9.9090291333680049,3.0000488984421239,2.000358,-1.999220,-0.0011387512323,-1.9991558031710,1,6.9e-12
0.9974484429884252,0.0,0.0027348097874198,0.0000708952176851,0.0079726366933900,-0.0005831056493602,9.9090281661871256,3.0000488983002969,2.000365,-1.999212,-0.0011523409002,-1.9991533133505,1,1.1e-11
0.9974486138838990,0.0,0.0027346819385850,0.0000716276954050,0.0079724424706908,-0.0005890158288937,9.9090271712820837,3.0000488981544056,2.000371,-1.999205,-0.0011663106762,-1.9991506375571,1,5.0e-12
0.9974487899102688,0.0,0.0027345502178784,0.0000723751410223,0.0079722424065799,-0.0005950432908025,9.9090261478319270,3.0000488980043314,2.000377,-1.999197,-0.0011806737901,-1.9991477689738,1,1.3e-11
0.9974489605239875,0.0,0.0027344225151037,0.0000730930062298,0.0079720484844254,-0.0006008288680602,9.9090251571525751,3.0000488978590618,2.000384,-1.999189,-0.0011945684545,-1.9991448770457,1,1.2e-11
0.9974491292042438,0.0,0.0027342962281744,0.0000737965401614,0.0079718567503988,-0.0006064957374246,9.9090241789262858,3.0000488977156228,2.000390,-1.999181,-0.0012082806388,-1.9991419121017,1,1.5e-11
0.9974493028307375,0.0,0.0027341662055522,0.0000745144547655,0.0079716593842722,-0.0006122751440263,9.9090231733189249,3.0000488975681692,2.000396,-1.999174,-0.0012223683779,-1.9991387497025,1,1.2e-11
0.9974494779698568,0.0,0.0027340350166938,0.0000752323843778,0.0079714602886031,-0.0006180513154474,9.9090221602748905,3.0000488974196271,2.000402,-1.999166,-0.0012365517154,-1.9991354468363,1,7.3e-12
0.9974496582357760,0.0,0.0027338999524345,0.0000759649727965,0.0079712553542759,-0.0006239419397888,9.9090211189747901,3.0000488972669430,2.000409,-1.999158,-0.0012511221877,-1.9991319300946,1,3.9e-12
0.9974498364122274,0.0,0.0027337664186518,0.0000766829125166,0.0079710527848189,-0.0006297113344094,9.9090200911305306,3.0000488971162338,2.000415,-1.999149,-0.0012654957255,-1.9991283375368,1,9.2e-14
0.9974500160846655,0.0,0.0027336317283899,0.0000774008556484,0.0079708485039910,-0.0006354773240155,9.9090190560476294,3.0000488969644659,2.000421,-1.999141,-0.0012799628217,-1.9991246001441,1,1.3e-11
0.9974502009590521,0.0,0.0027334931014760,0.0000781334459193,0.0079706382976510,-0.0006413573845994,9.9090179924664064,3.0000488968085199,2.000428,-1.999133,-0.0012948178623,-1.9991206298489,1,5.0e-12
0.9974503836346158,0.0,0.0027333560864061,0.0000788513757587,0.0079704305804119,-0.0006471162569060,9.9090169429826229,3.0000488966546444,2.000434,-1.999125,-0.0013094676934,-1.9991165875236,1,1.1e-11
0.9974505604704510,0.0,0.0027332234164083,0.0000795408758060,0.0079702294929976,-0.0006526437785895,9.9090159284364390,3.0000488965058913,2.000440,-1.999116,-0.0013236213816,-1.9991125603642,1,1.4e-11
0.9974507281550135,0.0,0.0027330975802785,0.0000801898432728,0.0079700388024208,-0.0006578433879096,9.9090149676438966,3.0000488963650223,2.000446,-1.999109,-0.0013370167509,-1.9991086371543,1,6.6e-12
0.9974508970485956,0.0,0.0027329708055311,0.0000808388343807,0.0079698467276679,-0.0006630402838717,9.9090140011478951,3.0000488962233187,2.000451,-1.999101,-0.0013504849163,-1.9991045865789,1,1.4e-11
0.9974510671470342,0.0,0.0027328430945961,0.0000814878462930,0.0079696532732653,-0.0006682344256983,9.9090130290114100,3.0000488960807892,2.000457,-1.999093,-0.0013640223378,-1.9991004016093,1,5.3e-12
0.9974512350094054,0.0,0.0027327170312099,0.0000821238990812,0.0079694623527250,-0.0006733220027786,9.9090120708822660,3.0000488959403153,2.000463,-1.999085,-0.0013773595096,-1.9990961763665,1,1.2e-11
0.9974514040229090,0.0,0.0027325900718934,0.0000827599738286,0.0079692701136582,-0.0006784069166073,9.9090111074119935,3.0000488957990599,2.000468,-1.999078,-0.0013907622777,-1.9990918199164,1,1.1e-11
0.9974515776671359,0.0,0.0027324596012020,0.0000834090457423,0.0079690725978495,-0.0006835927889236,9.9090101188353170,3.0000488956541242,2.000474,-1.999070,-0.0014045065792,-1.9990872403646,1,1.2e-11
0.9974517560787837,0.0,0.0027323255136978,0.0000840713699760,0.0079688696490304,-0.0006888814600935,9.9090091044704511,3.0000488955054103,2.000480,-1.999061,-0.0014186008467,-1.9990824253837,1,7.0e-12
0.9974519217346318,0.0,0.0027322009814422,0.0000846822897206,0.0079686812010942,-0.0006937568889652,9.9090081638659715,3.0000488953675113,2.000485,-1.999054,-0.0014316634413,-1.9990778572296,1,1.3e-11
0.9974520884411318,0.0,0.0027320756286843,0.0000852932338566,0.0079684915489861,-0.0006986298332912,9.9090072184873197,3.0000488952289142,2.000491,-1.999046,-0.0014447846553,-1.9990731639254,1,1.3e-11
0.9974522528303591,0.0,0.0027319519882199,0.0000858919839485,0.0079683045243031,-0.0007034029036515,9.9090062874291753,3.0000488950924171,2.000496,-1.999038,-0.0014577001074,-1.9990684425643,1,1.4e-11
0.9974524216085755,0.0,0.0027318250155410,0.0000865029764866,0.0079681124972139,-0.0007082708868728,9.9090053327244298,3.0000488949524557,2.000501,-1.999031,-0.0014709348865,-1.9990634964147,1,5.8e-12
0.9974525880212086,0.0,0.0027316997915669,0.0000871017694687,0.0079679231525870,-0.0007130390316596,9.9090043925993587,3.0000488948146331,2.000507,-1.999023,-0.0014839622819,-1.9990585287516,1,7.9e-12
0.9974527362746122,0.0,0.0027315882063574,0.0000876322410620,0.0079677544620505,-0.0007172609441644,9.9090035560755023,3.0000488946919992,2.000511,-1.999016,-0.0014955471484,-1.9990540222395,1,4.0e-12
0.9974528794027170,0.0,0.0027314804556269,0.0000881417592002,0.0079675915966574,-0.0007213141429740,9.9090027493598445,3.0000488945737382,2.000516,-1.999009,-0.0015067146905,-1.9990496031546,1,1.7e-11
0.9974530262035960,0.0,0.0027313699162856,0.0000886617310803,0.0079674245451732,-0.0007254485231439,9.9090019228690345,3.0000488944525769,2.000520,-1.999002,-0.0015181492497,-1.9990449964563,1,8.6e-12
0.9974531708032205,0.0,0.0027312610110423,0.0000891713563962,0.0079672599918474,-0.0007294986894492,9.9090011096771438,3.0000488943333670,2.000525,-1.998996,-0.0015293953665,-1.9990403902662,1,1.6e-11
0.9974533103619585,0.0,0.0027311558802882,0.0000896608569453,0.0079671011686613,-0.0007333870955693,9.9090003256849375,3.0000488942184393,2.000529,-1.998989,-0.0015402313579,-1.9990358761478,1,5.2e-12
0.9974534534599854,0.0,0.0027310480608521,0.0000901604059582,0.0079669383111648,-0.0007373534751376,9.9089995226797107,3.0000488941007246,2.000534,-1.998982,-0.0015513257678,-1.9990311819923,1,7.0e-12
0.9974536001943878,0.0,0.0027309374778545,0.0000906702035492,0.0079667713083732,-0.0007413992957469,9.9089987001872224,3.0000488939801548,2.000538,-1.998975,-0.0015626842997,-1.9990262986927,1,1.3e-11
0.9974537476491835,0.0,0.0027308263277849,0.0000911800510118,0.0079666034787596,-0.0007454435527118,9.9089978745878273,3.0000488938591312,2.000543,-1.998968,-0.0015740795173,-1.9990213185568,1,1.0e-11
0.9974538988528681,0.0,0.0027307123266679,0.0000917003504333,0.0079664313750510,-0.0007495686894633,9.9089970289722178,3.0000488937351730,2.000547,-1.998961,-0.0015857456826,-1.9990161383969,1,1.2e-11
0.9974540418467203,0.0,0.0027306044919540,0.0000921900995869,0.0079662686092783,-0.0007534497327320,9.9089962301750631,3.0000488936180791,2.000551,-1.998955,-0.0015967604257,-1.9990111703187,1,1.3e-11
0.9974541855027611,0.0,0.0027304961348933,0.0000926799021838,0.0079661050832125,-0.0007573293701451,9.9089954285558743,3.0000488935005740,2.000556,-1.998948,-0.0016078082181,-1.9990061110267,1,3.4e-12
0.9974543298192131,0.0,0.0027303872564962,0.0000931697569987,0.0079659407987959,-0.0007612075847166,9.9089946241467981,3.0000488933826608,2.000560,-1.998941,-0.0016188903877,-1.9990009632568,1,1.4e-11
0.9974544777589265,0.0,0.0027302756204079,0.0000936696584589,0.0079657723829340,-0.0007651634389435,9.9089938004746045,3.0000488932619240,2.000564,-1.998934,-0.0016302319099,-1.9989956150626,1,1.4e-11
0.9974546204839995,0.0,0.0027301678961306,0.0000941498125161,0.0079656098968973,-0.0007689612128231,9.9089930067214347,3.0000488931455749,2.000568,-1.998927,-0.0016411558841,-1.9989903879246,1,9.9e-12
0.9974547553942023,0.0,0.0027300660493210,0.0000946017850439,0.0079654563018135,-0.0007725344556525,9.9089922572325424,3.0000488930357139,2.000572,-1.998921,-0.0016514660019,-1.9989853869629,1,6.7e-12
0.9974548881521894,0.0,0.0027299658073887,0.0000950447795513,0.0079653051514117,-0.0007760351807613,9.9089915204646779,3.0000488929277189,2.000576,-1.998914,-0.0016615972455,-1.9989804100414,1,1.4e-11
0.9974550241753224,0.0,0.0027298630795700,0.0000954968765111,0.0079651502777366,-0.0007796062618245,9.9089907663573307,3.0000488928171842,2.000580,-1.998908,-0.0016719615477,-1.9989752509199,1,6.7e-12
0.9974551635500976,0.0,0.0027297577990186,0.0000959582577783,0.0079649915818901,-0.0007832490329710,9.9089899944908897,3.0000488927040463,2.000584,-1.998901,-0.0016825653290,-1.9989699041214,1,4.2e-12
0.9974553035040552,0.0,0.0027296520590623,0.0000964196937385,0.0079648322204197,-0.0007868905675960,9.9089892202537957,3.0000488925905624,2.000588,-1.998895,-0.0016931970661,-1.9989644737855,1,6.8e-12
0.9974554469088467,0.0,0.0027295436891045,0.0000968905992963,0.0079646689231971,-0.0007906051081759,9.9089884277961122,3.0000488924744091,2.000592,-1.998888,-0.0017040740978,-1.9989588458201,1,1.1e-11
0.9974555909118272,0.0,0.0027294348438858,0.0000973615540740,0.0079645049383068,-0.0007943182879138,9.9089876329195441,3.0000488923579018,2.000596,-1.998881,-0.0017149787776,-1.9989531285535,1,9.4e-12
0.9974557355113679,0.0,0.0027293255243353,0.0000978325569836,0.0079643402675304,-0.0007980300920843,9.9089868356470578,3.0000488922410433,2.000600,-1.998874,-0.0017259113111,-1.9989473225357,1,9.8e-12
0.9974558807058351,0.0,0.0027292157313856,0.0000983036069355,0.0079641749126627,-0.0008017405059932,9.9089860359878497,3.0000488921238375,2.000604,-1.998867,-0.0017368713292,-1.9989414271592,1,1.0e-11
0.9974560072388275,0.0,0.0027291200305285,0.0000987125903148,0.0079640308050565,-0.0008049605950515,9.9089853398415801,3.0000488920218045,2.000607,-1.998861,-0.0017464085538,-1.9989362365152,1,1.4e-11
0.9974561291915990,0.0,0.0027290277768036,0.0000991054438259,0.0079638919090976,-0.0008080524298920,9.9089846695433277,3.0000488919235604,2.000611,-1.998855,-0.0017555876036,-1.9989311862147,1,1.4e-11
0.9974562515667224,0.0,0.0027289351867685,0.0000994983658476,0.0079637525274384,-0.0008111435683294,9.9089839975652829,3.0000488918250703,2.000614,-1.998849,-0.0017647859241,-1.9989260721570,1,1.1e-11
0.9974563743633491,0.0,0.0027288422608840,0.0000998913557423,0.0079636126610113,-0.0008142340015356,9.9089833239080019,3.0000488917263359,2.000617,-1.998843,-0.0017740034974,-1.9989208943624,1,9.1e-12
0.9974564975806147,0.0,0.0027287489996214,0.0001002844128751,0.0079634723107481,-0.0008173237207317,9.9089826485966483,3.0000488916273591,2.000621,-1.998837,-0.0017832404393,-1.9989156531403,1,1.4e-11
0.9974566237444805,0.0,0.0027286534904059,0.0001006855578632,0.0079633285992723,-0.0008204757316915,9.9089819578069260,3.0000488915261143,2.000624,-1.998831,-0.0017926846993,-1.9989102375116,1,1.1e-11
0.9974567503430076,0.0,0.0027285576341145,0.0001010867667743,0.0079631843877122,-0.0008236269434895,9.9089812653140719,3.0000488914246213,2.000627,-1.998825,-0.0018021486904,-1.9989047554118,1,1.4e-11
0.9974568773752475,0.0,0.0027284614312704,0.0001014880389336,0.0079630396770924,-0.0008267773469084,9.9089805711417238,3.0000488913228831,2.000631,-1.998819,-0.0018116311826,-1.9988992045028,1,8.3e-12
0.9974569997858302,0.0,0.0027283687112381,0.0001018734840402,0.0079629002265688,-0.0008298022594242,9.9089799028725505,3.0000488912249414,2.000634,-1.998813,-0.0018207567966,-1.9988938108631,1,1.4e-11
0.9974571251073636,0.0,0.0027282737687884,0.0001022668610437,0.0079627574550675,-0.0008328881723429,9.9089792193792317,3.0000488911247687,2.000637,-1.998807,-0.0018300861862,-1.9988882413947,1,1.3e-11
0.9974572534138498,0.0,0.0027281765465988,0.0001026683291188,0.0079626112779488,-0.0008360362541530,9.9089785202971932,3.0000488910223120,2.000641,-1.998801,-0.0018396240034,-1.9988824897064,1,7.1e-12
0.9974573697660152,0.0,0.0027280883665314,0.0001030312866907,0.0079624787157605,-0.0008388812232225,9.9089778869530480,3.0000488909294916,2.000644,-1.998795,-0.0018482614598,-1.9988772313491,1,1.3e-12
0.9974574710677979,0.0,0.0027280115802746,0.0001033464475906,0.0079623632973552,-0.0008413506712339,9.9089773359956457,3.0000488908487464,2.000646,-1.998790,-0.0018557729623,-1.9988726210609,1,3.2e-12
0.9974575726460951,0.0,0.0027279345727749,0.0001036616844228,0.0079622475607178,-0.0008438198974974,9.9089767839824603,3.0000488907678453,2.000649,-1.998786,-0.0018632964603,-1.9988679675050,1,4.1e-12
0.9974576704629765,0.0,0.0027278604058150,0.0001039645125227,0.0079621361067738,-0.0008461911564492,9.9089762528203043,3.0000488906900022,2.000651,-1.998781,-0.0018705336736,-1.9988634579889,1,1.0e-11
0.9974577665730575,0.0,0.0027277875224485,0.0001042613599032,0.0079620265947084,-0.0008485148498125,9.9089757313278373,3.0000488906135758,2.000654,-1.998776,-0.0018776368183,-1.9988589993433,1,1.4e-11
0.9974578485382020,0.0,0.0027277253573851,0.0001045139778626,0.0079619331977668,-0.0008504917459060,9.9089752868883334,3.0000488905484430,2.000656,-1.998772,-0.0018836884702,-1.9988551751568,1,1.5e-11
0.9974579258543075,0.0,0.0027276667113365,0.0001047518143483,0.0079618450963731,-0.0008523524848540,9.9089748679254726,3.0000488904870428,2.000658,-1.998768,-0.0018893911404,-1.9988515484152,1,5.8e-12
0.9974580033376470,0.0,0.0027276079316469,0.0001049897271065,0.0079617568025686,-0.0008542133514651,9.9089744483177693,3.0000488904255480,2.000660,-1.998765,-0.0018951012440,-1.9988478962374,1,3.9e-12
0.9974580794339266,0.0,0.0027275501975790,0.0001052229568286,0.0079616700875691,-0.0008560371330744,9.9089740364525518,3.0000488903651905,2.000662,-1.998761,-0.0019007054890,-1.9988442945842,1,4.7e-12
0.9974581572490021,0.0,0.0027274911526805,0.0001054610229725,0.0079615814120780,-0.0008578982677000,9.9089736155519788,3.0000488903035070,2.000664,-1.998757,-0.0019064304607,-1.9988405921825,1,1.4e-12
0.9974582368237513,0.0,0.0027274307654724,0.0001057040243860,0.0079614907294047,-0.0008597974984311,9.9089731853964054,3.0000488902404685,2.000666,-1.998753,-0.0019122803156,-1.9988367888745,1,1.8e-12
0.9974583182000808,0.0,0.0027273690036696,0.0001059520618741,0.0079613979916634,-0.0008617355821688,9.9089727457789039,3.0000488901760436,2.000668,-1.998749,-0.0019182578265,-1.9988328815157,1,1.3e-11
0.9974583949554692,0.0,0.0027273107421192,0.0001061855862111,0.0079613105181570,-0.0008635597956313,9.9089723313840423,3.0000488901153148,2.000669,-1.998746,-0.0019238901282,-1.9988291767835,1,1.1e-11
0.9974584703322932,0.0,0.0027272535204717,0.0001064145143380,0.0079612246139615,-0.0008653476626807,9.9089719246777470,3.0000488900557127,2.000671,-1.998742,-0.0019294166866,-1.9988255221723,1,1.1e-11
0.9974585458644392,0.0,0.0027271961744480,0.0001066435172145,0.0079611385310148,-0.0008671356747426,9.9089715173682489,3.0000488899960240,2.000673,-1.998738,-0.0019349501810,-1.9988218439102,1,1.3e-11
0.9974586215518143,0.0,0.0027271387040758,0.0001068725947255,0.0079610522694015,-0.0008689238299258,9.9089711094715316,3.0000488899362487,2.000675,-1.998735,-0.0019404902628,-1.9988181413815,1,1.4e-11
0.9974586943888591,0.0,0.0027270833918554,0.0001070926734411,0.0079609692546857,-0.0008706413268071,9.9089707171600221,3.0000488898787574,2.000677,-1.998731,-0.0019458164548,-1.9988145609888,1,1.4e-12
0.9974587659099701,0.0,0.0027270290730896,0.0001073084233207,0.0079608877382058,-0.0008723246464893,9.9089703321628502,3.0000488898223381,2.000678,-1.998727,-0.0019510434495,-1.9988110329223,1,7.4e-12
0.9974588361366467,0.0,0.0027269757317668,0.0001075199304187,0.0079608076955493,-0.0008739744832298,9.9089699543373158,3.0000488897669704,2.000680,-1.998724,-0.0019561714084,-1.9988075536520,1,9.0e-12
0.9974589064982853,0.0,0.0027269222823134,0.0001077315101560,0.0079607274975480,-0.0008756245097309,9.9089695760031979,3.0000488897115276,2.000682,-1.998721,-0.0019613039864,-1.9988040511429,1,1.0e-11
0.9974589784345332,0.0,0.0027268676309097,0.0001079474813535,0.0079606455032694,-0.0008773083942966,9.9089691894103442,3.0000488896548760,2.000684,-1.998717,-0.0019665497472,-1.9988004605660,1,1.0e-11
0.9974590505103414,0.0,0.0027268128675803,0.0001081635254419,0.0079605633483297,-0.0008789924533280,9.9089688022921436,3.0000488895981476,2.000685,-1.998714,-0.0019718002886,-1.9987968458644,1,1.1e-11
0.9974591184761137,0.0,0.0027267612216531,0.0001083669343757,0.0079604858767295,-0.0008805776611475,9.9089684374502500,3.0000488895446833,2.000687,-1.998710,-0.0019767475389,-1.9987934237181,1,1.3e-11
0.9974591879582606,0.0,0.0027267084180308,0.0001085745668256,0.0079604066752192,-0.0008821954227310,9.9089680646708622,3.0000488894900559,2.000689,-1.998707,-0.0019818012422,-1.9987899115458,1,1.3e-11
0.9974592393630914,0.0,0.0027266693489029,0.0001087279754250,0.0079603480787766,-0.0008833904664236,9.9089677890201457,3.0000488894496602,2.000690,-1.998704,-0.0019855365684,-1.9987873023213,1,2.9e-12
0.9974592878177322,0.0,0.0027266325192515,0.0001088724218009,0.0079602928445451,-0.0008845155126142,9.9089675292751984,3.0000488894115982,2.000691,-1.998702,-0.0019890574633,-1.9987848397519,1,1.3e-11
0.9974593344213842,0.0,0.0027265970939886,0.0001090112063210,0.0079602397196089,-0.0008855962937324,9.9089672795482482,3.0000488893750048,2.000692,-1.998700,-0.0019924412031,-1.9987824632846,1,1.3e-11
0.9974593695906399,0.0,0.0027265703588219,0.0001091158463902,0.0079601996286515,-0.0008864110676577,9.9089670911589671,3.0000488893473976,2.000693,-1.998698,-0.0019949932230,-1.9987806651718,1,8.5e-12
0.9974594014188360,0.0,0.0027265461622673,0.0001092104768926,0.0079601633459868,-0.0008871478225845,9.9089669207133522,3.0000488893224202,2.000694,-1.998696,-0.0019973017346,-1.9987790344618,1,6.0e-13
0.9974594290807783,0.0,0.0027265251320616,0.0001092926674471,0.0079601318124143,-0.0008877876633503,9.9089667726118300,3.0000488893007180,2.000694,-1.998695,-0.0019993084685,-1.9987776170225,1,1.1e-11
0.9974594562187674,0.0,0.0027265044993489,0.0001093732534580,0.0079601008758975,-0.0008884149572330,9.9089666273454267,3.0000488892794315,2.000695,-1.998694,-0.0020012749199,-1.9987762210027,1,5.5e-12
0.9974594839405064,0.0,0.0027264834219522,0.0001094555241597,0.0079600692737031,-0.0008890553080327,9.9089664789831762,3.0000488892576911,2.000696,-1.998692,-0.0020032850791,-1.9987747968422,1,1.0e-11
0.9974595122588154,0.0,0.0027264618900674,0.0001095395146051,0.0079600369911830,-0.0008897089849824,9.9089663274682032,3.0000488892354880,2.000696,-1.998691,-0.0020053369288,-1.9987733379621,1,1.2e-11
