x0,y0,z0,xd0,yd0,zd0,Tp,JC,stabilityIndex1,stabilityIndex2,alpha,beta,impactFlag,error
0.9972814635555249,0.0,0.0000000000000000,0.0000000000000000,0.0116060050050644,0.0000000000000000,6.5972703059238942,3.0000264583922243,2.000000,0.427986,-2.4279857448291,2.8559714816946,0,7.2e-12
0.9972782880823226,0.0,0.0000000000000000,0.0000000000000000,0.0116011244595775,0.0000000000000000,6.5971208548495275,3.0000264606073186,2.000000,0.427742,-2.4277418196204,2.8554836180391,0,2.0e-11
0.9972754043706935,0.0,0.0000000000000000,0.0000000000000000,0.0115966964501483,0.0000000000000000,6.5969685987659483,3.0000264628641640,2.000000,0.427493,-2.4274933218813,2.8549866143283,0,2.0e-11
0.9972727485288185,0.0,0.0000000000000000,0.0000000000000000,0.0115926217566733,0.0000000000000000,6.5968144339711472,3.0000264651494839,2.000000,0.427242,-2.4272417188118,2.8544833987421,0,1.8e-11
0.9972702741309670,0.0,0.0000000000000000,0.0000000000000000,0.0115888283523459,0.0000000000000000,6.5966587610222396,3.0000264674573454,2.000000,0.426988,-2.4269876654067,2.8539752797589,0,1.8e-11
0.9972679468327771,0.0,0.0000000000000000,0.0000000000000000,0.0115852629930913,0.0000000000000000,6.5965017330434508,3.0000264697854839,2.000000,0.426731,-2.4267314102327,2.8534627570451,0,1.2e-11
0.9972657406900588,0.0,0.0000000000000000,0.0000000000000000,0.0115818854817250,0.0000000000000000,6.5963433759539045,3.0000264721335199,2.000000,0.426473,-2.4264729989912,2.8529459169785,0,1.9e-11
0.9972636356979981,0.0,0.0000000000000000,0.0000000000000000,0.0115786648392784,0.0000000000000000,6.5961836491060986,3.0000264745020613,2.000000,0.426212,-2.4262123615159,2.8524246257311,0,1.3e-11
0.9972616161367912,0.0,-0.0000000000000000,0.0000000000000000,0.0115755767335456,0.0000000000000000,6.5960224769585789,3.0000264768922338,2.000000,0.425949,-2.4259493781399,2.8518986386423,0,1.4e-11
0.9972596694405477,0.0,0.0000000000000000,0.0000000000000000,0.0115726017223210,0.0000000000000000,6.5958597660775498,3.0000264793054279,2.000000,0.425684,-2.4256838959764,2.8513676510580,0,1.9e-11
0.9972577854095220,0.0,-0.0000000000000000,0.0000000000000000,0.0115697240305758,0.0000000000000000,6.5956954144272482,3.0000264817431632,2.000000,0.425416,-2.4254157468028,2.8508313297777,0,1.3e-11
0.9972559556502598,0.0,-0.0000000000000000,0.0000000000000000,0.0115669306818427,0.0000000000000000,6.5955293164834101,3.0000264842070119,2.000000,0.425145,-2.4251447610315,2.8502893320075,0,1.2e-11
0.9972541731703365,0.0,-0.0000000000000000,0.0000000000000000,0.0115642108697151,0.0000000000000000,6.5953613660208106,3.0000264866985558,2.000000,0.424871,-2.4248707661215,2.8497413119805,0,1.7e-11
0.9972524320799216,0.0,0.0000000000000000,0.0000000000000000,0.0115615554951683,0.0000000000000000,6.5951914575864716,3.0000264892193669,2.000000,0.424593,-2.4245935891249,2.8491869258406,0,2.0e-11
0.9972507273680109,0.0,0.0000000000000000,0.0000000000000000,0.0115589568197673,0.0000000000000000,6.5950194872265850,3.0000264917709960,2.000000,0.424313,-2.4243130599556,2.8486258348287,0,1.4e-11
0.9972490547327170,0.0,0.0000000000000000,0.0000000000000000,0.0115564082027011,0.0000000000000000,6.5948453527719364,3.0000264943549668,2.000000,0.424029,-2.4240290152560,2.8480577076035,0,1.9e-11
0.9972474104502937,0.0,-0.0000000000000000,0.0000000000000000,0.0115539038979097,0.0000000000000000,6.5946689538797116,3.0000264969727781,2.000000,0.423741,-2.4237412895049,2.8474822167650,0,1.8e-11
0.9972457912730932,0.0,0.0000000000000000,0.0000000000000000,0.0115514388960429,0.0000000000000000,6.5944901919365710,3.0000264996259016,2.000000,0.423449,-2.4234497222875,2.8468990415338,0,1.2e-11
0.9972441943488435,0.0,-0.0000000000000000,0.0000000000000000,0.0115490087994829,0.0000000000000000,6.5943089698891013,3.0000265023157890,2.000000,0.423154,-2.4231541575595,2.8463078669877,0,1.1e-11
0.9972426171566310,0.0,0.0000000000000000,0.0000000000000000,0.0115466097232271,0.0000000000000000,6.5941251920316262,3.0000265050438699,2.000000,0.422854,-2.4228544401994,2.8457083821611,0,1.7e-11
0.9972410574550363,0.0,-0.0000000000000000,0.0000000000000000,0.0115442382146235,0.0000000000000000,6.5939387637872402,3.0000265078115609,2.000000,0.422550,-2.4225504137115,2.8451002785333,0,1.2e-11
0.9972395132400658,0.0,0.0000000000000000,0.0000000000000000,0.0115418911882637,0.0000000000000000,6.5937495914870139,3.0000265106202639,2.000000,0.422242,-2.4222419288357,2.8444832528978,0,1.5e-11
0.9972379827108970,0.0,-0.0000000000000000,0.0000000000000000,0.0115395658729762,0.0000000000000000,6.5935575821505878,3.0000265134713708,2.000000,0.421928,-2.4219288319850,2.8438570021868,0,7.5e-12
0.9972364642412360,0.0,-0.0000000000000000,0.0000000000000000,0.0115372597675219,0.0000000000000000,6.5933626432857695,3.0000265163662685,2.000000,0.421611,-2.4216109766465,2.8432212274760,0,1.4e-11
0.9972349563558832,0.0,0.0000000000000000,0.0000000000000000,0.0115349706043373,0.0000000000000000,6.5931646826920520,3.0000265193063398,2.000001,0.421288,-2.4212882111181,2.8425756285986,0,2.0e-11
0.9972334577108845,0.0,-0.0000000000000000,0.0000000000000000,0.0115326963188374,0.0000000000000000,6.5929636082826608,3.0000265222929663,2.000001,0.420960,-2.4209603841365,2.8419199059272,0,1.2e-11
0.9972319670768114,0.0,-0.0000000000000000,0.0000000000000000,0.0115304350235574,0.0000000000000000,6.5927593279182259,3.0000265253275318,2.000001,0.420627,-2.4206273502859,2.8412537620798,0,1.8e-11
0.9972304833248179,0.0,-0.0000000000000000,0.0000000000000000,0.0115281849865906,0.0000000000000000,6.5925517492478987,3.0000265284114223,2.000001,0.420288,-2.4202889559177,2.8405768959236,0,1.1e-11
0.9972290054144179,0.0,-0.0000000000000000,0.0000000000000000,0.0115259446126961,0.0000000000000000,6.5923407795688895,3.0000265315460330,2.000001,0.419944,-2.4199450545709,2.8398890083145,0,1.6e-11
0.9972275323834286,0.0,0.0000000000000000,0.0000000000000000,0.0115237124277417,0.0000000000000000,6.5921263256877820,3.0000265347327639,2.000001,0.419595,-2.4195954917579,2.8391897957269,0,8.8e-12
0.9972260633389151,0.0,0.0000000000000000,0.0000000000000000,0.0115214870647150,0.0000000000000000,6.5919082937985580,3.0000265379730275,2.000001,0.419239,-2.4192401182638,2.8384789551838,0,8.4e-12
0.9972245974497292,0.0,0.0000000000000000,0.0000000000000000,0.0115192672521843,0.0000000000000000,6.5916865893620304,3.0000265412682463,2.000001,0.418878,-2.4188787770061,2.8377561787596,0,1.3e-11
0.9972231339396979,0.0,0.0000000000000000,0.0000000000000000,0.0115170518037729,0.0000000000000000,6.5914611169987189,3.0000265446198582,2.000001,0.418510,-2.4185113189679,2.8370211595903,0,1.9e-11
0.9972216720819751,0.0,-0.0000000000000000,0.0000000000000000,0.0115148396094321,0.0000000000000000,6.5912317803820963,3.0000265480293149,2.000001,0.418137,-2.4181375882977,2.8362735857084,0,8.9e-12
0.9972202111940160,0.0,-0.0000000000000000,0.0000000000000000,0.0115126296276681,0.0000000000000000,6.5909984821407894,3.0000265514980842,2.000001,0.417756,-2.4177574235223,2.8355131402904,0,1.0e-11
0.9972187506330185,0.0,0.0000000000000000,0.0000000000000000,0.0115104208785034,0.0000000000000000,6.5907611237671304,3.0000265550276528,2.000001,0.417370,-2.4173706672201,2.8347395052163,0,1.0e-11
0.9972172897920706,0.0,0.0000000000000000,0.0000000000000000,0.0115082124375252,0.0000000000000000,6.5905196055270334,3.0000265586195272,2.000001,0.416976,-2.4169771582257,2.8339523577648,0,8.2e-12
0.9972158280967202,0.0,0.0000000000000000,0.0000000000000000,0.0115060034305807,0.0000000000000000,6.5902738263748351,3.0000265622752331,2.000001,0.416575,-2.4165767326469,2.8331513708062,0,8.4e-12
0.9972143650019034,0.0,0.0000000000000000,0.0000000000000000,0.0115037930290318,0.0000000000000000,6.5900236838717934,3.0000265659963188,2.000001,0.416168,-2.4161692254178,2.8323362131968,0,7.8e-12
0.9972128999891953,0.0,-0.0000000000000000,0.0000000000000000,0.0115015804455113,0.0000000000000000,6.5897690741073953,3.0000265697843567,2.000002,0.415753,-2.4157544688443,2.8315065490020,0,5.3e-12
0.9972114325644086,0.0,0.0000000000000000,0.0000000000000000,0.0114993649302105,0.0000000000000000,6.5895098916228578,3.0000265736409415,2.000002,0.415331,-2.4153322918522,2.8306620370103,0,6.5e-12
0.9972099622554418,0.0,0.0000000000000000,0.0000000000000000,0.0114971457675526,0.0000000000000000,6.5892460293367447,3.0000265775676955,2.000002,0.414901,-2.4149025204723,2.8298023307362,0,1.9e-11
0.9972084886102428,0.0,0.0000000000000000,0.0000000000000000,0.0114949222730519,0.0000000000000000,6.5889773784736487,3.0000265815662663,2.000002,0.414463,-2.4144649829225,2.8289270802086,0,1.7e-11
0.9972070111951769,0.0,-0.0000000000000000,0.0000000000000000,0.0114926937907883,0.0000000000000000,6.5887038284917336,3.0000265856383299,2.000002,0.414018,-2.4140194989174,2.8280359276259,0,1.4e-11
0.9972055295934090,0.0,0.0000000000000000,0.0000000000000000,0.0114904596909065,0.0000000000000000,6.5884252670141512,3.0000265897855898,2.000002,0.413564,-2.4135658869950,2.8271285100374,0,1.1e-11
0.9972040434034316,0.0,-0.0000000000000000,0.0000000000000000,0.0114882193673471,0.0000000000000000,6.5881415797608582,3.0000265940097819,2.000002,0.413102,-2.4131039625559,2.8262044583961,0,1.2e-11
0.9972025522378422,0.0,0.0000000000000000,0.0000000000000000,0.0114859722359516,0.0000000000000000,6.5878526504804027,3.0000265983126702,2.000002,0.412631,-2.4126335390921,2.8252633978778,0,8.9e-12
0.9972010557221429,0.0,0.0000000000000000,0.0000000000000000,0.0114837177326104,0.0000000000000000,6.5875583608832065,3.0000266026960536,2.000002,0.412152,-2.4121544250869,2.8243049464909,0,9.8e-12
0.9971995534936821,0.0,0.0000000000000000,0.0000000000000000,0.0114814553116255,0.0000000000000000,6.5872585905751047,3.0000266071617609,2.000003,0.411664,-2.4116664276512,2.8233287163329,0,7.0e-12
0.9971980452006857,0.0,-0.0000000000000000,0.0000000000000000,0.0114791844442147,0.0000000000000000,6.5869532169911311,3.0000266117116587,2.000003,0.411167,-2.4111693487370,2.8223343119418,0,5.4e-12
0.9971965305013760,0.0,-0.0000000000000000,0.0000000000000000,0.0114769046171475,0.0000000000000000,6.5866421153296102,3.0000266163476459,2.000003,0.410660,-2.4106629872655,2.8213213309621,0,6.5e-12
0.9971950090631738,0.0,-0.0000000000000000,0.0000000000000000,0.0114746153315105,0.0000000000000000,6.5863251584861127,3.0000266210716595,2.000003,0.410144,-2.4101471394641,2.8202893641093,0,4.9e-12
0.9971934805619598,0.0,0.0000000000000000,0.0000000000000000,0.0114723161015659,0.0000000000000000,6.5860022169874375,3.0000266258856723,2.000003,0.409618,-2.4096215944502,2.8192379932960,0,2.0e-11
0.9971919446813255,0.0,-0.0000000000000000,0.0000000000000000,0.0114700064535940,0.0000000000000000,6.5856731589262241,3.0000266307916972,2.000003,0.409083,-2.4090861446652,2.8181667954759,0,1.8e-11
0.9971904011120742,0.0,-0.0000000000000000,0.0000000000000000,0.0114676859251157,0.0000000000000000,6.5853378498929835,3.0000266357917851,2.000004,0.408537,-2.4085405718919,2.8170753371120,0,1.5e-11
0.9971888495515581,0.0,-0.0000000000000000,0.0000000000000000,0.0114653540638687,0.0000000000000000,6.5849961529104393,3.0000266408880294,2.000004,0.407981,-2.4079846557359,2.8159631772604,0,1.4e-11
0.9971872897031656,0.0,-0.0000000000000000,0.0000000000000000,0.0114630104270137,0.0000000000000000,6.5846479283659169,3.0000266460825635,2.000004,0.407414,-2.4074181722440,2.8148298668704,0,1.2e-11
0.9971857212758349,0.0,-0.0000000000000000,0.0000000000000000,0.0114606545803775,0.0000000000000000,6.5842930339434584,3.0000266513775644,2.000004,0.406837,-2.4068408927307,2.8136749481676,0,1.0e-11
0.9971841439835977,0.0,0.0000000000000000,0.0000000000000000,0.0114582860977472,0.0000000000000000,6.5839313245553290,3.0000266567752534,2.000005,0.406248,-2.4062525842559,2.8124979546642,0,9.5e-12
0.9971825575451575,0.0,-0.0000000000000000,0.0000000000000000,0.0114559045602141,0.0000000000000000,6.5835626522728372,3.0000266622778962,2.000005,0.405648,-2.4056530097348,2.8112984110249,0,8.2e-12
0.9971809616835110,0.0,0.0000000000000000,0.0000000000000000,0.0114535095555823,0.0000000000000000,6.5831868662562378,3.0000266678878051,2.000005,0.405037,-2.4050419271135,2.8100758325830,0,7.3e-12
0.9971793561255583,0.0,0.0000000000000000,0.0000000000000000,0.0114511006777680,0.0000000000000000,6.5828038126840882,3.0000266736073407,2.000005,0.404414,-2.4044190898630,2.8088297253477,0,6.4e-12
0.9971777406017853,0.0,-0.0000000000000000,0.0000000000000000,0.0114486775262999,0.0000000000000000,6.5824133346813714,3.0000266794389114,2.000006,0.403779,-2.4037842467564,2.8075595857419,0,4.2e-12
0.9971761148459396,0.0,-0.0000000000000000,0.0000000000000000,0.0114462397058146,0.0000000000000000,6.5820152722468137,3.0000266853849751,2.000006,0.403131,-2.4031371411002,2.8062649001306,0,3.7e-12
0.9971744785947317,0.0,-0.0000000000000000,0.0000000000000000,0.0114437868255907,0.0000000000000000,6.5816094621791725,3.0000266914480425,2.000006,0.402471,-2.4024775118378,2.8049451450534,0,3.2e-12
0.9971728315875700,0.0,0.0000000000000000,0.0000000000000000,0.0114413184991317,0.0000000000000000,6.5811957380023092,3.0000266976306751,2.000007,0.401799,-2.4018050924971,2.8035997866462,0,2.9e-12
0.9971711735663008,0.0,-0.0000000000000000,0.0000000000000000,0.0114388343437608,0.0000000000000000,6.5807739298891912,3.0000267039354895,2.000007,0.401113,-2.4011196090659,2.8022282796504,0,2.0e-11
0.9971695042749025,0.0,0.0000000000000000,0.0000000000000000,0.0114363339801420,0.0000000000000000,6.5803438645853110,3.0000267103651566,2.000007,0.400414,-2.4004207894883,2.8008300707846,0,1.8e-11
0.9971678234593671,0.0,-0.0000000000000000,0.0000000000000000,0.0114338170320881,0.0000000000000000,6.5799053653290667,3.0000267169224033,2.000008,0.399701,-2.3997083485518,2.7994045928840,0,1.7e-11
0.9971661308674133,0.0,0.0000000000000000,0.0000000000000000,0.0114312831261102,0.0000000000000000,6.5794582517729188,3.0000267236100160,2.000008,0.398974,-2.3989819984364,2.7979512686647,0,1.5e-11
0.9971644262482869,0.0,-0.0000000000000000,0.0000000000000000,0.0114287318911039,0.0000000000000000,6.5790023399021189,3.0000267304308390,2.000008,0.398233,-2.3982414450635,2.7964695091445,0,1.3e-11
0.9971627093525836,0.0,0.0000000000000000,0.0000000000000000,0.0114261629580658,0.0000000000000000,6.5785374419521245,3.0000267373877758,2.000009,0.397478,-2.3974863888874,2.7949587137446,0,1.1e-11
0.9971609799320599,0.0,-0.0000000000000000,0.0000000000000000,0.0114235759597929,0.0000000000000000,6.5780633663246775,3.0000267444837956,2.000009,0.396707,-2.3967165239364,2.7934182697236,0,1.1e-11
0.9971592377394541,0.0,0.0000000000000000,0.0000000000000000,0.0114209705305979,0.0000000000000000,6.5775799175024021,3.0000267517219275,2.000010,0.395922,-2.3959315387869,2.7918475523275,0,1.1e-11
0.9971574825283418,0.0,0.0000000000000000,0.0000000000000000,0.0114183463060734,0.0000000000000000,6.5770868959616671,3.0000267591052689,2.000010,0.395121,-2.3951311156566,2.7902459242460,0,9.1e-12
0.9971557140529527,0.0,-0.0000000000000000,0.0000000000000000,0.0114157029228028,0.0000000000000000,6.5765840980841483,3.0000267666369811,2.000011,0.394304,-2.3943149298139,2.7886127351667,0,9.4e-12
0.9971539320680485,0.0,0.0000000000000000,0.0000000000000000,0.0114130400181572,0.0000000000000000,6.5760713160664146,3.0000267743202960,2.000011,0.393471,-2.3934826509909,2.7869473220902,0,7.5e-12
0.9971521363287632,0.0,0.0000000000000000,0.0000000000000000,0.0114103572300391,0.0000000000000000,6.5755483378280735,3.0000267821585136,2.000012,0.392622,-2.3926339412941,2.7852490083215,0,7.0e-12
0.9971503265904710,0.0,-0.0000000000000000,0.0000000000000000,0.0114076541966670,0.0000000000000000,6.5750149469180723,3.0000267901550064,2.000012,0.391756,-2.3917684567905,2.7835171038363,0,6.2e-12
0.9971485026086705,0.0,-0.0000000000000000,0.0000000000000000,0.0114049305563801,0.0000000000000000,6.5744709224191116,3.0000267983132201,2.000013,0.390873,-2.3908858463448,2.7817509046178,0,5.3e-12
0.9971466641388379,0.0,0.0000000000000000,0.0000000000000000,0.0114021859474041,0.0000000000000000,6.5739160388504381,3.0000268066366753,2.000014,0.389972,-2.3899857517387,2.7799496924623,0,5.1e-12
0.9971448109363270,0.0,0.0000000000000000,0.0000000000000000,0.0113994200076771,0.0000000000000000,6.5733500660685262,3.0000268151289693,2.000014,0.389054,-2.3890678077767,2.7781127347824,0,4.8e-12
0.9971429427562446,0.0,0.0000000000000000,0.0000000000000000,0.0113966323746461,0.0000000000000000,6.5727727691659519,3.0000268237937777,2.000015,0.388117,-2.3881316418429,2.7762392841952,0,4.0e-12
0.9971410593533423,0.0,0.0000000000000000,0.0000000000000000,0.0113938226850827,0.0000000000000000,6.5721839083682374,3.0000268326348576,2.000016,0.387161,-2.3871768737079,2.7743285782062,0,3.4e-12
0.9971391604819091,0.0,0.0000000000000000,0.0000000000000000,0.0113909905749019,0.0000000000000000,6.5715832389286550,3.0000268416560485,2.000016,0.386187,-2.3862031154629,2.7723798389292,0,4.3e-12
0.9971372458956719,0.0,-0.0000000000000000,0.0000000000000000,0.0113881356789902,0.0000000000000000,6.5709705110209251,3.0000268508612731,2.000017,0.385193,-2.3852099719277,2.7703922729826,0,3.6e-12
0.9971353153476948,0.0,-0.0000000000000000,0.0000000000000000,0.0113852576310329,0.0000000000000000,6.5703454696297889,3.0000268602545419,2.000018,0.384179,-2.3841970393312,2.7683650707413,0,3.1e-12
0.9971333685902741,0.0,-0.0000000000000000,0.0000000000000000,0.0113823560633346,0.0000000000000000,6.5697078544394332,3.0000268698399530,2.000019,0.383145,-2.3831639060706,2.7662974063447,0,3.0e-12
0.9971314053748563,0.0,-0.0000000000000000,0.0000000000000000,0.0113794306066700,0.0000000000000000,6.5690573997195685,3.0000268796216956,2.000020,0.382090,-2.3821101523051,2.7641884372848,0,2.6e-12
0.9971294254519427,0.0,-0.0000000000000000,0.0000000000000000,0.0113764808901179,0.0000000000000000,6.5683938342092691,3.0000268896040514,2.000021,0.381015,-2.3810353496618,2.7620373040149,0,2.3e-12
0.9971274285709939,0.0,0.0000000000000000,0.0000000000000000,0.0113735065408924,0.0000000000000000,6.5677168809984980,3.0000268997913979,2.000022,0.379917,-2.3799390612322,2.7598431296724,0,1.9e-12
0.9971254144803652,0.0,0.0000000000000000,0.0000000000000000,0.0113705071842190,0.0000000000000000,6.5670262574070435,3.0000269101882080,2.000023,0.378798,-2.3788208388150,2.7576050188171,0,2.1e-11
0.9971233829271565,0.0,0.0000000000000000,0.0000000000000000,0.0113674824430829,0.0000000000000000,6.5663216748615927,3.0000269207990575,2.000024,0.377657,-2.3776802329225,2.7553220606526,0,1.8e-11
0.9971213336572300,0.0,0.0000000000000000,0.0000000000000000,0.0113644319382249,0.0000000000000000,6.5656028387690020,3.0000269316286210,2.000025,0.376492,-2.3765167767753,2.7529933231077,0,1.8e-11
0.9971192664150486,0.0,-0.0000000000000000,0.0000000000000000,0.0113613552878736,0.0000000000000000,6.5648694483884897,3.0000269426816795,2.000026,0.375304,-2.3753299975338,2.7506178564775,0,1.7e-11
0.9971171809436296,0.0,-0.0000000000000000,0.0000000000000000,0.0113582521076411,0.0000000000000000,6.5641211967002544,3.0000269539631206,2.000027,0.374092,-2.3741194127523,2.7481946918660,0,1.5e-11
0.9971150769844500,0.0,-0.0000000000000000,0.0000000000000000,0.0113551220103529,0.0000000000000000,6.5633577702717298,3.0000269654779408,2.000028,0.372856,-2.3728845298340,2.7457228406831,0,1.4e-11
0.9971129542773849,0.0,-0.0000000000000000,0.0000000000000000,0.0113519646059190,0.0000000000000000,6.5625788491209329,3.0000269772312507,2.000030,0.371595,-2.3716248466260,2.7432012945335,0,1.4e-11
0.9971108125606101,0.0,0.0000000000000000,0.0000000000000000,0.0113487795011573,0.0000000000000000,6.5617841065771714,3.0000269892282745,2.000031,0.370309,-2.3703398511976,2.7406290248063,0,1.3e-11
0.9971086515705430,0.0,-0.0000000000000000,0.0000000000000000,0.0113455662996664,0.0000000000000000,6.5609732091386901,3.0000270014743542,2.000033,0.368996,-2.3690290209149,2.7380049820246,0,1.2e-11
0.9971064710417619,0.0,-0.0000000000000000,0.0000000000000000,0.0113423246016685,0.0000000000000000,6.5601458163274788,3.0000270139749534,2.000034,0.367658,-2.3676918229404,2.7353280956844,0,1.0e-11
0.9971042707069242,0.0,-0.0000000000000000,0.0000000000000000,0.0113390540038492,0.0000000000000000,6.5593015805410895,3.0000270267356592,2.000036,0.366292,-2.3663277133208,2.7325972735882,0,1.1e-11
0.9971020502966998,0.0,0.0000000000000000,0.0000000000000000,0.0113357540992165,0.0000000000000000,6.5584401469013018,3.0000270397621849,2.000037,0.364899,-2.3649361382164,2.7298114019203,0,9.8e-12
0.9970998095396946,0.0,-0.0000000000000000,0.0000000000000000,0.0113324244769441,0.0000000000000000,6.5575611530996989,3.0000270530603745,2.000039,0.363478,-2.3635165317650,2.7269693441566,0,8.4e-12
0.9970975481623732,0.0,-0.0000000000000000,0.0000000000000000,0.0113290647222143,0.0000000000000000,6.5566642292400346,3.0000270666362034,2.000041,0.362028,-2.3620683169262,2.7240699409926,0,9.2e-12
0.9970952658889908,0.0,-0.0000000000000000,0.0000000000000000,0.0113256744160680,0.0000000000000000,6.5557489976772843,3.0000270804957854,2.000043,0.360548,-2.3605909057126,2.7211120100474,0,9.4e-12
0.9970929624415125,0.0,-0.0000000000000000,0.0000000000000000,0.0113222531352391,0.0000000000000000,6.5548150728534038,3.0000270946453731,2.000045,0.359039,-2.3590836982694,2.7180943451737,0,7.8e-12
0.9970906375395450,0.0,0.0000000000000000,0.0000000000000000,0.0113188004520025,0.0000000000000000,6.5538620611295961,3.0000271090913619,2.000047,0.357500,-2.3575460822428,2.7150157158683,0,7.3e-12
0.9970882909002630,0.0,-0.0000000000000000,0.0000000000000000,0.0113153159340119,0.0000000000000000,6.5528895606151218,3.0000271238402951,2.000049,0.355929,-2.3559774335880,2.7118748671496,0,7.0e-12
0.9970859222383239,0.0,-0.0000000000000000,0.0000000000000000,0.0113117991441221,0.0000000000000000,6.5518971609925707,3.0000271388988646,2.000051,0.354326,-2.3543771158195,2.7086705189044,0,6.6e-12
0.9970835312658120,0.0,-0.0000000000000000,0.0000000000000000,0.0113082496402460,0.0000000000000000,6.5508844433393669,3.0000271542739188,2.000053,0.352691,-2.3527444796517,2.7054013653724,0,6.8e-12
0.9970811176921461,0.0,-0.0000000000000000,0.0000000000000000,0.0113046669751632,0.0000000000000000,6.5498509799456874,3.0000271699724630,2.000056,0.351023,-2.3510788632427,2.7020660748104,0,5.9e-12
0.9970786812240139,0.0,0.0000000000000000,0.0000000000000000,0.0113010506963582,0.0000000000000000,6.5487963341284718,3.0000271860016636,2.000058,0.349321,-2.3493795912009,2.6986632887455,0,5.7e-12
0.9970762215652923,0.0,-0.0000000000000000,0.0000000000000000,0.0112974003458420,0.0000000000000000,6.5477200600415797,3.0000272023688552,2.000061,0.347585,-2.3476459750466,2.6951916217023,0,5.9e-12
0.9970737384169697,0.0,-0.0000000000000000,0.0000000000000000,0.0112937154599694,0.0000000000000000,6.5466217024819811,3.0000272190815425,2.000063,0.345814,-2.3458773127260,2.6916496606087,0,5.6e-12
0.9970712314770712,0.0,0.0000000000000000,0.0000000000000000,0.0112899955692596,0.0000000000000000,6.5455007966918650,3.0000272361474027,2.000066,0.344007,-2.3440728881976,2.6880359642239,0,5.4e-12
0.9970687004405806,0.0,0.0000000000000000,0.0000000000000000,0.0112862401982087,0.0000000000000000,6.5443568681566129,3.0000272535742947,2.000069,0.342163,-2.3422319714208,2.6843490626810,0,4.7e-12
0.9970661449993556,0.0,-0.0000000000000000,0.0000000000000000,0.0112824488650916,0.0000000000000000,6.5431894323985604,3.0000272713702612,2.000072,0.340281,-2.3403538177516,2.6805874568361,0,4.7e-12
0.9970635648420555,0.0,-0.0000000000000000,0.0000000000000000,0.0112786210817746,0.0000000000000000,6.5419979947663878,3.0000272895435312,2.000076,0.338362,-2.3384376681379,2.6767496178756,0,4.9e-12
0.9970609596540514,0.0,-0.0000000000000000,0.0000000000000000,0.0112747563535053,0.0000000000000000,6.5407820502201544,3.0000273081025290,2.000079,0.336404,-2.3364827486913,2.6728339866913,0,4.0e-12
0.9970583291173528,0.0,-0.0000000000000000,0.0000000000000000,0.0112708541787158,0.0000000000000000,6.5395410831117609,3.0000273270558782,2.000083,0.334406,-2.3344882698914,2.6688389731667,0,4.7e-12
0.9970556729105131,0.0,0.0000000000000000,0.0000000000000000,0.0112669140487993,0.0000000000000000,6.5382745669608742,3.0000273464124034,2.000086,0.332367,-2.3324534274388,2.6647629559380,0,3.9e-12
0.9970529907085556,0.0,-0.0000000000000000,0.0000000000000000,0.0112629354479061,0.0000000000000000,6.5369819642260776,3.0000273661811390,2.000090,0.330287,-2.3303774006926,2.6606042814247,0,3.6e-12
0.9970502821828785,0.0,-0.0000000000000000,0.0000000000000000,0.0112589178527107,0.0000000000000000,6.5356627260712843,3.0000273863713356,2.000094,0.328165,-2.3282593533282,2.6563612635208,0,3.1e-12
0.9970475470011733,0.0,-0.0000000000000000,0.0000000000000000,0.0112548607321896,0.0000000000000000,6.5343162921271993,3.0000274069924622,2.000098,0.326000,-2.3260984324777,2.6520321828210,0,3.4e-12
0.9970447848273281,0.0,-0.0000000000000000,0.0000000000000000,0.0112507635473779,0.0000000000000000,6.5329420902478201,3.0000274280542136,2.000103,0.323791,-2.3238937688244,2.6476152861220,0,4.9e-12
0.9970419953213412,0.0,0.0000000000000000,0.0000000000000000,0.0112466257511325,0.0000000000000000,6.5315395362617821,3.0000274495665171,2.000107,0.321537,-2.3216444766711,2.6431087859101,0,3.0e-12
0.9970391781392298,0.0,-0.0000000000000000,0.0000000000000000,0.0112424467878848,0.0000000000000000,6.5301080337184976,3.0000274715395374,2.000112,0.319238,-2.3193496519846,2.6385108592467,0,3.2e-12
0.9970363329329298,0.0,-0.0000000000000000,0.0000000000000000,0.0112382260933772,0.0000000000000000,6.5286469736289918,3.0000274939836844,2.000117,0.316891,-2.3170083741684,2.6338196477352,0,3.1e-12
0.9970334593502035,0.0,-0.0000000000000000,0.0000000000000000,0.0112339630944043,0.0000000000000000,6.5271557342012558,3.0000275169096189,2.000122,0.314497,-2.3146197044012,2.6290332564821,0,3.7e-12
0.9970305570345368,0.0,-0.0000000000000000,0.0000000000000000,0.0112296572085349,0.0000000000000000,6.5256336805700865,3.0000275403282579,2.000128,0.312055,-2.3121826861317,2.6241497536673,0,3.0e-12
0.9970276256250432,0.0,0.0000000000000000,0.0000000000000000,0.0112253078438368,0.0000000000000000,6.5240801645212150,3.0000275642507854,2.000133,0.309563,-2.3096963437968,2.6191671696051,0,4.0e-12
0.9970246647563560,0.0,0.0000000000000000,0.0000000000000000,0.0112209143985811,0.0000000000000000,6.5224945242096828,3.0000275886886554,2.000139,0.307020,-2.3071596837625,2.6140834964217,0,3.8e-12
0.9970216740585262,0.0,-0.0000000000000000,0.0000000000000000,0.0112164762609472,0.0000000000000000,6.5208760838722757,3.0000276136536024,2.000145,0.304426,-2.3045716928209,2.6088966870427,0,4.0e-12
0.9970186531569124,0.0,0.0000000000000000,0.0000000000000000,0.0112119928087106,0.0000000000000000,6.5192241535339512,3.0000276391576479,2.000152,0.301779,-2.3019313386381,2.6036046547118,0,3.7e-12
0.9970156016720712,0.0,-0.0000000000000000,0.0000000000000000,0.0112074634089242,0.0000000000000000,6.5175380287080937,3.0000276652131079,2.000159,0.299079,-2.2992375690943,2.5982052721945,0,2.9e-12
0.9970125192196458,0.0,0.0000000000000000,0.0000000000000000,0.0112028874175919,0.0000000000000000,6.5158169900904772,3.0000276918326021,2.000166,0.296324,-2.2964893118817,2.5926963710490,0,2.5e-12
0.9970094054102489,0.0,-0.0000000000000000,0.0000000000000000,0.0111982641793240,0.0000000000000000,6.5140603032468301,3.0000277190290610,2.000173,0.293512,-2.2936854744216,2.5870757409744,0,2.5e-12
0.9970062598493414,0.0,-0.0000000000000000,0.0000000000000000,0.0111935930269839,0.0000000000000000,6.5122672182938457,3.0000277468157357,2.000181,0.290644,-2.2908249433058,2.5813411290150,0,3.5e-12
0.9970030821371173,0.0,-0.0000000000000000,0.0000000000000000,0.0111888732813290,0.0000000000000000,6.5104369695734938,3.0000277752062074,2.000189,0.287718,-2.2879065843588,2.5754902389337,0,3.6e-12
0.9969998718683728,0.0,-0.0000000000000000,0.0000000000000000,0.0111841042506282,0.0000000000000000,6.5085687753205361,3.0000278042143949,2.000197,0.284732,-2.2849292416869,2.5695207302973,0,3.2e-12
0.9969966286323816,0.0,-0.0000000000000000,0.0000000000000000,0.0111792852302737,0.0000000000000000,6.5066618373230680,3.0000278338545652,2.000206,0.281686,-2.2818917375540,2.5634302177820,0,3.6e-12
0.9969933520127663,0.0,-0.0000000000000000,0.0000000000000000,0.0111744155023814,0.0000000000000000,6.5047153405759452,3.0000278641413454,2.000215,0.278578,-2.2787928723281,2.5572162704821,0,3.6e-12
0.9969900415873569,0.0,-0.0000000000000000,0.0000000000000000,0.0111694943353630,0.0000000000000000,6.5027284529270046,3.0000278950897283,2.000224,0.275407,-2.2756314237066,2.5508764110245,0,3.7e-12
0.9969866969280599,0.0,0.0000000000000000,0.0000000000000000,0.0111645209835023,0.0000000000000000,6.5007003247158401,3.0000279267150880,2.000234,0.272172,-2.2724061465891,2.5444081148469,0,3.8e-12
0.9969833176007112,0.0,-0.0000000000000000,0.0000000000000000,0.0111594946864999,0.0000000000000000,6.4986300884050729,3.0000279590331878,2.000244,0.268872,-2.2691157725563,2.5378088093604,0,4.8e-12
0.9969799031649348,0.0,-0.0000000000000000,0.0000000000000000,0.0111544146690119,0.0000000000000000,6.4965168582039023,3.0000279920601929,2.000255,0.265504,-2.2657590099102,2.5310758732477,0,4.5e-12
0.9969764531739901,0.0,-0.0000000000000000,0.0000000000000000,0.0111492801401652,0.0000000000000000,6.4943597296838194,3.0000280258126826,2.000266,0.262068,-2.2623345425467,2.5242066354716,0,4.6e-12
0.9969729671746183,0.0,0.0000000000000000,0.0000000000000000,0.0111440902930569,0.0000000000000000,6.4921577793863081,3.0000280603076588,2.000278,0.258563,-2.2588410303318,2.5171983746332,0,4.0e-12
0.9969694447068848,0.0,-0.0000000000000000,0.0000000000000000,0.0111388443042353,0.0000000000000000,6.4899100644223759,3.0000280955625653,2.000290,0.254987,-2.2552771081843,2.5100483180188,0,3.7e-12
0.9969658853040175,0.0,0.0000000000000000,0.0000000000000000,0.0111335413331632,0.0000000000000000,6.4876156220637524,3.0000281315952950,2.000303,0.251339,-2.2516413860725,2.5027536408491,0,3.0e-12
0.9969622884922372,0.0,0.0000000000000000,0.0000000000000000,0.0111281805216546,0.0000000000000000,6.4852734693256053,3.0000281684242065,2.000316,0.247617,-2.2479324481750,2.4953114653414,0,3.9e-12
0.9969586537905885,0.0,-0.0000000000000000,0.0000000000000000,0.0111227609932990,0.0000000000000000,6.4828826025405712,3.0000282060681367,2.000330,0.243819,-2.2441488532427,2.4877188600211,0,4.0e-12
0.9969549807107602,0.0,0.0000000000000000,0.0000000000000000,0.0111172818528538,0.0000000000000000,6.4804419969239779,3.0000282445464155,2.000344,0.239945,-2.2402891334985,2.4799728387056,0,3.4e-12
0.9969512687569024,0.0,0.0000000000000000,0.0000000000000000,0.0111117421856186,0.0000000000000000,6.4779506061300491,3.0000282838788834,2.000359,0.235993,-2.2363517943103,2.4720703596612,0,3.4e-12
0.9969475174254423,0.0,0.0000000000000000,0.0000000000000000,0.0111061410567860,0.0000000000000000,6.4754073617989265,3.0000283240859025,2.000375,0.231961,-2.2323353141789,2.4640083248177,0,3.4e-12
0.9969437262048874,0.0,0.0000000000000000,0.0000000000000000,0.0111004775107621,0.0000000000000000,6.4728111730943478,3.0000283651883768,2.000391,0.227847,-2.2282381440921,2.4557835788348,0,3.0e-12
0.9969398945756263,0.0,-0.0000000000000000,0.0000000000000000,0.0110947505704609,0.0000000000000000,6.4701609262317854,3.0000284072077670,2.000408,0.223651,-2.2240587070380,2.4473929082054,0,2.7e-12
0.9969360220097288,0.0,0.0000000000000000,0.0000000000000000,0.0110889592365786,0.0000000000000000,6.4674554839968437,3.0000284501661096,2.000426,0.219370,-2.2197953977294,2.4388330404035,0,2.4e-12
0.9969321079707258,0.0,0.0000000000000000,0.0000000000000000,0.0110831024868213,0.0000000000000000,6.4646936852538062,3.0000284940860329,2.000444,0.215003,-2.2154465819571,2.4301006429411,0,3.9e-12
0.9969281519133990,0.0,0.0000000000000000,0.0000000000000000,0.0110771792751189,0.0000000000000000,6.4618743444440412,3.0000285389907773,2.000463,0.210547,-2.2110105970331,2.4211923226345,0,2.4e-12
0.9969241532835518,0.0,0.0000000000000000,0.0000000000000000,0.0110711885307961,0.0000000000000000,6.4589962510741641,3.0000285849042152,2.000483,0.206003,-2.2064857497984,2.4121046244204,0,1.8e-12
0.9969201115177799,0.0,0.0000000000000000,0.0000000000000000,0.0110651291577125,0.0000000000000000,6.4560581691937164,3.0000286318508684,2.000504,0.201366,-2.2018703175185,2.4028340306972,0,1.6e-12
0.9969160260432309,0.0,-0.0000000000000000,0.0000000000000000,0.0110590000333649,0.0000000000000000,6.4530588368621995,3.0000286798559355,2.000526,0.196637,-2.1971625469794,2.3933769603332,0,1.3e-12
0.9969118962773578,0.0,0.0000000000000000,0.0000000000000000,0.0110528000079531,0.0000000000000000,6.4499969656052425,3.0000287289453054,2.000548,0.191812,-2.1923606540468,2.3837297677641,0,1.1e-12
0.9969077216276665,0.0,0.0000000000000000,0.0000000000000000,0.0110465279034072,0.0000000000000000,6.4468712398597177,3.0000287791455897,2.000572,0.186891,-2.1874628232017,2.3738887420849,0,1.1e-12
0.9969035014914505,0.0,-0.0000000000000000,0.0000000000000000,0.0110401825123683,0.0000000000000000,6.4436803164076197,3.0000288304841369,2.000596,0.181871,-2.1824672072034,2.3638501061711,0,6.9e-13
0.9968992352555287,0.0,0.0000000000000000,0.0000000000000000,0.0110337625971410,0.0000000000000000,6.4404228237984533,3.0000288829890644,2.000622,0.176750,-2.1773719249671,2.3536100155460,0,1.6e-11
0.9968949222959359,0.0,0.0000000000000000,0.0000000000000000,0.0110272668885422,0.0000000000000000,6.4370973617601503,3.0000289366892812,2.000648,0.171527,-2.1721750674138,2.3431645583318,0,1.3e-11
0.9968905619776790,0.0,0.0000000000000000,0.0000000000000000,0.0110206940848140,0.0000000000000000,6.4337025005976889,3.0000289916145144,2.000676,0.166199,-2.1668746872735,2.3325097530490,0,9.1e-12
0.9968861536544079,0.0,0.0000000000000000,0.0000000000000000,0.0110140428503705,0.0000000000000000,6.4302367805801817,3.0000290477953393,2.000705,0.160764,-2.1614688051023,2.3216415486122,0,6.9e-12
0.9968816966681134,0.0,0.0000000000000000,0.0000000000000000,0.0110073118145474,0.0000000000000000,6.4266987113153826,3.0000291052632071,2.000735,0.155221,-2.1559554075593,2.3105558232766,0,4.6e-12
0.9968771903488094,0.0,-0.0000000000000000,0.0000000000000000,0.0110004995702848,0.0000000000000000,6.4230867711117732,3.0000291640504728,2.000766,0.149567,-2.1503324462177,2.2992483836900,0,3.9e-12
0.9968726340142029,0.0,0.0000000000000000,0.0000000000000000,0.0109936046727492,0.0000000000000000,6.4193994063279662,3.0000292241904343,2.000798,0.143800,-2.1445978376670,2.2877149641032,0,3.4e-12
0.9968680269693547,0.0,0.0000000000000000,0.0000000000000000,0.0109866256378934,0.0000000000000000,6.4156350307091916,3.0000292857173556,2.000831,0.137918,-2.1387494626006,2.2759512254829,0,1.9e-12
0.9968633685063242,0.0,-0.0000000000000000,0.0000000000000000,0.0109795609409448,0.0000000000000000,6.4117920247106754,3.0000293486665104,2.000866,0.131919,-2.1327851650551,2.2639527546677,0,1.1e-12
0.9968586579038068,0.0,0.0000000000000000,0.0000000000000000,0.0109724090148293,0.0000000000000000,6.4078687348076606,3.0000294130742122,2.000902,0.125801,-2.1267027521207,2.2517150635887,0,1.6e-12
0.9968538944267549,0.0,-0.0000000000000000,0.0000000000000000,0.0109651682485136,0.0000000000000000,6.4038634727918806,3.0000294789778530,2.000939,0.119561,-2.1204999935289,2.2392335884964,0,8.5e-13
0.9968490773259902,0.0,-0.0000000000000000,0.0000000000000000,0.0109578369852772,0.0000000000000000,6.3997745150542302,3.0000295464159459,2.000978,0.113196,-2.1141746202693,2.2265036891396,0,7.6e-13
0.9968442058377999,0.0,-0.0000000000000000,0.0000000000000000,0.0109504135208972,0.0000000000000000,6.3956001018534305,3.0000296154281614,2.001018,0.106706,-2.1077243233609,2.2135206480151,0,1.4e-11
0.9968392791834988,0.0,0.0000000000000000,0.0000000000000000,0.0109428961017124,0.0000000000000000,6.3913384365705745,3.0000296860553748,2.001060,0.100087,-2.1011467580484,2.2002796699535,0,1.0e-11
0.9968342965690319,0.0,0.0000000000000000,0.0000000000000000,0.0109352829226808,0.0000000000000000,6.3869876849488287,3.0000297583397071,2.001103,0.093336,-2.0944395343588,2.1867758809416,0,9.1e-12
0.9968292571844930,0.0,0.0000000000000000,0.0000000000000000,0.0109275721252340,0.0000000000000000,6.3825459743189201,3.0000298323245751,2.001148,0.086453,-2.0876002232243,2.1730043279239,0,7.0e-12
0.9968241602036729,0.0,0.0000000000000000,0.0000000000000000,0.0109197617950928,0.0000000000000000,6.3780113928093352,3.0000299080547395,2.001194,0.079433,-2.0806263528851,2.1589599780807,0,4.5e-12
0.9968190047835698,0.0,-0.0000000000000000,0.0000000000000000,0.0109118499599444,0.0000000000000000,6.3733819885414338,3.0000299855763566,2.001241,0.072274,-2.0735154082450,2.1446377183396,0,3.9e-12
0.9968137900638907,0.0,0.0000000000000000,0.0000000000000000,0.0109038345870114,0.0000000000000000,6.3686557688090790,3.0000300649370328,2.001291,0.064974,-2.0662648303975,2.1300323549514,0,2.9e-12
0.9968085151665287,0.0,-0.0000000000000000,0.0000000000000000,0.0108957135804888,0.0000000000000000,6.3638306992425688,3.0000301461858805,2.001341,0.057531,-2.0588720146592,2.1151386130967,0,3.5e-12
0.9968031791950225,0.0,0.0000000000000000,0.0000000000000000,0.0108874847788492,0.0000000000000000,6.3589047029565711,3.0000302293735772,2.001394,0.049941,-2.0513343102050,2.0999511366244,0,3.0e-12
0.9967977812339954,0.0,-0.0000000000000000,0.0000000000000000,0.0108791459520054,0.0000000000000000,6.3538756596817993,3.0000303145524310,2.001447,0.042202,-2.0436490179981,2.0844644878474,0,2.1e-12
0.9967923203485709,0.0,0.0000000000000000,0.0000000000000000,0.0108706947983206,0.0000000000000000,6.3487414048801298,3.0000304017764430,2.001503,0.034311,-2.0358133894970,2.0686731474853,0,2.8e-12
0.9967867955837646,0.0,0.0000000000000000,0.0000000000000000,0.0108621289414547,0.0000000000000000,6.3434997288428621,3.0000304911013771,2.001559,0.026265,-2.0278246256312,2.0525715146966,0,1.6e-12
0.9967812059638549,0.0,0.0000000000000000,0.0000000000000000,0.0108534459270432,0.0000000000000000,6.3381483757717971,3.0000305825848326,2.001618,0.018062,-2.0196798740262,2.0361539072918,0,1.8e-12
0.9967755504917239,0.0,0.0000000000000000,0.0000000000000000,0.0108446432191854,0.0000000000000000,6.3326850428428090,3.0000306762863214,2.001677,0.009699,-2.0113762279823,2.0194145620639,0,1.3e-12
0.9967698281481754,0.0,0.0000000000000000,0.0000000000000000,0.0108357181967420,0.0000000000000000,6.3271073792515455,3.0000307722673463,2.001738,0.001173,-2.0029107236477,2.0023476353494,0,1.1e-12
0.9967640378912196,0.0,0.0000000000000000,0.0000000000000000,0.0108266681494179,0.0000000000000000,6.3214129852409000,3.0000308705914880,2.001800,-0.007520,-1.9942803378645,1.9849472037624,0,1.7e-12
0.9967581786553321,0.0,-0.0000000000000000,0.0000000000000000,0.0108174902736241,0.0000000000000000,6.3155994111098366,3.0000309713244904,2.001863,-0.016381,-1.9854819855452,1.9672072651859,0,1.8e-12
0.9967522493506784,0.0,0.0000000000000000,0.0000000000000000,0.0108081816680963,0.0000000000000000,6.3096641562031657,3.0000310745343595,2.001927,-0.025415,-1.9765125163919,1.9491217400409,0,1.9e-12
0.9967462488623064,0.0,-0.0000000000000000,0.0000000000000000,0.0107987393292598,0.0000000000000000,6.3036046678818005,3.0000311802914568,2.001992,-0.034623,-1.9673687116539,1.9306844728652,0,2.5e-12
0.9967401760493001,0.0,-0.0000000000000000,0.0000000000000000,0.0107891601463139,0.0000000000000000,6.2974183404730288,3.0000312886686094,2.002057,-0.044010,-1.9580472804301,1.9118892342268,0,2.2e-12
0.9967340297439000,0.0,-0.0000000000000000,0.0000000000000000,0.0107794408960251,0.0000000000000000,6.2911025142002597,3.0000313997412151,2.002123,-0.053578,-1.9485448550237,1.8927297231088,0,3.6e-12
0.9967278087505791,0.0,0.0000000000000000,0.0000000000000000,0.0107695782371996,0.0000000000000000,6.2846544740917070,3.0000315135873645,2.002189,-0.063331,-1.9388579868287,1.8731995696593,0,3.8e-12
0.9967215118450784,0.0,-0.0000000000000000,0.0000000000000000,0.0107595687048162,0.0000000000000000,6.2780714488673999,3.0000316302879599,2.002254,-0.073271,-1.9289831401242,1.8532923386157,0,4.8e-12
0.9967151377733968,0.0,0.0000000000000000,0.0000000000000000,0.0107494087037914,0.0000000000000000,6.2713506098038749,3.0000317499268467,2.002319,-0.083403,-1.9189166865783,1.8330015332166,0,6.4e-12
0.9967086852507338,0.0,0.0000000000000000,0.0000000000000000,0.0107390945023517,0.0000000000000000,6.2644890695758617,3.0000318725909563,2.002383,-0.093728,-1.9086548981940,1.8123205998955,0,8.7e-12
0.9967021529603763,0.0,-0.0000000000000000,0.0000000000000000,0.0107286222249760,0.0000000000000000,6.2574838810742248,3.0000319983704462,2.002445,-0.104251,-1.8981939395061,1.7912429337804,0,1.2e-11
0.9966955395525381,0.0,-0.0000000000000000,0.0000000000000000,0.0107179878448863,0.0000000000000000,6.2503320361993371,3.0000321273588613,2.002505,-0.114975,-1.8875298589586,1.7697618851002,0,1.6e-11
0.9966888436431272,0.0,-0.0000000000000000,0.0000000000000000,0.0107071871760260,0.0000000000000000,6.2430304646290944,3.0000322596532953,2.002562,-0.125903,-1.8766585801989,1.7478707664416,0,3.1e-13
0.9966820638124861,0.0,0.0000000000000000,0.0000000000000000,0.0106962158645599,0.0000000000000000,6.2355760325604113,3.0000323953545691,2.002615,-0.137039,-1.8655758857363,1.7255628624931,0,3.3e-13
0.9966751986040066,0.0,-0.0000000000000000,0.0000000000000000,0.0106850693796975,0.0000000000000000,6.2279655414238331,3.0000325345674161,2.002664,-0.148387,-1.8542774115825,1.7028314388439,0,2.3e-13
0.9966682465227257,0.0,-0.0000000000000000,0.0000000000000000,0.0106737430039834,0.0000000000000000,6.2201957265693455,3.0000326774006796,2.002707,-0.159949,-1.8427586279205,1.6796697547464,0,1.6e-12
0.9966612060338224,0.0,0.0000000000000000,0.0000000000000000,0.0106622318228659,0.0000000000000000,6.2122632559229780,3.0000328239675293,2.002744,-0.171729,-1.8310148244911,1.6560710765375,0,1.6e-12
0.9966540755610364,0.0,0.0000000000000000,0.0000000000000000,0.0106505307135417,0.0000000000000000,6.2041647286127288,3.0000329743856811,2.002772,-0.183731,-1.8190410910172,1.6320286938449,0,2.8e-12
0.9966468534849968,0.0,0.0000000000000000,0.0000000000000000,0.0106386343330010,0.0000000000000000,6.1958966735626362,3.0000331287776425,2.002791,-0.195959,-1.8068322967913,1.6075359379787,0,4.7e-12
0.9966395381414609,0.0,-0.0000000000000000,0.0000000000000000,0.0106265371052087,0.0000000000000000,6.1874555480536859,3.0000332872709672,2.002798,-0.208415,-1.7943830662268,1.5825862035750,0,7.8e-12
0.9966321278194475,0.0,-0.0000000000000000,0.0000000000000000,0.0106142332073426,0.0000000000000000,6.1788377362502072,3.0000334499985328,2.002793,-0.221105,-1.7816877516198,1.5571729735668,0,1.1e-11
0.9966246207592580,0.0,-0.0000000000000000,0.0000000000000000,0.0106017165549969,0.0000000000000000,6.1700395476903580,3.0000336170988318,2.002771,-0.234031,-1.7687404027528,1.5312898479649,0,1.1e-13
0.9966170151504038,0.0,-0.0000000000000000,0.0000000000000000,0.0105889807863088,0.0000000000000000,6.1610572157390786,3.0000337887162876,2.002732,-0.247197,-1.7555347276573,1.5049305787137,0,1.7e-13
0.9966093091293611,0.0,-0.0000000000000000,0.0000000000000000,0.0105760192447878,0.0000000000000000,6.1518868960024511,3.0000339650015975,2.002671,-0.260607,-1.7420640570747,1.4780891073380,0,1.2e-13
0.9966015007772325,0.0,0.0000000000000000,0.0000000000000000,0.0105628249608834,0.0000000000000000,6.1425246647012521,3.0000341461120872,2.002587,-0.274265,-1.7283212947002,1.4507596115131,0,9.5e-13
0.9965935881172382,0.0,-0.0000000000000000,0.0000000000000000,0.0105493906320570,0.0000000000000000,6.1329665170026688,3.0000343322121084,2.002474,-0.288175,-1.7142988652359,1.4229365577151,0,1.0e-12
0.9965855691120531,0.0,0.0000000000000000,0.0000000000000000,0.0105357086012649,0.0000000000000000,6.1232083653083196,3.0000345234734525,2.002329,-0.302341,-1.6999886530266,1.3946147631255,0,2.2e-12
0.9965774416609682,0.0,0.0000000000000000,0.0000000000000000,0.0105217708336832,0.0000000000000000,6.1132460374970368,3.0000347200758060,2.002147,-0.316765,-1.6853819330894,1.3657894672659,0,2.5e-12
0.9965692035968636,0.0,0.0000000000000000,0.0000000000000000,0.0105075688915072,0.0000000000000000,6.1030752751207817,3.0000349222072362,2.001922,-0.331453,-1.6704692908773,1.3364564159311,0,1.9e-12
0.9965608526829788,0.0,0.0000000000000000,0.0000000000000000,0.0104930939066324,0.0000000000000000,6.0926917315520868,3.0000351300647177,2.001649,-0.346408,-1.6552405307072,1.3066119589448,0,3.2e-12
0.9965523866094508,0.0,0.0000000000000000,0.0000000000000000,0.0104783365509886,0.0000000000000000,6.0820909700814818,3.0000353438546976,2.001319,-0.361635,-1.6396845711091,1.2762531640459,0,1.0e-12
0.9965438029896246,0.0,-0.0000000000000000,0.0000000000000000,0.0104632870043197,0.0000000000000000,6.0712684619632409,3.0000355637937148,2.000926,-0.377136,-1.6237893219587,1.2453779511495,0,1.3e-11
0.9965350993560610,0.0,-0.0000000000000000,0.0000000000000000,0.0104479349190539,0.0000000000000000,6.0602195844082161,3.0000357901090648,2.000459,-0.392917,-1.6075415496070,1.2139852463937,0,4.0e-14
0.9965311089839116,0.0,-0.0000000000000000,0.0000000000000000,0.0104408647320236,0.0000000000000000,6.0551291650424499,3.0000358949885593,2.000220,-0.400172,-1.6000474198621,1.1995671096208,0,6.5e-12
0.9965270910448808,0.0,-0.0000000000000000,0.0000000000000000,0.0104337252318667,0.0000000000000000,6.0499880380779354,3.0000360013087408,1.999962,-0.407490,-1.5924723215718,1.1850349707937,0,6.0e-12
0.9965230452690040,0.0,-0.0000000000000000,0.0000000000000000,0.0104265152604049,0.0000000000000000,6.0447956999840970,3.0000361090949892,1.999685,-0.414871,-1.5848146423352,1.1703888990875,0,5.2e-12
0.9965189713818480,0.0,-0.0000000000000000,0.0000000000000000,0.0104192336294041,0.0000000000000000,6.0395516422327615,3.0000362183732894,1.999388,-0.422315,-1.5770726947593,1.1556290346988,0,4.5e-12
0.9965148691043986,0.0,0.0000000000000000,0.0000000000000000,0.0104118791195402,0.0000000000000000,6.0342553512458394,3.0000363291702548,1.999067,-0.429823,-1.5692447113253,1.1407555947189,0,4.4e-12
0.9965107381529438,0.0,-0.0000000000000000,0.0000000000000000,0.0104044504793131,0.0000000000000000,6.0289063083423580,3.0000364415131449,1.998724,-0.437395,-1.5613288391936,1.1257688792863,0,3.3e-12
0.9965065782389521,0.0,0.0000000000000000,0.0000000000000000,0.0103969464239170,0.0000000000000000,6.0235039896848361,3.0000365554298885,1.998355,-0.445031,-1.5533231343432,1.1106692784047,0,3.4e-12
0.9965023890689447,0.0,-0.0000000000000000,0.0000000000000000,0.0103893656340561,0.0000000000000000,6.0180478662249941,3.0000366709491035,1.997959,-0.452733,-1.5452255559510,1.0954572789370,0,3.3e-12
0.9964981703443655,0.0,-0.0000000000000000,0.0000000000000000,0.0103817067547128,0.0000000000000000,6.0125374036487855,3.0000367881001222,1.997535,-0.460501,-1.5370339598177,1.0801334724722,0,2.9e-12
0.9964939217614446,0.0,0.0000000000000000,0.0000000000000000,0.0103739683938574,0.0000000000000000,6.0069720623207443,3.0000369069130133,1.997080,-0.468334,-1.5287460913477,1.0646985637646,0,2.5e-12
0.9964896430110569,0.0,0.0000000000000000,0.0000000000000000,0.0103661491211009,0.0000000000000000,6.0013512972276484,3.0000370274186090,1.996594,-0.476234,-1.5203595782819,1.0491533797516,0,2.6e-12
0.9964853337785755,0.0,0.0000000000000000,0.0000000000000000,0.0103582474662853,0.0000000000000000,5.9956745579214861,3.0000371496485281,1.996073,-0.484201,-1.5118719228924,1.0334988792672,0,2.0e-12
0.9964809937437185,0.0,0.0000000000000000,0.0000000000000000,0.0103502619180104,0.0000000000000000,5.9899412884617194,3.0000372736352063,1.995516,-0.492236,-1.5032804931190,1.0177361638474,0,2.0e-12
0.9964766225803912,0.0,0.0000000000000000,0.0000000000000000,0.0103421909220912,0.0000000000000000,5.9841509273568336,3.0000373994119225,1.994920,-0.500338,-1.4945825137859,1.0018664889675,0,1.9e-12
0.9964722199565202,0.0,0.0000000000000000,0.0000000000000000,0.0103340328799432,0.0000000000000000,5.9783029075051806,3.0000375270128297,1.994283,-0.508508,-1.4857750565399,0.9858912765770,0,1.9e-12
0.9964677855338832,0.0,0.0000000000000000,0.0000000000000000,0.0103257861468916,0.0000000000000000,5.9723966561350901,3.0000376564729856,1.993602,-0.516747,-1.4768550292835,0.9698121285054,0,1.9e-12
0.9964633189679277,0.0,-0.0000000000000000,0.0000000000000000,0.0103174490303994,0.0000000000000000,5.9664315947442566,3.0000377878283842,1.992874,-0.525055,-1.4678191649372,0.9536308409376,0,1.8e-12
0.9964588199075872,0.0,0.0000000000000000,0.0000000000000000,0.0103090197882102,0.0000000000000000,5.9604071390383870,3.0000379211159909,1.992097,-0.533433,-1.4586640089676,0.9373494202724,0,1.8e-12
0.9964542879950853,0.0,-0.0000000000000000,0.0000000000000000,0.0103004966264001,0.0000000000000000,5.9543226988691060,3.0000380563737785,1.991267,-0.541881,-1.4493859064891,0.9209701000346,0,1.4e-12
0.9964497228657340,0.0,0.0000000000000000,0.0000000000000000,0.0102918776973352,0.0000000000000000,5.9481776781711080,3.0000381936407621,1.990381,-0.550400,-1.4399809877052,0.9044953595843,0,1.4e-12
0.9964451241477218,0.0,-0.0000000000000000,0.0000000000000000,0.0102831610975258,0.0000000000000000,5.9419714748985539,3.0000383329570393,1.989434,-0.558989,-1.4304451529404,0.8879279439901,0,1.3e-12
0.9964404914618938,0.0,-0.0000000000000000,0.0000000000000000,0.0102743448653747,0.0000000000000000,5.9357034809606963,3.0000384743638322,1.988424,-0.567650,-1.4207740559695,0.8712708859180,0,7.3e-13
0.9964358244215199,0.0,0.0000000000000000,0.0000000000000000,0.0102654269788088,0.0000000000000000,5.9293730821567356,3.0000386179035283,1.987346,-0.576383,-1.4109630860978,0.8545275293502,0,1.6e-12
0.9964311226320545,0.0,-0.0000000000000000,0.0000000000000000,0.0102564053527930,0.0000000000000000,5.9229796581098890,3.0000387636197248,1.986196,-0.585188,-1.4010073492531,0.8377015550766,0,1.8e-12
0.9964263856908840,0.0,-0.0000000000000000,0.0000000000000000,0.0102472778367125,0.0000000000000000,5.9165225822006686,3.0000389115572799,1.984968,-0.594066,-1.3909016469728,0.8207970087936,0,1.3e-12
0.9964216131870636,0.0,-0.0000000000000000,0.0000000000000000,0.0102380422116197,0.0000000000000000,5.9100012214993560,3.0000390617623554,1.983658,-0.603018,-1.3806404540240,0.8038183314319,0,1.1e-12
0.9964168047010387,0.0,-0.0000000000000000,0.0000000000000000,0.0102286961873341,0.0000000000000000,5.9034149366976703,3.0000392142824746,1.982261,-0.612043,-1.3702178941812,0.7867703921693,0,9.5e-13
0.9964119598043574,0.0,0.0000000000000000,0.0000000000000000,0.0102192373993895,0.0000000000000000,5.8967630820396026,3.0000393691665748,1.980771,-0.621143,-1.3596277140780,0.7696585243286,0,1.2e-12
0.9964070780593690,0.0,0.0000000000000000,0.0000000000000000,0.0102096634058218,0.0000000000000000,5.8900450052514124,3.0000395264650637,1.979180,-0.630317,-1.3488632540752,0.7524885650937,0,1.5e-11
0.9964021590188882,0.0,-0.0000000000000000,0.0000000000000000,0.0101999716837414,0.0000000000000000,5.8832600474708538,3.0000396862298797,1.977484,-0.639567,-1.3379174200785,0.7352668961907,0,1.4e-11
0.9963972022258861,0.0,-0.0000000000000000,0.0000000000000000,0.0101901596258010,0.0000000000000000,5.8764075431753549,3.0000398485145578,1.975675,-0.648892,-1.3267826465036,0.7180004932957,0,1.2e-11
0.9963922072131197,0.0,0.0000000000000000,0.0000000000000000,0.0101802245363783,0.0000000000000000,5.8694868201095280,3.0000400133742944,1.973744,-0.658293,-1.3154508624769,0.7006969749559,0,1.1e-11
0.9963871735027656,0.0,-0.0000000000000000,0.0000000000000000,0.0101701636275875,0.0000000000000000,5.8624971992116723,3.0000401808660184,1.971685,-0.667772,-1.3039134522698,0.6833646582685,0,1.1e-11
0.9963821006060295,0.0,-0.0000000000000000,0.0000000000000000,0.0101599740150538,0.0000000000000000,5.8554379945393915,3.0000403510484657,1.969488,-0.677327,-1.2921612126698,0.6660126194418,0,9.7e-12
0.9963769880227351,0.0,0.0000000000000000,0.0000000000000000,0.0101496527134424,0.0000000000000000,5.8483085131942847,3.0000405239822578,1.967144,-0.686960,-1.2801843065860,0.6486507600083,0,8.2e-12
0.9963718352408898,0.0,-0.0000000000000000,0.0000000000000000,0.0101391966317271,0.0000000000000000,5.8411080552456829,3.0000406997299858,1.964643,-0.696671,-1.2679722129859,0.6312898789908,0,7.6e-12
0.9963666417362269,0.0,-0.0000000000000000,0.0000000000000000,0.0101286025681754,0.0000000000000000,5.8338359136534095,3.0000408783562960,1.961975,-0.706461,-1.2555136720301,0.6139417521336,0,7.1e-12
0.9963614069717216,0.0,-0.0000000000000000,0.0000000000000000,0.0101178672050345,0.0000000000000000,5.8264913741895459,3.0000410599279852,1.959126,-0.716330,-1.2427966257633,0.5966192183958,0,6.6e-12
0.9963561303970800,0.0,-0.0000000000000000,0.0000000000000000,0.0101069871028930,0.0000000000000000,5.8190737153591625,3.0000412445140952,1.956087,-0.726279,-1.2298081528315,0.5793362751738,0,5.6e-12
0.9963508114481974,0.0,0.0000000000000000,0.0000000000000000,0.0100959586946952,0.0000000000000000,5.8115822083199946,3.0000414321860234,1.952842,-0.736307,-1.2165343981243,0.5621081821798,0,5.4e-12
0.9963454495465844,0.0,0.0000000000000000,0.0000000000000000,0.0100847782793806,0.0000000000000000,5.8040161168010203,3.0000416230176246,1.949377,-0.746417,-1.2029604954695,0.5449515757580,0,4.9e-12
0.9963400440987601,0.0,-0.0000000000000000,0.0000000000000000,0.0100734420151223,0.0000000000000000,5.7963746970199077,3.0000418170853349,1.945678,-0.756608,-1.1890704830158,0.5278845946353,0,4.3e-12
0.9963345944956054,0.0,0.0000000000000000,0.0000000000000000,0.0100619459121302,0.0000000000000000,5.7886571975992895,3.0000420144682942,1.941728,-0.766880,-1.1748472112661,0.5109270177491,0,4.2e-12
0.9963291001116789,0.0,-0.0000000000000000,0.0000000000000000,0.0100502858249871,0.0000000000000000,5.7808628594818137,3.0000422152484751,1.937508,-0.777235,-1.1602722423163,0.4941004159361,0,4.3e-12
0.9963235603044863,0.0,-0.0000000000000000,0.0000000000000000,0.0100384574444790,0.0000000000000000,5.7729909158439243,3.0000424195108271,1.932999,-0.787673,-1.1453257391914,0.4774283192361,0,3.1e-12
0.9963179744137065,0.0,0.0000000000000000,0.0000000000000000,0.0100264562888785,0.0000000000000000,5.7650405920083143,3.0000426273434244,1.928181,-0.798195,-1.1299863447209,0.4609364011450,0,3.4e-12
0.9963123417603624,0.0,-0.0000000000000000,0.0000000000000000,0.0100142776946371,0.0000000000000000,5.7570111053549820,3.0000428388376252,1.923031,-0.808800,-1.1142310488800,0.4446526815877,0,2.8e-12
0.9963066616459400,0.0,-0.0000000000000000,0.0000000000000000,0.0100019168064367,0.0000000000000000,5.7489016652308331,3.0000430540882426,1.917525,-0.819490,-1.0980350430811,0.4286077511265,0,2.3e-12
0.9963009333514454,0.0,0.0000000000000000,0.0000000000000000,0.0099893685665457,0.0000000000000000,5.7407114728577380,3.0000432731937243,1.911637,-0.830265,-1.0813715592359,0.4128350192787,0,2.5e-12
0.9962951561363970,0.0,-0.0000000000000000,0.0000000000000000,0.0099766277034188,0.0000000000000000,5.7324397212389648,3.0000434962563460,1.905338,-0.841126,-1.0642116941962,0.3973709879272,0,2.2e-12
0.9962893292377475,0.0,-0.0000000000000000,0.0000000000000000,0.0099636887194773,0.0000000000000000,5.7240855950638903,3.0000437233824222,1.898598,-0.852073,-1.0465242145873,0.3822555556107,0,2.1e-12
0.9962834518687264,0.0,0.0000000000000000,0.0000000000000000,0.0099505458779929,0.0000000000000000,5.7156482706108847,3.0000439546825248,1.891383,-0.863108,-1.0282753432241,0.3675323533269,0,1.8e-12
0.9962775232175995,0.0,-0.0000000000000000,0.0000000000000000,0.0099371931889973,0.0000000000000000,5.7071269156482423,3.0000441902717188,1.883659,-0.874230,-1.0094285217917,0.3532491185467,0,1.3e-12
0.9962715424463356,0.0,0.0000000000000000,0.0000000000000000,0.0099236243941262,0.0000000000000000,5.6985206893330353,3.0000444302698255,1.875385,-0.885441,-0.9899441500111,0.3394581093728,0,1.3e-12
0.9962655086891703,0.0,0.0000000000000000,0.0000000000000000,0.0099098329502978,0.0000000000000000,5.6898287421077347,3.0000446748016873,1.866520,-0.896740,-0.9697792960560,0.3262165659702,0,6.4e-13
0.9962594210510608,0.0,0.0000000000000000,0.0000000000000000,0.0098958120121172,0.0000000000000000,5.6810502155944258,3.0000449239974718,1.857017,-0.908130,-0.9488873756116,0.3135872244801,0,9.7e-13
0.9962532786060164,0.0,0.0000000000000000,0.0000000000000000,0.0098815544128785,0.0000000000000000,5.6721842424864430,3.0000451779929809,1.846828,-0.919610,-0.9272177968930,0.3016388889677,0,6.9e-13
0.9962470803952962,0.0,-0.0000000000000000,0.0000000000000000,0.0098670526440333,0.0000000000000000,5.6632299464371982,3.0000454369300011,1.835897,-0.931181,-0.9047155649033,0.2904470711997,0,4.3e-13
0.9962408254254568,0.0,0.0000000000000000,0.0000000000000000,0.0098522988329635,0.0000000000000000,5.6541864419459698,3.0000457009566697,1.824166,-0.942845,-0.8813208422609,0.2800947047983,0,3.6e-13
0.9962345126662380,0.0,0.0000000000000000,0.0000000000000000,0.0098372847188914,0.0000000000000000,5.6450528342403796,3.0000459702278763,1.811570,-0.954601,-0.8569684595925,0.2706729449547,0,3.1e-13
0.9962281410482661,0.0,0.0000000000000000,0.0000000000000000,0.0098220016267293,0.0000000000000000,5.6358282191552558,3.0000462449056968,1.798039,-0.966452,-0.8315873692093,0.2622820650082,0,1.6e-13
0.9962217094605568,0.0,-0.0000000000000000,0.0000000000000000,0.0098064404386504,0.0000000000000000,5.6265116830075250,3.0000465251598647,1.783497,-0.978397,-0.8051000349576,0.2550324626414,0,3.4e-13
0.9962152167477957,0.0,-0.0000000000000000,0.0000000000000000,0.0097905915631333,0.0000000000000000,5.6171023024667441,3.0000468111682808,1.767859,-0.990438,-0.7774217488219,0.2490457917836,0,4.8e-13
0.9962100567267059,0.0,-0.0000000000000000,0.0000000000000000,0.0097778935935003,0.0000000000000000,5.6096218142070500,3.0000470407147715,1.754706,-0.999994,-0.7547122820063,0.2453054245704,0,4.8e-13
0.9962086617073692,0.0,0.0000000000000000,0.0000000000000000,0.0097744449012006,0.0000000000000000,5.6075991444208189,3.0000471031175708,1.751035,-1.002575,-0.7484598663703,0.2444562358105,0,7.1e-14
0.9962020430861203,0.0,0.0000000000000000,0.0000000000000000,0.0097579898095345,0.0000000000000000,5.5980012658363929,3.0000474012036933,1.732923,-1.014810,-0.7181129453944,0.2414119466975,0,9.3e-14
0.9961953595767941,0.0,0.0000000000000000,0.0000000000000000,0.0097412150601096,0.0000000000000000,5.5883077136133137,3.0000477056325998,1.713414,-1.027144,-0.6862697805310,0.2400766675633,0,4.9e-13
0.9961886098141365,0.0,0.0000000000000000,0.0000000000000000,0.0097241087959275,0.0000000000000000,5.5785175244324945,3.0000480166209629,1.692387,-1.039578,-0.6528083126340,0.2406315723347,0,8.3e-14
0.9961817923706051,0.0,0.0000000000000000,0.0000000000000000,0.0097066584823917,0.0000000000000000,5.5686297245963861,3.0000483343969697,1.669708,-1.052114,-0.6175943981167,0.2432773515172,0,5.6e-13
0.9961749057516406,0.0,-0.0000000000000000,0.0000000000000000,0.0096888508537738,0.0000000000000000,5.5586433298611535,3.0000486592011946,1.645232,-1.064752,-0.5804804164209,0.2482365825926,0,7.0e-13
0.9961679483904443,0.0,0.0000000000000000,0.0000000000000000,0.0096706718541597,0.0000000000000000,5.5485573452594972,3.0000489912875641,1.618797,-1.077494,-0.5413036919995,0.2557564286855,0,4.0e-13
0.9961609186421964,0.0,0.0000000000000000,0.0000000000000000,0.0096521065721582,0.0000000000000000,5.5383707649128935,3.0000493309244143,1.590226,-1.090341,-0.4998846999033,0.2661117197143,0,1.7e-13
0.9961538147776379,0.0,-0.0000000000000000,0.0000000000000000,0.0096331391685437,0.0000000000000000,5.5280825718318223,3.0000496783956696,1.559321,-1.103296,-0.4560250223185,0.2796084768092,0,1.3e-13
0.9961466349759313,0.0,-0.0000000000000000,0.0000000000000000,0.0096137527958768,0.0000000000000000,5.5176917377022896,3.0000500340021370,1.525864,-1.116359,-0.4095050160544,0.2965879526633,0,7.6e-13
0.9961393773166939,0.0,-0.0000000000000000,0.0000000000000000,0.0095939295089812,0.0000000000000000,5.5071972226566741,3.0000503980629611,1.489614,-1.129533,-0.3600811420189,0.3174312766784,0,4.2e-13
0.9961320397710861,0.0,0.0000000000000000,0.0000000000000000,0.0095736501649682,0.0000000000000000,5.4965979750265470,3.0000507709172313,1.450303,-1.142820,-0.3074829013437,0.3425648072782,0,6.3e-13
0.9961246201918112,0.0,0.0000000000000000,0.0000000000000000,0.0095528943112734,0.0000000000000000,5.4858929310746944,3.0000511529257863,1.407631,-1.156222,-0.2514093082923,0.3724663186876,0,3.5e-13
0.9961171163018613,0.0,0.0000000000000000,0.0000000000000000,0.0095316400598909,0.0000000000000000,5.4750810147030178,3.0000515444732363,1.361266,-1.169741,-0.1915248199233,0.4076721705343,0,7.7e-13
0.9961095256818089,0.0,-0.0000000000000000,0.0000000000000000,0.0095098639456587,0.0000000000000000,5.4641611371323560,3.0000519459702355,1.310834,-1.183380,-0.1274546219413,0.4487856449720,0,4.2e-13
0.9961018457554081,0.0,-0.0000000000000000,0.0000000000000000,0.0094875407660396,0.0000000000000000,5.4531321965494399,3.0000523578560485,1.255920,-1.197141,-0.0587791552231,0.4964866672349,0,6.3e-13
0.9960940737732221,0.0,-0.0000000000000000,0.0000000000000000,0.0094646433993382,0.0000000000000000,5.4419930777152219,3.0000527806014583,-1.211028,1.196056,0.0149722671315,0.5515431860625,0,1.2e-12
0.9960862067939340,0.0,-0.0000000000000000,0.0000000000000000,0.0094411425976866,0.0000000000000000,5.4307426515275372,3.0000532147120680,-1.225044,1.130715,0.0943289252549,0.6148245380459,0,5.0e-13
0.9960782416629270,0.0,-0.0000000000000000,0.0000000000000000,0.0094170067503449,0.0000000000000000,5.4193797745295269,3.0000536607320734,-1.239192,1.059305,0.1798874607796,0.6873172066693,0,1.2e-12
0.9960701749876302,0.0,-0.0000000000000000,0.0000000000000000,0.0093922016119308,0.0000000000000000,5.4079032883532410,3.0000541192485914,-1.253478,0.981155,0.2723222200249,0.7701434839537,0,1.1e-12
0.9960620031090102,0.0,-0.0000000000000000,0.0000000000000000,0.0093666899889545,0.0000000000000000,5.3963120190853520,3.0000545908966321,-1.267904,0.895507,0.3723974991032,0.8645836526962,0,1.3e-12
0.9960537220684454,0.0,0.0000000000000000,0.0000000000000000,0.0093404313765372,0.0000000000000000,5.3846047765386622,3.0000550763648661,-1.282476,0.801494,0.4809821258136,0.9721025002517,0,1.1e-12
0.9960453275690351,0.0,-0.0000000000000000,0.0000000000000000,0.0093133815352055,0.0000000000000000,5.3727803534089382,3.0000555764023242,-1.297200,0.698133,0.5990668928462,1.0943811415624,0,1.3e-12
0.9960368149301518,0.0,0.0000000000000000,0.0000000000000000,0.0092854919951596,0.0000000000000000,5.3608375242911670,3.0000560918262384,-1.312082,0.584296,0.7277855245301,1.2333554375217,0,1.6e-12
0.9960281790337415,0.0,0.0000000000000000,0.0000000000000000,0.0092567094721212,0.0000000000000000,5.3487750445221875,3.0000566235312638,-1.327128,0.458688,0.8684400366693,1.3912626372837,0,6.2e-13
0.9960194142604559,0.0,-0.0000000000000000,0.0000000000000000,0.0092269751745637,0.0000000000000000,5.3365916488071763,3.0000571725004082,-1.342346,0.319814,1.0225316005427,1.5706983572778,0,1.5e-12
0.9960105144131651,0.0,-0.0000000000000000,0.0000000000000000,0.0091962239764284,0.0000000000000000,5.3242860495747406,3.0000577398180557,-1.357745,0.165947,1.1917983595332,1.7746866551053,0,1.3e-12
0.9960014726246572,0.0,-0.0000000000000000,0.0000000000000000,0.0091643834217476,0.0000000000000000,5.3118569349880946,3.0000583266856244,-1.373335,-0.004927,1.3782621084618,2.0067668430446,0,1.8e-12
0.9959922812453406,0.0,0.0000000000000000,0.0000000000000000,0.0091313725171975,0.0000000000000000,5.2993029665160893,3.0000589344405357,-1.389126,-0.195160,1.5842863686117,2.2711018894461,0,4.3e-13
0.9959834834715148,0.0,-0.0000000000000000,0.0000000000000000,0.0090991427843973,0.0000000000000000,5.2873684680242290,3.0000595270506838,-1.404190,-0.394422,1.7986114888060,2.5538431391833,0,1.9e-12
0.9959764651030781,0.0,0.0000000000000000,0.0000000000000000,0.0090729712191440,0.0000000000000000,5.2779090317902675,3.0000600076550694,-1.416170,-0.566549,1.9827193747308,2.8023300431166,0,1.2e-11
0.9959705213817096,0.0,0.0000000000000000,0.0000000000000000,0.0090504766881926,0.0000000000000000,5.2699429351574025,3.0000604202602443,-1.426292,-0.722201,2.1484926499190,3.0300690714632,0,5.3e-12
0.9959646059757109,0.0,0.0000000000000000,0.0000000000000000,0.0090277796762057,0.0000000000000000,5.2620576853313610,3.0000608361053271,-1.436343,-0.886743,2.3230868972916,3.2736681133573,0,5.2e-12
0.9959596986335554,0.0,0.0000000000000000,0.0000000000000000,0.0090087099172035,0.0000000000000000,5.2555500602332366,3.0000611851060706,-1.444666,-1.030998,2.4756638989927,3.4894476514089,0,3.7e-12
0.9959555472429081,0.0,-0.0000000000000000,0.0000000000000000,0.0089924033282512,0.0000000000000000,5.2500698017559273,3.0000614832446031,-1.451695,-1.158830,2.6105246172660,3.6822671675840,0,6.8e-13
0.9959513358866057,0.0,0.0000000000000000,0.0000000000000000,0.0089756943637566,0.0000000000000000,5.2445344857376037,3.0000617884498744,-1.458815,-1.294211,2.7530260604736,3.8880144774666,0,8.0e-13
0.9959482449847763,0.0,0.0000000000000000,0.0000000000000000,0.0089633220160046,0.0000000000000000,5.2404877647107142,3.0000620142479200,-1.464034,-1.397387,2.8614211805848,4.0458223112206,0,1.5e-12
0.9959444112853367,0.0,0.0000000000000000,0.0000000000000000,0.0089478459764461,0.0000000000000000,5.2354877647107143,3.0000622964493080,-1.530033,-1.470500,3.0005334742629,4.2499142461741,0,3.6e-12
0.9959405607156965,0.0,0.0000000000000000,0.0000000000000000,0.0089321539208334,0.0000000000000000,5.2304877647107144,3.0000625823107145,-1.668689,-1.476987,3.1456758559355,4.4646316604695,0,3.3e-12
0.9959366925500834,0.0,0.0000000000000000,0.0000000000000000,0.0089162380474289,0.0000000000000000,5.2254877647107145,3.0000628719549103,-1.813698,-1.483494,3.2971922978812,4.6906105903716,0,1.5e-11
0.9959328060195582,0.0,0.0000000000000000,0.0000000000000000,0.0089000900918135,0.0000000000000000,5.2204877647107146,3.0000631655118819,-1.965428,-1.490025,3.4554522784580,4.9285355571046,0,4.5e-12
0.9959289003083227,0.0,0.0000000000000000,0.0000000000000000,0.0088837012874178,0.0000000000000000,5.2154877647107138,3.0000634631194432,-2.124274,-1.496579,3.6208532473607,5.1791443443252,0,4.4e-12
0.9959249745494267,0.0,0.0000000000000000,0.0000000000000000,0.0088670623209719,0.0000000000000000,5.2104877647107140,3.0000637649239255,-2.290664,-1.503160,3.7938233372351,5.4432332214880,0,1.6e-12
0.9959210278200782,0.0,0.0000000000000000,0.0000000000000000,0.0088501632831828,0.0000000000000000,5.2054877647107141,3.0000640710809452,-2.465057,-1.509768,3.9748244596662,5.7216629335317,0,4.7e-12
0.9959170591364218,0.0,0.0000000000000000,0.0000000000000000,0.0088329936134348,0.0000000000000000,5.2004877647107142,3.0000643817562596,-2.647951,-1.516405,4.1643557835595,6.0153654500395,0,4.3e-12
0.9959130674475445,0.0,0.0000000000000000,0.0000000000000000,0.0088155420375624,0.0000000000000000,5.1954877647107143,3.0000646971267320,-2.839885,-1.523073,4.3629576208840,6.3253514709127,0,7.1e-12
0.9959090516288499,0.0,0.0000000000000000,0.0000000000000000,0.0087977964979007,0.0000000000000000,5.1904877647107144,3.0000650173814170,-3.041442,-1.529774,4.5712159125894,6.6527191513627,0,5.9e-12
0.9959050104744472,0.0,0.0000000000000000,0.0000000000000000,0.0087797440741076,0.0000000000000000,5.1854877647107145,3.0000653427227886,-3.253256,-1.536511,4.7897672868738,6.9986639202297,0,1.5e-12
0.9959009426886164,0.0,0.0000000000000000,0.0000000000000000,0.0087613708934767,0.0000000000000000,5.1804877647107146,3.0000656733681277,-3.476020,-1.543285,5.0193047635893,7.3644895379563,0,5.6e-12
0.9958968468760168,0.0,0.0000000000000000,0.0000000000000000,0.0087426620287877,0.0000000000000000,5.1754877647107138,3.0000660095511082,-3.710485,-1.550100,5.2605844552900,7.7516211755853,0,6.8e-12
0.9958927215305008,0.0,0.0000000000000000,0.0000000000000000,0.0087236013816372,0.0000000000000000,5.1704877647107139,3.0000663515236026,-3.957476,-1.556957,5.5144330792960,8.1616199937943,0,4.6e-12
0.9958885650223058,0.0,0.0000000000000000,0.0000000000000000,0.0087041715485137,0.0000000000000000,5.1654877647107140,3.0000666995577574,-4.217897,-1.563860,5.7817568088976,8.5962004475831,0,5.0e-12
0.9958843755832172,0.0,0.0000000000000000,0.0000000000000000,0.0086843536665326,0.0000000000000000,5.1604877647107141,3.0000670539483827,-4.492739,-1.570812,6.0635513793252,9.0572499446458,0,8.8e-12
0.9958801512894409,0.0,0.0000000000000000,0.0000000000000000,0.0086641272348723,0.0000000000000000,5.1554877647107142,3.0000674150157169,-4.783097,-1.577817,6.3609139735908,9.5468520802204,0,3.5e-12
0.9958758900416099,0.0,0.0000000000000000,0.0000000000000000,0.0086434699068364,0.0000000000000000,5.1504877647107143,3.0000677831086473,-5.090179,-1.584878,6.6750570497402,10.0673136298983,0,8.3e-12
0.9958715895413975,0.0,0.0000000000000000,0.0000000000000000,0.0086223572469587,0.0000000000000000,5.1454877647107145,3.0000681586084696,-5.415325,-1.592000,7.0073247500489,10.6211967017341,0,8.5e-12
0.9958672472639936,0.0,0.0000000000000000,0.0000000000000000,0.0086007624449055,0.0000000000000000,5.1404877647107146,3.0000685419333162,-5.760025,-1.599187,7.3592121222401,11.2113562989790,0,8.6e-12
0.9958628604254609,0.0,0.0000000000000000,0.0000000000000000,0.0085786559770728,0.0000000000000000,5.1354877647107138,3.0000689335433952,-6.125944,-1.606444,7.7323881547196,11.8409854508318,0,1.2e-11
0.9958584259438265,0.0,0.0000000000000000,0.0000000000000000,0.0085560052034183,0.0000000000000000,5.1304877647107139,3.0000693339472249,-6.514947,-1.613777,8.1287233960982,12.5136694410546,0,7.2e-12
0.9958539403923619,0.0,0.0000000000000000,0.0000000000000000,0.0085327738833639,0.0000000000000000,5.1254877647107140,3.0000697437091279,-6.929131,-1.621192,8.5503232279235,13.2334510468094,0,8.8e-12
0.9958493999429940,0.0,0.0000000000000000,0.0000000000000000,0.0085089215907278,0.0000000000000000,5.1204877647107141,3.0000701634582785,-7.370872,-1.628696,8.9995683187325,14.0049100129732,0,8.3e-12
0.9958448002972412,0.0,0.0000000000000000,0.0000000000000000,0.0084844029998083,0.0000000000000000,5.1154877647107142,3.0000705938997454,-7.842867,-1.636297,9.4791644266073,14.8332610087436,0,3.5e-12
0.9958401366011063,0.0,0.0000000000000000,0.0000000000000000,0.0084591670067146,0.0000000000000000,5.1104877647107143,3.0000710358280784,-8.348200,-1.644004,9.9922037055963,15.7244739498411,0,8.2e-12
0.9958354033391364,0.0,0.0000000000000000,0.0000000000000000,0.0084331556365510,0.0000000000000000,5.1054877647107144,3.0000714901442058,-8.890415,-1.651827,10.5422422056886,16.6854273290830,0,1.8e-11
0.9958305942010951,0.0,0.0000000000000000,0.0000000000000000,0.0084063026693234,0.0000000000000000,5.1004877647107145,3.0000719578766741,-9.473619,-1.659777,11.1333968068678,17.7240986441590,0,1.2e-11
0.9958257019119490,0.0,0.0000000000000000,0.0000000000000000,0.0083785318896116,0.0000000000000000,5.0954877647107146,3.0000724402087076,-10.102601,-1.667868,11.7704697326661,18.8498092555539,0,2.0e-11
0.9958207180122480,0.0,0.0000000000000000,0.0000000000000000,0.0083497548277146,0.0000000000000000,5.0904877647107138,3.0000729385131106,-10.782996,-1.676116,12.4591121035507,20.0735503263470,0,7.5e-12
0.9958156325697677,0.0,0.0000000000000000,0.0000000000000000,0.0083198677963996,0.0000000000000000,5.0854877647107140,3.0000734543980601,-11.521498,-1.684538,13.2060350669318,21.4083946508255,0,1.9e-11
0.9958104337943294,0.0,0.0000000000000000,0.0000000000000000,0.0082887479364666,0.0000000000000000,5.0804877647107141,3.0000739897681994,-12.326144,-1.693155,14.0192993135067,22.8700745052924,0,8.9e-12
0.9958051075127234,0.0,0.0000000000000000,0.0000000000000000,0.0082562478317903,0.0000000000000000,5.0754877647107142,3.0000745469078192,-13.206711,-1.701995,14.9087057180888,24.4777489330021,0,1.4e-11
0.9957996364363049,0.0,0.0000000000000000,0.0000000000000000,0.0082221880048083,0.0000000000000000,5.0704877647107143,3.0000751285967686,-14.175261,-1.711087,15.8863479488923,26.2551018656114,0,2.9e-11
0.9957939991115139,0.0,0.0000000000000000,0.0000000000000000,0.0081863461737423,0.0000000000000000,5.0654877647107144,3.0000757382763523,-15.246939,-1.720473,16.9674119695142,28.2319437399510,0,4.9e-11
0.9957881683675386,0.0,0.0000000000000000,0.0000000000000000,0.0081484413774588,0.0000000000000000,5.0604877647107145,3.0000763802944501,-16.441126,-1.730200,18.1713247293855,30.4464057910789,0,5.9e-11
