x0,y0,z0,xd0,yd0,zd0,Tp,JC,stabilityIndex1,stabilityIndex2,alpha,beta,impactFlag,error
0.9971753731257795,0.0,0.0000000000000016,0.0000000000000000,-0.0038341753834299,0.0000080296541507,4.8293619511811459,3.0001429781068012,2.000000,-1.987725,-0.0122745530063,-1.9754508952325,0,2.1e-12
0.9971753737755494,0.0,-0.0000000000000843,0.0000000000000000,-0.0038341744288027,0.0000118027594170,4.8293629511811460,3.0001429780591824,2.000000,-1.987726,-0.0122741599984,-1.9754516819946,0,5.1e-12
0.9971753744253152,0.0,0.0000000000000784,0.0000000000000000,-0.0038341734741739,0.0000146333402030,4.8293639511811461,3.0001429780115636,2.000000,-1.987726,-0.0122737667191,-1.9754524682475,0,4.2e-12
0.9971753750750810,0.0,-0.0000000000000332,0.0000000000000000,-0.0038341725195470,0.0000169989445198,4.8293649511811454,3.0001429779639448,2.000000,-1.987727,-0.0122733733926,-1.9754532543671,0,3.7e-12
0.9971753757248464,0.0,0.0000000000000547,0.0000000000000000,-0.0038341715649199,0.0000190733728725,4.8293659511811455,3.0001429779163264,2.000000,-1.987727,-0.0122729801684,-1.9754540407782,0,1.9e-12
0.9971753763746116,0.0,0.0000000000000244,0.0000000000000000,-0.0038341706102940,0.0000209433268582,4.8293669511811457,3.0001429778687081,2.000000,-1.987727,-0.0122725871843,-1.9754548276684,0,3.8e-12
0.9971753770243766,0.0,-0.0000000000000228,0.0000000000000000,-0.0038341696556690,0.0000226594859084,4.8293679511811458,3.0001429778210893,2.000000,-1.987728,-0.0122721934930,-1.9754556132053,0,9.9e-13
0.9971753776741413,0.0,0.0000000000000752,0.0000000000000000,-0.0038341687010443,0.0000242545178265,4.8293689511811460,3.0001429777734709,2.000000,-1.987728,-0.0122718005536,-1.9754564002812,0,3.0e-12
0.9971753783239065,0.0,0.0000000000000073,0.0000000000000000,-0.0038341677464207,0.0000257509411935,4.8293699511811461,3.0001429777258526,2.000000,-1.987729,-0.0122714069159,-1.9754571860095,0,1.3e-12
0.9971753789736705,0.0,-0.0000000000000196,0.0000000000000000,-0.0038341667917977,0.0000271650547713,4.8293709511811453,3.0001429776782347,2.000000,-1.987729,-0.0122710138855,-1.9754579729463,0,2.6e-12
0.9971753796234345,0.0,0.0000000000000195,0.0000000000000000,-0.0038341658371753,0.0000285091111034,4.8293719511811455,3.0001429776306159,2.000000,-1.987729,-0.0122706207342,-1.9754587595594,0,2.4e-12
0.9971753802731984,0.0,0.0000000000000062,0.0000000000000000,-0.0038341648825541,0.0000297925930588,4.8293729511811456,3.0001429775829975,2.000000,-1.987730,-0.0122702271967,-1.9754595455302,0,2.1e-13
0.9971753809229623,0.0,0.0000000000001350,0.0000000000000000,-0.0038341639279367,0.0000310230193957,4.8293739511811458,3.0001429775353796,2.000000,-1.987730,-0.0122698336722,-1.9754603316167,0,4.5e-12
0.9971753815727257,0.0,0.0000000000000397,0.0000000000000000,-0.0038341629733135,0.0000322064726093,4.8293749511811459,3.0001429774877613,2.000000,-1.987731,-0.0122694409943,-1.9754611193155,0,2.9e-12
0.9971753822224888,0.0,-0.0000000000000237,0.0000000000000000,-0.0038341620186939,0.0000333479528656,4.8293759511811460,3.0001429774401429,2.000000,-1.987731,-0.0122690476674,-1.9754619057597,0,3.7e-12
0.9971753828722516,0.0,0.0000000000000187,0.0000000000000000,-0.0038341610640737,0.0000344516328430,4.8293769511811462,3.0001429773925246,2.000000,-1.987731,-0.0122686547982,-1.9754626931090,0,8.8e-12
0.9971753835220146,0.0,-0.0000000000000089,0.0000000000000000,-0.0038341601094583,0.0000355210360876,4.8293779511811454,3.0001429773449066,2.000000,-1.987732,-0.0122682611746,-1.9754634791131,0,3.0e-12
0.9971753841717774,0.0,0.0000000000000137,0.0000000000000000,-0.0038341591548425,0.0000365591709122,4.8293789511811456,3.0001429772972883,2.000000,-1.987732,-0.0122678678255,-1.9754642655757,0,3.3e-12
0.9971753848215396,0.0,-0.0000000000000192,0.0000000000000000,-0.0038341582002263,0.0000375686292604,4.8293799511811457,3.0001429772496704,2.000000,-1.987733,-0.0122674746986,-1.9754650526077,0,4.2e-12
0.9971753854713019,0.0,0.0000000000000127,0.0000000000000000,-0.0038341572456108,0.0000385516644290,4.8293809511811459,3.0001429772020525,2.000000,-1.987733,-0.0122670813723,-1.9754658391845,0,5.2e-12
0.9971753861210642,0.0,0.0000000000000127,0.0000000000000000,-0.0038341562909979,0.0000395102480811,4.8293819511811460,3.0001429771544346,2.000000,-1.987733,-0.0122666877239,-1.9754666252205,0,9.7e-13
0.9971753867708257,0.0,-0.0000000000000183,0.0000000000000000,-0.0038341553363832,0.0000404461188921,4.8293829511811461,3.0001429771068162,2.000000,-1.987734,-0.0122662943272,-1.9754674117063,0,1.5e-12
0.9971753874205873,0.0,0.0000000000000007,0.0000000000000000,-0.0038341543817706,0.0000413608188665,4.8293839511811454,3.0001429770591987,2.000000,-1.987734,-0.0122659009707,-1.9754681983573,0,8.3e-13
0.9971753880703487,0.0,-0.0000000000000109,0.0000000000000000,-0.0038341534271585,0.0000422557226792,4.8293849511811455,3.0001429770115813,2.000000,-1.987734,-0.0122655077489,-1.9754689852612,0,1.9e-12
0.9971753887201099,0.0,-0.0000000000000069,0.0000000000000000,-0.0038341524725478,0.0000431320626893,4.8293859511811457,3.0001429769639629,2.000000,-1.987735,-0.0122651142270,-1.9754697716227,0,4.5e-13
0.9971753893698708,0.0,-0.0000000000000067,0.0000000000000000,-0.0038341515179372,0.0000439909482895,4.8293869511811458,3.0001429769163455,2.000000,-1.987735,-0.0122647212590,-1.9754705591323,0,4.3e-12
0.9971753900196315,0.0,-0.0000000000000047,0.0000000000000000,-0.0038341505633274,0.0000448333825101,4.8293879511811459,3.0001429768687276,2.000000,-1.987736,-0.0122643278562,-1.9754713456998,0,4.1e-12
0.9971753906693921,0.0,-0.0000000000000051,0.0000000000000000,-0.0038341496087199,0.0000456602759980,4.8293889511811461,3.0001429768211101,2.000000,-1.987736,-0.0122639339975,-1.9754721315207,0,1.9e-12
0.9971753913191523,0.0,-0.0000000000000129,0.0000000000000000,-0.0038341486541107,0.0000464724585270,4.8293899511811453,3.0001429767734922,2.000000,-1.987736,-0.0122635411658,-1.9754729193560,0,3.9e-12
0.9971753919689124,0.0,0.0000000000000014,0.0000000000000000,-0.0038341476995034,0.0000472706881533,4.8293909511811455,3.0001429767258747,2.000000,-1.987737,-0.0122631476193,-1.9754737058101,0,3.4e-12
0.9971753926186728,0.0,0.0000000000000092,0.0000000000000000,-0.0038341467448971,0.0000480556606812,4.8293919511811456,3.0001429766782572,2.000000,-1.987737,-0.0122627543883,-1.9754744929230,0,3.6e-12
0.9971753932684320,0.0,0.0000000000000117,0.0000000000000000,-0.0038341457902913,0.0000488280141221,4.8293929511811458,3.0001429766306398,2.000000,-1.987738,-0.0122623609509,-1.9754752796505,0,3.4e-12
0.9971754582433209,0.0,-0.0000000000000110,0.0000000000000000,-0.0038340503336720,0.0000993319995445,4.8294929511811455,3.0001429718690744,2.000000,-1.987777,-0.0122229860472,-1.9755540291701,0,4.1e-12
0.9971755232160776,0.0,0.0000000000000005,0.0000000000000000,-0.0038339548848768,0.0001317162334786,4.8295929511811453,3.0001429671078848,2.000000,-1.987816,-0.0121835419832,-1.9756329178153,0,2.9e-12
0.9971755881867033,0.0,0.0000000000000194,0.0000000000000000,-0.0038338594439046,0.0001575789807667,4.8296929511811451,3.0001429623470708,2.000000,-1.987856,-0.0121440280523,-1.9757119439646,0,8.9e-13
0.9971756531551975,0.0,0.0000000000000038,0.0000000000000000,-0.0038337640107546,0.0001797574843627,4.8297929511811457,3.0001429575866316,2.000000,-1.987896,-0.0121044459532,-1.9757911106685,0,3.1e-12
0.9971757181215614,0.0,-0.0000000000000089,0.0000000000000000,-0.0038336685854266,0.0001994843860833,4.8298929511811455,3.0001429528265682,2.000000,-1.987935,-0.0120647941355,-1.9758704149912,0,1.4e-12
0.9971757830857949,0.0,0.0000000000000069,0.0000000000000000,-0.0038335731679186,0.0002174280031430,4.8299929511811452,3.0001429480668795,2.000000,-1.987975,-0.0120250737427,-1.9759498587618,0,5.2e-12
0.9971758480478987,0.0,-0.0000000000000018,0.0000000000000000,-0.0038334777582312,0.0002339989359577,4.8300929511811450,3.0001429433075666,2.000000,-1.988015,-0.0119852836942,-1.9760294398407,0,1.5e-12
0.9971759130078731,0.0,0.0000000000000112,0.0000000000000000,-0.0038333823563626,0.0002494708736459,4.8301929511811457,3.0001429385486280,2.000000,-1.988055,-0.0119454250470,-1.9761091601001,0,1.4e-12
0.9971759779657186,0.0,0.0000000000000024,0.0000000000000000,-0.0038332869623133,0.0002640370824294,4.8302929511811454,3.0001429337900656,2.000000,-1.988095,-0.0119054976769,-1.9761890190674,0,1.7e-12
0.9971760429214354,0.0,-0.0000000000000001,0.0000000000000000,-0.0038331915760811,0.0002778400518709,4.8303929511811452,3.0001429290318771,2.000000,-1.988135,-0.0118655014633,-1.9762690163569,0,1.4e-12
0.9971761078750241,0.0,0.0000000000000001,0.0000000000000000,-0.0038330961976662,0.0002909884145895,4.8304929511811450,3.0001429242740638,2.000000,-1.988175,-0.0118254365329,-1.9763491521334,0,1.6e-12
0.9971761728264851,0.0,0.0000000000000016,0.0000000000000000,-0.0038330008270675,0.0003035672412728,4.8305929511811456,3.0001429195166258,2.000000,-1.988215,-0.0117853031188,-1.9764294266548,0,2.4e-12
0.9971762377758189,0.0,0.0000000000000004,0.0000000000000000,-0.0038329054642844,0.0003156446295076,4.8306929511811454,3.0001429147595631,2.000000,-1.988255,-0.0117451009894,-1.9765098391248,0,1.5e-12
0.9971763027230257,0.0,-0.0000000000000005,0.0000000000000000,-0.0038328101093157,0.0003272760974697,4.8307929511811452,3.0001429100028747,2.000000,-1.988295,-0.0117048304180,-1.9765903901674,0,2.6e-12
0.9971763676681062,0.0,-0.0000000000000008,0.0000000000000000,-0.0038327147621612,0.0003385076152339,4.8308929511811449,3.0001429052465607,2.000000,-1.988336,-0.0116644918212,-1.9766710803290,0,5.4e-12
0.9971764326110606,0.0,-0.0000000000000009,0.0000000000000000,-0.0038326194228206,0.0003493777568048,4.8309929511811456,3.0001429004906219,2.000000,-1.988376,-0.0116240838647,-1.9767519067817,0,1.5e-12
0.9971764975518898,0.0,0.0000000000000030,0.0000000000000000,-0.0038325240912915,0.0003599192663072,4.8310929511811453,3.0001428957350575,2.000000,-1.988416,-0.0115836080253,-1.9768328723242,0,1.1e-12
0.9971765624905939,0.0,0.0000000000000300,0.0000000000000000,-0.0038324287675879,0.0003701602211825,4.8311929511811451,3.0001428909798680,2.000000,-1.988457,-0.0115430616268,-1.9769139716839,0,3.4e-11
0.9971766274271724,0.0,0.0000000000000015,0.0000000000000000,-0.0038323334516697,0.0003801249145618,4.8312929511811449,3.0001428862250532,2.000000,-1.988498,-0.0115024522816,-1.9769952190636,0,8.3e-13
0.9971766923616265,0.0,0.0000000000000012,0.0000000000000000,-0.0038322381435744,0.0003898345314828,4.8313929511811455,3.0001428814706124,2.000000,-1.988538,-0.0114617720436,-1.9770765992463,0,1.4e-12
0.9971767572939567,0.0,-0.0000000000000007,0.0000000000000000,-0.0038321428432877,0.0003993076800279,4.8314929511811453,3.0001428767165468,2.000000,-1.988579,-0.0114210241478,-1.9771581182951,0,2.1e-12
0.9971768222241638,0.0,0.0000000000000011,0.0000000000000000,-0.0038320475508104,0.0004085608093773,4.8315929511811451,3.0001428719628551,2.000000,-1.988620,-0.0113802079169,-1.9772397746765,0,6.1e-13
0.9971768871522476,0.0,-0.0000000000000010,0.0000000000000000,-0.0038319522661411,0.0004176085449795,4.8316929511811457,3.0001428672095383,2.000000,-1.988661,-0.0113393239781,-1.9773215694270,0,6.1e-13
0.9971769520782088,0.0,-0.0000000000000013,0.0000000000000000,-0.0038318569892786,0.0004264639598530,4.8317929511811455,3.0001428624565953,2.000000,-1.988702,-0.0112983724170,-1.9774035026420,0,3.1e-12
0.9971770170020476,0.0,-0.0000000000000002,0.0000000000000000,-0.0038317617202230,0.0004351387958760,4.8318929511811453,3.0001428577040272,2.000000,-1.988743,-0.0112573527633,-1.9774855730874,0,2.2e-12
0.9971770819237649,0.0,-0.0000000000000027,0.0000000000000000,-0.0038316664589733,0.0004436436461532,4.8319929511811450,3.0001428529518330,2.000000,-1.988784,-0.0112162653362,-1.9775677812591,0,4.3e-13
0.9971771468433603,0.0,0.0000000000000006,0.0000000000000000,-0.0038315712055284,0.0004519881064439,4.8320929511811457,3.0001428482000128,2.000000,-1.988825,-0.0111751105126,-1.9776501279023,0,3.0e-13
0.9971772117608350,0.0,-0.0000000000000014,0.0000000000000000,-0.0038314759598877,0.0004601809020073,4.8321929511811454,3.0001428434485673,2.000000,-1.988866,-0.0111338882429,-1.9777326125591,0,9.8e-13
0.9971772766761889,0.0,0.0000000000000002,0.0000000000000000,-0.0038313807220501,0.0004682299941725,4.8322929511811452,3.0001428386974949,2.000000,-1.988908,-0.0110925987550,-1.9778152354681,0,3.6e-12
0.9971773415894228,0.0,0.0000000000000007,0.0000000000000000,-0.0038312854920160,0.0004761426708872,4.8323929511811450,3.0001428339467973,2.000000,-1.988949,-0.0110512412180,-1.9778979950518,0,1.7e-12
0.9971774065005370,0.0,0.0000000000000011,0.0000000000000000,-0.0038311902697837,0.0004839256238680,4.8324929511811456,3.0001428291964736,2.000000,-1.988990,-0.0110098166118,-1.9779808928682,0,2.2e-12
0.9971774714095316,0.0,-0.0000000000000021,0.0000000000000000,-0.0038310950553518,0.0004915850146988,4.8325929511811454,3.0001428244465238,2.000000,-1.989032,-0.0109683250532,-1.9780639290900,0,4.8e-12
0.9971775363164074,0.0,-0.0000000000000013,0.0000000000000000,-0.0038309998487215,0.0004991265318904,4.8326929511811452,3.0001428196969480,2.000000,-1.989073,-0.0109267657490,-1.9781471019147,0,2.1e-12
0.9971776012211647,0.0,0.0000000000000011,0.0000000000000000,-0.0038309046498906,0.0005065554401973,4.8327929511811449,3.0001428149477456,2.000000,-1.989115,-0.0108851395854,-1.9782304130033,0,2.5e-12
0.9971776661238038,0.0,0.0000000000000026,0.0000000000000000,-0.0038308094588575,0.0005138766235300,4.8328929511811456,3.0001428101989176,2.000000,-1.989157,-0.0108434463865,-1.9783138617749,0,4.2e-12
0.9971777310243256,0.0,-0.0000000000000018,0.0000000000000000,-0.0038307142756253,0.0005210946224388,4.8329929511811454,3.0001428054504626,2.000000,-1.989199,-0.0108016859684,-1.9783974477533,0,2.0e-12
0.9971777959227298,0.0,-0.0000000000000016,0.0000000000000000,-0.0038306191001890,0.0005282136670400,4.8330929511811451,3.0001428007023820,2.000000,-1.989240,-0.0107598588565,-1.9784811717259,0,1.0e-12
0.9971778608190172,0.0,-0.0000000000000024,0.0000000000000000,-0.0038305239325489,0.0005352377058959,4.8331929511811449,3.0001427959546749,2.000000,-1.989282,-0.0107179649549,-1.9785650333098,0,3.0e-12
0.9971779257131884,0.0,-0.0000000000000008,0.0000000000000000,-0.0038304287727062,0.0005421704315958,4.8332929511811455,3.0001427912073417,2.000000,-1.989324,-0.0106760039917,-1.9786490319890,0,2.1e-12
0.9971779906052435,0.0,0.0000000000178141,0.0000000000021849,-0.0038303336206579,0.0005490153033913,4.8333929511811453,3.0001427864603816,2.000000,-1.989366,-0.0106339764302,-1.9787331683416,0,2.0e-12
0.9971783150337937,0.0,-0.0000000000348710,-0.0000000000045354,-0.0038298579773219,0.0005820289586160,4.8338929511811450,3.0001427627311830,2.000000,-1.989578,-0.0104228398768,-1.9791559104520,0,1.3e-12
0.9971786394095060,0.0,-0.0000000000861169,-0.0000000000118013,-0.0038293825287524,0.0006132608811229,4.8343929511811456,3.0001427390113160,2.000001,-1.989790,-0.0102100459929,-1.9795820853062,0,1.3e-12
0.9971789637324349,0.0,-0.0000000000163207,-0.0000000000023458,-0.0038289072748634,0.0006429707695726,4.8348929511811454,3.0001427153007754,2.000001,-1.990005,-0.0099956024507,-1.9800116869925,0,1.5e-12
0.9971792880026308,0.0,0.0000000000075032,0.0000000000011263,-0.0038284322155570,0.0006713607252528,4.8353929511811451,3.0001426915995530,2.000001,-1.990221,-0.0097795183651,-1.9804447124425,0,5.3e-12
0.9971796122201465,0.0,-0.0000000000135009,-0.0000000000021090,-0.0038279573507445,0.0006985916941576,4.8358929511811457,3.0001426679076442,2.000001,-1.990439,-0.0095618008287,-1.9808811545053,0,3.5e-12
0.9971799363850342,0.0,0.0000000000390165,0.0000000000063241,-0.0038274826803281,0.0007247943252395,4.8363929511811454,3.0001426442250425,2.000001,-1.990659,-0.0093424606447,-1.9813210133495,0,4.5e-12
0.9971802604973466,0.0,0.0000000000172325,0.0000000000028912,-0.0038270082042227,0.0007500764013275,4.8368929511811452,3.0001426205517414,2.000002,-1.990880,-0.0091215039782,-1.9817642801846,0,1.3e-12
0.9971805845571355,0.0,0.0000000000020358,0.0000000000003528,-0.0038265339223301,0.0007745280789487,4.8373929511811449,3.0001425968877355,2.000002,-1.991103,-0.0088989412214,-1.9822109541926,0,2.5e-12
0.9971809085644535,0.0,0.0000000000012501,0.0000000000002235,-0.0038260598345602,0.0007982256784938,4.8378929511811455,3.0001425732330183,2.000003,-1.991328,-0.0086747804332,-1.9826610302280,0,1.1e-11
0.9971812325193533,0.0,-0.0000000000019708,-0.0000000000003625,-0.0038255859408255,0.0008212344867107,4.8383929511811452,3.0001425495875842,2.000003,-1.991554,-0.0084490280954,-1.9831145001576,0,2.5e-12
0.9971815564218862,0.0,-0.0000000000091226,-0.0000000000017225,-0.0038251122410279,0.0008436108689839,4.8388929511811449,3.0001425259514263,2.000004,-1.991782,-0.0082216955660,-1.9835713650374,0,6.6e-12
0.9971818802721054,0.0,0.0000000000000324,0.0000000000000064,-0.0038246387350812,0.0008654038885257,4.8393929511811455,3.0001425023245387,2.000004,-1.992012,-0.0079927894675,-1.9840316168382,0,4.4e-12
0.9971822040700629,0.0,0.0000000000041706,0.0000000000008277,-0.0038241654228893,0.0008866565661639,4.8398929511811453,3.0001424787069166,2.000005,-1.992243,-0.0077623194238,-1.9844952534210,0,1.2e-11
0.9971825278158113,0.0,-0.0000000000007478,-0.0000000000001519,-0.0038236923043696,0.0009074068737384,4.8403929511811450,3.0001424550985520,2.000006,-1.992475,-0.0075302920931,-1.9849622669393,0,1.3e-12
0.9971828515094029,0.0,-0.0000000000053930,-0.0000000000011208,-0.0038232193794257,0.0009276885269259,4.8408929511811456,3.0001424314994400,2.000007,-1.992710,-0.0072967177025,-1.9854326562029,0,3.6e-12
0.9971831751508892,0.0,-0.0000000000006450,-0.0000000000001369,-0.0038227466479630,0.0009475316247250,4.8413929511811453,3.0001424079095740,2.000007,-1.992946,-0.0070616049734,-1.9859064173163,0,2.5e-12
0.9971834987403233,0.0,0.0000000000001337,0.0000000000000290,-0.0038222741098986,0.0009669631705700,4.8418929511811450,3.0001423843289485,2.000008,-1.993183,-0.0068249607136,-1.9863835426207,0,1.7e-12
0.9971838222777574,0.0,0.0000000000009945,0.0000000000002201,-0.0038218017651350,0.0009860075006116,4.8423929511811457,3.0001423607575575,2.000009,-1.993423,-0.0065867964741,-1.9868640336094,0,1.8e-11
0.9971841457632441,0.0,-0.0000000000006090,-0.0000000000001371,-0.0038213296135931,0.0010046866387098,4.8428929511811454,3.0001423371953941,2.000011,-1.993663,-0.0063471157385,-1.9873478761395,0,5.4e-12
0.9971844691968353,0.0,-0.0000000000004411,-0.0000000000001011,-0.0038208576551738,0.0010230205929437,4.8433929511811451,3.0001423136424532,2.000012,-1.993906,-0.0061059305830,-1.9878350728001,0,2.7e-12
0.9971847925785835,0.0,-0.0000000000008710,-0.0000000000002033,-0.0038203858897895,0.0010410276048702,4.8438929511811448,3.0001422900987285,2.000013,-1.994150,-0.0058632488043,-1.9883256177432,0,2.2e-12
0.9971851159085410,0.0,0.0000000000047836,0.0000000000011358,-0.0038199143173490,0.0010587243605681,4.8443929511811454,3.0001422665642132,2.000014,-1.994395,-0.0056190795909,-1.9888195078792,0,1.4e-11
0.9971854391867604,0.0,-0.0000000000002446,-0.0000000000000590,-0.0038194429377708,0.0010761261702578,4.8448929511811452,3.0001422430389022,2.000016,-1.994642,-0.0053734286362,-1.9893167334401,0,3.0e-12
0.9971857624132937,0.0,-0.0000000000002643,-0.0000000000000649,-0.0038189717509574,0.0010932471221974,4.8453929511811449,3.0001422195227891,2.000017,-1.994891,-0.0051263071565,-1.9898172951332,0,8.9e-13
0.9971860855881934,0.0,-0.0000000000002755,-0.0000000000000686,-0.0038185007568227,0.0011101002150028,4.8458929511811455,3.0001421960158683,2.000019,-1.995141,-0.0048777227129,-1.9903211867531,0,2.1e-12
0.9971864087115120,0.0,-0.0000000000007419,-0.0000000000001875,-0.0038180299552778,0.0011266974722074,4.8463929511811452,3.0001421725181325,2.000021,-1.995393,-0.0046276836975,-1.9908284036138,0,2.6e-12
0.9971867317833016,0.0,-0.0000000000001087,-0.0000000000000278,-0.0038175593462341,0.0011430500417089,4.8468929511811449,3.0001421490295779,2.000023,-1.995647,-0.0043761986432,-1.9913389412631,0,4.4e-12
0.9971870548036147,0.0,-0.0000000000019143,-0.0000000000004982,-0.0038170889296036,0.0011591682825786,4.8473929511811447,3.0001421255501963,2.000025,-1.995902,-0.0041232757011,-1.9918527946997,0,4.1e-12
0.9971873777725041,0.0,-0.0000000000263613,-0.0000000000069558,-0.0038166187052983,0.0011750618411100,4.8478929511811453,3.0001421020799834,2.000027,-1.996158,-0.0038689234521,-1.9923699595867,0,2.4e-12
0.9971877006900208,0.0,-0.0000000000002501,-0.0000000000000668,-0.0038161486732291,0.0011907397176126,4.8483929511811450,3.0001420786189321,2.000029,-1.996416,-0.0036131506281,-1.9928904317852,0,4.0e-12
0.9971880235562186,0.0,-0.0000000000008946,-0.0000000000002425,-0.0038156788333090,0.0012062103255664,4.8488929511811447,3.0001420551670361,2.000032,-1.996676,-0.0033559650044,-1.9934142055388,0,2.1e-12
0.9971883463711494,0.0,-0.0000000000000353,-0.0000000000000096,-0.0038152091854507,0.0012214815437242,4.8493929511811453,3.0001420317242906,2.000034,-1.996937,-0.0030973752535,-1.9939412766297,0,1.0e-13
0.9971886691348655,0.0,-0.0000000000000021,-0.0000000000000005,-0.0038147397295655,0.0012365607626074,4.8498929511811451,3.0001420082906898,2.000037,-1.997199,-0.0028373911026,-1.9944716429643,0,4.2e-12
0.9971889918474193,0.0,0.0000000000003150,0.0000000000000887,-0.0038142704655661,0.0012514549258493,4.8503929511811448,3.0001419848662261,2.000039,-1.997463,-0.0025760190418,-1.9950052960735,0,5.2e-12
0.9971893145088632,0.0,-0.0000000000002548,-0.0000000000000724,-0.0038138013933659,0.0012661705671565,4.8508929511811454,3.0001419614508951,2.000042,-1.997729,-0.0023132684060,-1.9955422330851,0,8.6e-12
0.9971896371192497,0.0,-0.0000000000002054,-0.0000000000000590,-0.0038133325128799,0.0012807138434353,4.8513929511811451,3.0001419380446892,2.000045,-1.997996,-0.0020491468250,-1.9960824479494,0,2.9e-12
0.9971899596786311,0.0,-0.0000000000002620,-0.0000000000000762,-0.0038128638240180,0.0012950905645420,4.8518929511811448,3.0001419146476040,2.000048,-1.998265,-0.0017836640419,-1.9966259383714,0,4.0e-12
0.9971902821870599,0.0,-0.0000000000002024,-0.0000000000000596,-0.0038123953266956,0.0013093062200886,4.8523929511811454,3.0001418912596334,2.000052,-1.998535,-0.0015168271206,-1.9971726971111,0,3.1e-13
0.9971906046445882,0.0,0.0000000000012697,0.0000000000003783,-0.0038119270208249,0.0013233660036340,4.8528929511811452,3.0001418678807701,2.000055,-1.998806,-0.0012486459779,-1.9977227223530,0,4.4e-12
0.9971909270512689,0.0,-0.0000000000004556,-0.0000000000001373,-0.0038114589063216,0.0013372748345942,4.8533929511811449,3.0001418445110097,2.000059,-1.999079,-0.0009791274322,-1.9982760062674,0,2.4e-12
0.9971912494071539,0.0,-0.0000000000003682,-0.0000000000001118,-0.0038109909830973,0.0013510373780789,4.8538929511811455,3.0001418211503452,2.000062,-1.999354,-0.0007082809427,-1.9988325462104,0,2.8e-12
0.9971915717122959,0.0,0.0000000000004572,0.0000000000001403,-0.0038105232510664,0.0013646580629494,4.8543929511811452,3.0001417977987712,2.000066,-1.999630,-0.0004361146517,-1.9993923368350,0,7.0e-12
0.9971918939667473,0.0,0.0000000000002272,0.0000000000000703,-0.0038100557101464,0.0013781410982427,4.8548929511811449,3.0001417744562819,2.000070,-1.999908,-0.0001626365073,-1.9999553726306,0,3.2e-12
0.9971922161705605,0.0,-0.0000000000000964,-0.0000000000000302,-0.0038095883602483,0.0013914904881660,4.8553929511811447,3.0001417511228707,-2.000186,2.000074,0.0001121445290,-2.0005216499376,0,3.9e-12
0.9971925383237880,0.0,-0.0000000000000391,-0.0000000000000124,-0.0038091212012884,0.0014047100457911,4.8558929511811453,3.0001417277985327,-2.000467,2.000079,0.0003882204427,-2.0010911630744,0,2.8e-12
0.9971928604264820,0.0,-0.0000000000003912,-0.0000000000001249,-0.0038086542331809,0.0014178034056015,4.8563929511811450,3.0001417044832608,-2.000749,2.000083,0.0006655830798,-2.0016639067830,0,9.0e-13
0.9971931824786952,0.0,0.0000000000001711,0.0000000000000551,-0.0038081874558406,0.0014307740349957,4.8568929511811447,3.0001416811770496,-2.001032,2.000088,0.0009442228235,-2.0022398788365,0,3.3e-13
0.9971935044804778,0.0,0.0000000000008471,0.0000000000002788,-0.0038077208691547,0.0014436252448676,4.8573929511811453,3.0001416578798938,-2.001317,2.000093,0.0012241213409,-2.0028190928680,0,1.3e-10
0.9971938264318886,0.0,0.0000000000000878,0.0000000000000290,-0.0038072544731251,0.0014563601992733,4.8578929511811451,3.0001416345917860,-2.001603,2.000098,0.0015053034302,-2.0034014816857,0,1.4e-12
0.9971941483329737,0.0,-0.0000000000000355,-0.0000000000000117,-0.0038067882675803,0.0014689819245061,4.8583929511811448,3.0001416113127224,-2.001891,2.000103,0.0017877269471,-2.0039871039894,0,3.3e-13
0.9971944701837878,0.0,-0.0000000000002916,-0.0000000000000973,-0.0038063222524641,0.0014814933172532,4.8588929511811454,3.0001415880426947,-2.002180,2.000108,0.0020713948474,-2.0045759335018,0,1.7e-12
0.9971947919843831,0.0,-0.0000000000001516,-0.0000000000000508,-0.0038058564276940,0.0014938971522880,4.8593929511811451,3.0001415647816989,-2.002470,2.000114,0.0023562989354,-2.0051679651384,0,1.8e-12
0.9971951137348122,0.0,0.0000000000000722,0.0000000000000250,-0.0038053907931841,0.0015061960895411,4.8598929511811448,3.0001415415297288,-2.002762,2.000120,0.0026424300572,-2.0057631953896,0,8.6e-12
0.9971954354351278,0.0,-0.0000000000005494,-0.0000000000001879,-0.0038049253488554,0.0015183926806459,4.8603929511811454,3.0001415182867781,-2.003055,2.000125,0.0029297823543,-2.0063616146075,0,2.3e-12
0.9971957570853821,0.0,-0.0000000000001209,-0.0000000000000415,-0.0038044600946180,0.0015304893750206,4.8608929511811452,3.0001414950528402,-2.003350,2.000132,0.0032183439891,-2.0069632244393,0,2.6e-12
0.9971960786856277,0.0,0.0000000000004676,0.0000000000001628,-0.0038039950303929,0.0015424885255118,4.8613929511811449,3.0001414718279102,-2.003646,2.000138,0.0035081090177,-2.0075680153584,0,1.4e-12
0.9971964002359169,0.0,-0.0000000000001308,-0.0000000000000460,-0.0038035301560945,0.0015543923936586,4.8618929511811455,3.0001414486119824,-2.003943,2.000144,0.0037990677164,-2.0081759850253,0,2.7e-12
0.9971967217363024,0.0,-0.0000000000000519,-0.0000000000000180,-0.0038030654716410,0.0015662031545695,4.8623929511811452,3.0001414254050505,-2.004242,2.000151,0.0040912125023,-2.0087871270601,0,3.2e-12
0.9971970431868367,0.0,-0.0000000000001166,-0.0000000000000415,-0.0038026009769504,0.0015779229014881,4.8628929511811450,3.0001414022071091,-2.004542,2.000158,0.0043845350979,-2.0094014362120,0,2.1e-12
0.9971973645875720,0.0,0.0000000000000643,0.0000000000000233,-0.0038021366719380,0.0015895536500506,4.8633929511811447,3.0001413790181513,-2.004844,2.000165,0.0046790267181,-2.0100189084968,0,2.1e-12
0.9971976859385614,0.0,-0.0000000000023351,-0.0000000000008442,-0.0038016725565234,0.0016010973422516,4.8638929511811453,3.0001413558381715,-2.005147,2.000172,0.0049746796304,-2.0106395374915,0,4.9e-13
0.9971980072398567,0.0,-0.0000000000001733,-0.0000000000000631,-0.0038012086306224,0.0016125558501650,4.8643929511811450,3.0001413326671651,-2.005451,2.000180,0.0052714842547,-2.0112633207581,0,3.0e-12
0.9971983284915110,0.0,-0.0000000000000938,-0.0000000000000342,-0.0038007448941539,0.0016239309794280,4.8648929511811447,3.0001413095051257,-2.005757,2.000188,0.0055694334377,-2.0118902508823,0,3.6e-12
0.9971986496935766,0.0,-0.0000000000002413,-0.0000000000000890,-0.0038002813470370,0.0016352244724885,4.8653929511811453,3.0001412863520462,-2.006064,2.000196,0.0058685187635,-2.0125203230198,0,7.9e-13
0.9971989708461061,0.0,-0.0000000000001422,-0.0000000000000530,-0.0037998179891883,0.0016464380116668,4.8658929511811451,3.0001412632079218,-2.006372,2.000204,0.0061687311988,-2.0131535334442,0,2.7e-12
0.9971992919491519,0.0,-0.0000000000001461,-0.0000000000000547,-0.0037993548205267,0.0016575732220280,4.8663929511811448,3.0001412400727472,-2.006682,2.000212,0.0064700627494,-2.0137898762832,0,3.0e-12
0.9971996130027666,0.0,0.0000000000000561,0.0000000000000212,-0.0037988918409712,0.0016686316740705,4.8668929511811454,3.0001412169465156,-2.006993,2.000221,0.0067725055893,-2.0144293455975,0,1.4e-12
0.9971999340070028,0.0,-0.0000000000000689,-0.0000000000000262,-0.0037984290504401,0.0016796148862638,4.8673929511811451,3.0001411938292217,-2.007306,2.000230,0.0070760505674,-2.0150719379983,0,1.8e-12
0.9972002549619130,0.0,-0.0000000000000840,-0.0000000000000319,-0.0037979664488523,0.0016905243274331,4.8678929511811448,3.0001411707208594,-2.007619,2.000239,0.0073806899486,-2.0157176469400,0,1.7e-12
0.9972005758675500,0.0,0.0000000000005150,0.0000000000001986,-0.0037975040361318,0.0017013614189967,4.8683929511811455,3.0001411476214233,-2.007934,2.000248,0.0076864168955,-2.0163664647173,0,1.8e-11
0.9972008967239657,0.0,-0.0000000000000125,-0.0000000000000051,-0.0037970418121845,0.0017121275371129,4.8688929511811452,3.0001411245309071,-2.008251,2.000257,0.0079932177066,-2.0170183962330,0,3.2e-12
0.9972012558252792,0.0,-0.0000000000000005,0.0000000000000000,-0.0037965246326752,0.0017240963477758,4.8694526402133675,3.0001410986944634,-2.008606,2.000268,0.0083379140357,-2.0177518286409,0,3.7e-12
0.9972016216395201,0.0,0.0000000000000002,0.0000000000000000,-0.0037959979370910,0.0017362031332119,4.8700228905341918,3.0001410723819673,-2.008970,2.000280,0.0086904810484,-2.0185030896877,0,1.8e-12
0.9972019942935534,0.0,-0.0000000000000000,0.0000000000000000,-0.0037954615513701,0.0017484491304257,4.8706039053695633,3.0001410455846838,-2.009343,2.000292,0.0090511076763,-2.0192726675489,0,1.5e-12
0.9972023739166976,0.0,0.0000000000000000,0.0000000000000000,-0.0037949152983061,0.0017608355867138,4.8711958920058862,3.0001410182937160,-2.009725,2.000305,0.0094199901719,-2.0200610599369,0,1.5e-12
0.9972027606407706,0.0,-0.0000000000000004,0.0000000000000000,-0.0037943589974960,0.0017733637597316,4.8717990618731317,3.0001409905000078,-2.010115,2.000318,0.0097973276064,-2.0208687831697,0,4.6e-13
0.9972031546001385,0.0,0.0000000000000001,0.0000000000000000,-0.0037937924652897,0.0017860349175949,4.8724136306295911,3.0001409621943380,-2.010515,2.000332,0.0101833242141,-2.0216963677754,0,4.9e-13
0.9972035559317644,0.0,-0.0000000000000000,0.0000000000000000,-0.0037932155147345,0.0017988503389770,4.8730398182483254,3.0001409333673181,-2.010924,2.000346,0.0105781883580,-2.0225443619303,0,3.9e-12
0.9972039647752577,0.0,-0.0000000000000001,0.0000000000000000,-0.0037926279555248,0.0018118113131998,4.8736778491053618,3.0001409040093883,-2.011343,2.000361,0.0109821350511,-2.0234133267542,0,1.3e-12
0.9972043812729262,0.0,-0.0000000000000002,0.0000000000000000,-0.0037920295939451,0.0018249191403252,4.8743279520696605,3.0001408741108180,-2.011773,2.000377,0.0113953823530,-2.0243038439621,0,5.4e-13
0.9972048055698260,0.0,-0.0000000000000002,0.0000000000000000,-0.0037914202328175,0.0018381751312454,4.8749903605948814,3.0001408436617001,-2.012212,2.000394,0.0118181539477,-2.0252165117854,0,9.3e-13
0.9972052378138154,0.0,0.0000000000000001,0.0000000000000000,-0.0037907996714462,0.0018515806077697,4.8756653128130010,3.0001408126519489,-2.012662,2.000411,0.0122506788694,-2.0261519459196,0,4.6e-13
0.9972056781556079,0.0,-0.0000000000000004,0.0000000000000000,-0.0037901677055627,0.0018651369027119,4.8763530516298035,3.0001407810712966,-2.013123,2.000430,0.0126931911572,-2.0271107809589,0,6.6e-13
0.9972061267488264,0.0,-0.0000000000000001,0.0000000000000000,-0.0037895241272698,0.0018788453599737,4.8770538248222906,3.0001407489092915,-2.013595,2.000449,0.0131459302071,-2.0280936706430,0,3.8e-13
0.9972065837500587,0.0,-0.0000000000000001,0.0000000000000000,-0.0037888687249841,0.0018927073346262,4.8777678851380450,3.0001407161552964,-2.014078,2.000469,0.0136091401198,-2.0291012895801,0,6.5e-13
0.9972070493189139,0.0,-0.0000000000000000,0.0000000000000000,-0.0037882012833804,0.0019067241929934,4.8784954903965874,3.0001406827984796,-2.014573,2.000490,0.0140830710846,-2.0301343312576,0,5.6e-13
0.9972075236180805,0.0,-0.0000000000000003,0.0000000000000000,-0.0037875215833355,0.0019208973127362,4.8792369035927603,3.0001406488278195,-2.015080,2.000512,0.0145679784456,-2.0311935107788,0,1.1e-12
0.9972080068133823,0.0,-0.0000000000000001,0.0000000000000000,-0.0037868294018687,0.0019352280828979,4.8799923930022233,3.0001406142320977,-2.015600,2.000536,0.0150641220973,-2.0322795667257,0,1.9e-12
0.9972084990738410,0.0,0.0000000000000000,0.0000000000000000,-0.0037861245120852,0.0019497179040291,4.8807622322889923,3.0001405789998943,-2.016132,2.000560,0.0155717690999,-2.0333932566272,0,1.6e-12
0.9972090005717343,0.0,0.0000000000000001,0.0000000000000000,-0.0037854066831173,0.0019643681882278,4.8815467006152025,3.0001405431195889,-2.016677,2.000586,0.0160911908282,-2.0345353634299,0,7.1e-13
0.9972095114826584,0.0,0.0000000000000001,0.0000000000000000,-0.0037846756800656,0.0019791803592159,4.8823460827530489,3.0001405065793549,-2.017235,2.000613,0.0166226639609,-2.0357066944829,0,7.8e-13
0.9972100319855897,0.0,-0.0000000000000000,0.0000000000000000,-0.0037839312639412,0.0019941558524121,4.8831606691989693,3.0001404693671558,-2.017807,2.000641,0.0171664715958,-2.0369080796506,0,1.9e-12
0.9972105622629492,0.0,0.0000000000000002,0.0000000000000000,-0.0037831731916063,0.0020092961149953,4.8839907562901255,3.0001404314707441,-2.018393,2.000671,0.0177229020865,-2.0381403748100,0,4.8e-13
0.9972111025006672,0.0,-0.0000000000000002,0.0000000000000000,-0.0037824012157134,0.0020246026059737,4.8848366463232171,3.0001403928776558,-2.018994,2.000702,0.0182922484856,-2.0394044632436,0,1.4e-12
0.9972116528882484,0.0,0.0000000000000000,0.0000000000000000,-0.0037816150846473,0.0020400767962431,4.8856986476756843,3.0001403535752100,-2.019609,2.000734,0.0188748109460,-2.0407012523356,0,1.2e-12
0.9972122136188393,0.0,0.0000000000000001,0.0000000000000000,-0.0037808145424645,0.0020557201686524,4.8865770749293382,3.0001403135505038,-2.020239,2.000769,0.0194708939254,-2.0420316789391,0,6.0e-13
0.9972127848892964,0.0,0.0000000000000001,0.0000000000000000,-0.0037799993288343,0.0020715342180579,4.8874722489964801,3.0001402727904076,-2.020885,2.000805,0.0200808075935,-2.0433967082176,0,2.4e-12
0.9972133669002559,0.0,-0.0000000000000002,0.0000000000000000,-0.0037791691789775,0.0020875204513844,4.8883844972485457,3.0001402312815646,-2.021547,2.000842,0.0207048680607,-2.0447973332007,0,5.7e-13
0.9972139598562030,0.0,-0.0000000000000004,0.0000000000000000,-0.0037783238236068,0.0021036803876773,4.8893141536473372,3.0001401890103869,-2.022225,2.000882,0.0213433956928,-2.0462345793258,0,1.2e-12
0.9972145639655450,0.0,-0.0000000000000003,0.0000000000000000,-0.0037774629888669,0.0021200155581558,4.8902615588788896,3.0001401459630506,-2.022920,2.000924,0.0219967172703,-2.0477095004808,0,1.7e-12
0.9972151794406835,0.0,-0.0000000000000003,0.0000000000000000,-0.0037765863962747,0.0021365275062644,4.8912270604900270,3.0001401021254939,-2.023633,2.000967,0.0226651643177,-2.0492231836289,0,8.6e-13
0.9972158064980888,0.0,0.0000000000000001,0.0000000000000000,-0.0037756937626581,0.0021532177877196,4.8922110130276639,3.0001400574834136,-2.024363,2.001013,0.0233490727105,-2.0507767492941,0,8.0e-13
0.9972164453583755,0.0,-0.0000000000000001,0.0000000000000000,-0.0037747848000977,0.0021700879705591,4.8932137781809013,3.0001400120222610,-2.025111,2.001062,0.0240487843115,-2.0523713498106,0,1.5e-12
0.9972170962463794,0.0,0.0000000000000000,0.0000000000000000,-0.0037738592158652,0.0021871396351914,4.8942357249259807,3.0001399657272381,-2.025877,2.001113,0.0247646451848,-2.0540081731483,0,9.7e-13
0.9972177593912347,0.0,-0.0000000000000002,0.0000000000000000,-0.0037729167123663,0.0022043743744101,4.8952772296741784,3.0001399185832978,-2.026663,2.001166,0.0254970054438,-2.0556884434660,0,3.3e-13
0.9972184350264551,0.0,-0.0000000000000003,0.0000000000000000,-0.0037719569870791,0.0022217937934787,4.8963386764226158,3.0001398705751336,-2.027468,2.001222,0.0262462204615,-2.0574134199412,0,8.8e-13
0.9972191233900137,0.0,-0.0000000000000002,0.0000000000000000,-0.0037709797324964,0.0022393995101402,4.8974204569081605,3.0001398216871853,-2.028293,2.001281,0.0270126487287,-2.0591844010661,0,1.9e-12
0.9972198247244254,0.0,-0.0000000000000000,0.0000000000000000,-0.0037699846360676,0.0022571931546600,4.8985229707644020,3.0001397719036262,-2.029139,2.001343,0.0277966525913,-2.0610027234264,0,5.1e-13
0.9972205392768305,0.0,-0.0000000000000004,0.0000000000000000,-0.0037689713801394,0.0022751763698625,4.8996466256817852,3.0001397212083654,-2.030006,2.001408,0.0285985982975,-2.0628697626748,0,1.8e-12
0.9972212672990800,0.0,0.0000000000000000,0.0000000000000000,-0.0037679396418997,0.0022933508111618,4.9007918375709760,3.0001396695850455,-2.030895,2.001476,0.0294188552979,-2.0647869344861,0,1.9e-12
0.9972220090478223,0.0,-0.0000000000000003,0.0000000000000000,-0.0037668890933205,0.0023117181465963,4.9019590307295102,3.0001396170170325,-2.031806,2.001548,0.0302577954165,-2.0667556970196,0,6.6e-13
0.9972227647845910,0.0,0.0000000000000000,0.0000000000000000,-0.0037658194011010,0.0023302800568562,4.9031486380118059,3.0001395634874193,-2.032739,2.001623,0.0311157919590,-2.0687775524977,0,6.4e-13
0.9972235347758951,0.0,-0.0000000000000001,0.0000000000000000,-0.0037647302266137,0.0023490382353117,4.9043611010025998,3.0001395089790193,-2.033696,2.001703,0.0319932205067,-2.0708540461839,0,2.5e-12
0.9972243192933096,0.0,-0.0000000000000001,0.0000000000000000,-0.0037636212258486,0.0023679943880410,4.9055968701938824,3.0001394534743628,-2.034676,2.001786,0.0328904586666,-2.0729867663547,0,1.7e-12
0.9972251186135686,0.0,-0.0000000000000005,0.0000000000000000,-0.0037624920493606,0.0023871502338537,4.9068564051653976,3.0001393969556949,-2.035682,2.001874,0.0338078835335,-2.0751773495180,0,1.4e-12
0.9972259330186600,0.0,-0.0000000000000001,0.0000000000000000,-0.0037613423422178,0.0024065075043174,4.9081401747687883,3.0001393394049689,-2.036712,2.001966,0.0347458726131,-2.0774274783792,0,5.3e-13
0.9972267627959212,0.0,-0.0000000000000001,0.0000000000000000,-0.0037601717439493,0.0024260679437670,4.9094486573154636,3.0001392808038481,-2.037768,2.002063,0.0357048021090,-2.0797388848661,0,1.5e-12
0.9972276082381371,0.0,-0.0000000000000002,0.0000000000000000,-0.0037589798884950,0.0024458333093531,4.9107823407682334,3.0001392211336979,-2.038850,2.002165,0.0366850476413,-2.0821133481039,0,1.4e-13
0.9972284696436398,0.0,-0.0000000000000004,0.0000000000000000,-0.0037577664041589,0.0024658053710344,4.9121417229368518,3.0001391603755847,-2.039959,2.002272,0.0376869809115,-2.0845527007747,0,3.0e-12
0.9972293473164097,0.0,-0.0000000000000002,0.0000000000000000,-0.0037565309135609,0.0024859859116155,4.9135273116774743,3.0001390985102727,-2.041096,2.002385,0.0387109726607,-2.0870588218346,0,6.2e-13
0.9972302415661782,0.0,-0.0000000000000001,0.0000000000000000,-0.0037552730335928,0.0025063767267435,4.9149396250961841,3.0001390355182185,-2.042261,2.002503,0.0397573862384,-2.0896336490145,0,9.0e-13
0.9972311527085337,0.0,-0.0000000000000000,0.0000000000000000,-0.0037539923753735,0.0025269796249482,4.9163791917565902,3.0001389713795708,-2.043455,2.002628,0.0408265821943,-2.0922791679617,0,1.7e-13
0.9972320810650276,0.0,-0.0000000000000004,0.0000000000000000,-0.0037526885442086,0.0025477964276555,4.9178465508916513,3.0001389060741652,-2.044678,2.002759,0.0419189126046,-2.0949974225742,0,4.5e-14
0.9972330269632840,0.0,-0.0000000000000001,0.0000000000000000,-0.0037513611395509,0.0025688289691963,4.9193422526197814,3.0001388395815218,-2.045932,2.002897,0.0430347226190,-2.0977905098699,0,1.9e-13
0.9972339907371087,0.0,-0.0000000000000003,0.0000000000000000,-0.0037500097549639,0.0025900790968138,4.9208668581653363,3.0001387718808403,-2.047216,2.003042,0.0441743472387,-2.1006605849427,0,1.8e-12
0.9972349727266047,0.0,-0.0000000000000002,0.0000000000000000,-0.0037486339780852,0.0026115486707111,4.9224209400835299,3.0001387029510003,-2.048533,2.003195,0.0453381118781,-2.1036098575218,0,5.8e-13
0.9972359732782842,0.0,-0.0000000000000001,0.0000000000000000,-0.0037472333905990,0.0026332395640240,4.9240050824899626,3.0001386327705557,-2.049881,2.003355,0.0465263275162,-2.1066405990021,0,8.7e-13
0.9972369927451883,0.0,-0.0000000000000002,0.0000000000000000,-0.0037458075682016,0.0026551536628841,4.9256198812947360,3.0001385613177320,-2.051263,2.003524,0.0477392925668,-2.1097551360256,0,2.7e-13
0.9972380314870047,0.0,-0.0000000000000000,0.0000000000000000,-0.0037443560805786,0.0026772928664056,4.9272659444413645,3.0001384885704248,-2.052679,2.003702,0.0489772881288,-2.1129558571868,0,1.1e-13
0.9972390898701899,0.0,0.0000000000000001,0.0000000000000000,-0.0037428784913813,0.0026996590867191,4.9289438921504996,3.0001384145061940,-2.054129,2.003888,0.0502405774207,-2.1162452101355,0,1.2e-12
0.9972401682680923,0.0,-0.0000000000000001,0.0000000000000000,-0.0037413743582074,0.0027222542489685,4.9306543571686259,3.0001383391022651,-2.055614,2.004085,0.0515294025852,-2.1196257041445,0,1.7e-12
0.9972412670610794,0.0,-0.0000000000000002,0.0000000000000000,-0.0037398432325849,0.0027450802913694,4.9323979850217583,3.0001382623355215,-2.057136,2.004292,0.0528439840205,-2.1230999072530,0,3.9e-13
0.9972423866366663,0.0,0.0000000000000001,0.0000000000000000,-0.0037382846599600,0.0027681391652050,4.9341754342743362,3.0001381841825081,-2.058694,2.004509,0.0541845153576,-2.1266704511088,0,9.1e-13
0.9972435273896467,0.0,-0.0000000000000001,0.0000000000000000,-0.0037366981796899,0.0027914328348607,4.9359873767933440,3.0001381046194218,-2.060289,2.004738,0.0555511620693,-2.1303400287910,0,8.7e-13
0.9972446897222271,0.0,-0.0000000000000000,0.0000000000000000,-0.0037350833250394,0.0028149632778514,4.9378344980178106,3.0001380236221142,-2.061923,2.004979,0.0569440587234,-2.1341113937208,0,1.8e-13
0.9972458740441635,0.0,-0.0000000000000002,0.0000000000000000,-0.0037334396231825,0.0028387324848529,4.9397174972337767,3.0001379411660878,-2.063595,2.005232,0.0583633052387,-2.1379873608393,0,2.1e-12
0.9972470807729006,0.0,0.0000000000000003,0.0000000000000000,-0.0037317665952082,0.0028627424597369,4.9416370878548559,3.0001378572264916,-2.065307,2.005498,0.0598089636031,-2.1419708063356,0,1.9e-12
0.9972483103337142,0.0,-0.0000000000000001,0.0000000000000000,-0.0037300637561337,0.0028869952196100,4.9435939977084988,3.0001377717781224,-2.067060,2.005779,0.0612810542461,-2.1460646660103,0,1.0e-12
0.9972495631598575,0.0,-0.0000000000000001,0.0000000000000000,-0.0037283306149199,0.0029114927948629,4.9455889693280755,3.0001376847954191,-2.068853,2.006074,0.0627795508707,-2.1502719373914,0,8.9e-13
0.9972508396927076,0.0,-0.0000000000000000,0.0000000000000000,-0.0037265666744985,0.0029362372291932,4.9476227602509235,3.0001375962524648,-2.070688,2.006384,0.0643043782194,-2.1545956748319,0,8.9e-13
0.9972521403819196,0.0,-0.0000000000000001,0.0000000000000000,-0.0037247714317976,0.0029612305796995,4.9496961433224218,3.0001375061229809,-2.072566,2.006710,0.0658554064637,-2.1590389895483,0,6.7e-13
0.9972534656855806,0.0,0.0000000000000001,0.0000000000000000,-0.0037229443777821,0.0029864749169139,4.9518099070062940,3.0001374143803274,-2.074486,2.007054,0.0674324461473,-2.1636050488108,0,7.2e-13
0.9972548160703683,0.0,-0.0000000000000003,0.0000000000000000,-0.0037210849974961,0.0030119723248758,4.9539648557012175,3.0001373209975020,-2.076450,2.007415,0.0690352427244,-2.1682970741862,0,1.2e-12
0.9972561920117136,0.0,-0.0000000000000003,0.0000000000000000,-0.0037191927701156,0.0030377249012067,4.9561618100638869,3.0001372259471371,-2.078458,2.007795,0.0706634723895,-2.1731183362903,0,8.4e-13
0.9972575939939667,0.0,-0.0000000000000000,0.0000000000000000,-0.0037172671690078,0.0030637347571945,4.9584016073386614,3.0001371292014993,-2.080511,2.008195,0.0723167343624,-2.1780721549786,0,1.1e-12
0.9972590225105675,0.0,-0.0000000000000001,0.0000000000000000,-0.0037153076618003,0.0030900040178841,4.9606851016939402,3.0001370307324886,-2.082610,2.008615,0.0739945446627,-2.1831618959813,0,1.7e-13
0.9972604780642194,0.0,-0.0000000000000000,0.0000000000000000,-0.0037133137104595,0.0031165348221807,4.9630131645653943,3.0001369305116352,-2.084754,2.009058,0.0756963305404,-2.1883909646265,0,6.6e-13
0.9972619611670681,0.0,0.0000000000000001,0.0000000000000000,-0.0037112847713766,0.0031433293229647,4.9653866850062087,3.0001368285101022,-2.086944,2.009523,0.0774214226088,-2.1937628019206,0,7.6e-13
0.9972634723408853,0.0,-0.0000000000000002,0.0000000000000000,-0.0037092202954689,0.0031703896872147,4.9678065700444769,3.0001367246986819,-2.089182,2.010012,0.0791690454818,-2.1992808827967,0,1.4e-12
0.9972650121172562,0.0,0.0000000000000000,0.0000000000000000,-0.0037071197282851,0.0031977180961496,4.9702737450478907,3.0001366190477983,-2.091466,2.010527,0.0809383113113,-2.2049487067353,0,1.2e-13
0.9972665810377728,0.0,0.0000000000000000,0.0000000000000000,-0.0037049825101298,0.0032253167453799,4.9727891540958904,3.0001365115275034,-2.093797,2.011069,0.0827282105633,-2.2107697915622,0,7.3e-13
0.9972681796542321,0.0,0.0000000000000000,0.0000000000000000,-0.0037028080761947,0.0032531878450764,4.9753537603594165,3.0001364021074792,-2.096176,2.011638,0.0845376016082,-2.2167476678704,0,2.2e-13
0.9972698085288402,0.0,0.0000000000000001,0.0000000000000000,-0.0037005958567059,0.0032813336201579,4.9779685464884347,3.0001362907570375,-2.098602,2.012237,0.0863652013860,-2.2228858692590,0,9.4e-13
0.9972714682344218,0.0,-0.0000000000000000,0.0000000000000000,-0.0036983452770850,0.0033097563104947,4.9806345150073890,3.0001361774451198,-2.101077,2.012867,0.0882095734808,-2.2291879249267,0,8.2e-13
0.9972731593546366,0.0,-0.0000000000000002,0.0000000000000000,-0.0036960557581232,0.0033384581711330,4.9833526887187514,3.0001360621402999,-2.103598,2.013529,0.0900691178528,-2.2356573471985,0,6.1e-13
0.9972748824842010,0.0,0.0000000000000000,0.0000000000000000,-0.0036937267161759,0.0033674414725411,4.9861241111148411,3.0001359448107801,-2.106168,2.014226,0.0919420577614,-2.2422976207793,0,8.3e-13
0.9972766382291188,0.0,0.0000000000000000,0.0000000000000000,-0.0036913575633680,0.0033967085008790,4.9889498467980822,3.0001358254243984,-2.108784,2.014958,0.0938264273678,-2.2491121892863,0,2.3e-13
0.9972784272069164,0.0,-0.0000000000000001,0.0000000000000000,-0.0036889477078222,0.0034262615582941,4.9918309819098807,3.0001357039486232,-2.111448,2.015728,0.0957200560603,-2.2561044437335,0,6.2e-13
0.9972802500468885,0.0,0.0000000000000000,0.0000000000000000,-0.0036864965539033,0.0034561029632428,4.9947686245683025,3.0001355803505603,-2.114158,2.016537,0.0976205559085,-2.2632777020773,0,1.1e-12
0.9972821073903501,0.0,-0.0000000000000000,0.0000000000000000,-0.0036840035024861,0.0034862350508420,4.9977639053147414,3.0001354545969523,-2.116913,2.017388,0.0995253031585,-2.2706351972462,0,5.0e-13
0.9972839998908983,0.0,-0.0000000000000000,0.0000000000000000,-0.0036814679512411,0.0035166601732547,5.0008179775697608,3.0001353266541795,-2.119714,2.018282,0.1014314244336,-2.2781800516579,0,1.7e-12
0.9972859282146831,0.0,-0.0000000000000000,0.0000000000000000,-0.0036788892949467,0.0035473807001081,5.0039320180983138,3.0001351964882645,-2.122558,2.019222,0.1033357757100,-2.2859152615588,0,1.8e-12
0.9972878930406882,0.0,0.0000000000000001,0.0000000000000000,-0.0036762669258233,0.0035783990189531,5.0071072274845312,3.0001350640648736,-2.125445,2.020210,0.1052349254647,-2.2938436695889,0,3.1e-12
0.9972898950610208,0.0,-0.0000000000000001,0.0000000000000000,-0.0036736002338980,0.0036097175357422,5.0103448306163036,3.0001349293493202,-2.128373,2.021248,0.1071251330529,-2.3019679410430,0,1.9e-12
0.9972919349812167,0.0,0.0000000000000001,0.0000000000000000,-0.0036708886073915,0.0036413386753990,5.0136460771798284,3.0001347923065649,-2.131340,2.022338,0.1090023284800,-2.3102905327213,0,1.4e-12
0.9972940135205526,0.0,-0.0000000000000000,0.0000000000000000,-0.0036681314331393,0.0036732648823828,5.0170122421643848,3.0001346529012256,-2.134346,2.023484,0.1108620881631,-2.3188136644737,0,1.8e-12
0.9972961314123745,0.0,-0.0000000000000001,0.0000000000000000,-0.0036653280970451,0.0037054986213316,5.0204446263775280,3.0001345110975750,-2.137387,2.024687,0.1126996112458,-2.3275392828897,0,1.5e-12
0.9972982894044388,0.0,-0.0000000000000000,0.0000000000000000,-0.0036624779845656,0.0037380423777531,5.0239445569709380,3.0001343668595477,-2.140461,2.025951,0.1145096940405,-2.3364690234217,0,2.1e-12
0.9973004882592678,0.0,-0.0000000000000000,0.0000000000000000,-0.0036595804812353,0.0037708986587736,5.0275133879771570,3.0001342201507430,-2.143565,2.027279,0.1162867016433,-2.3456041705750,0,1.3e-12
0.9973027287545218,0.0,-0.0000000000000001,0.0000000000000000,-0.0036566349732286,0.0038040699939513,5.0311525008574609,3.0001340709344317,-2.146697,2.028673,0.1180245403061,-2.3549456094509,0,1.7e-12
0.9973050116833879,0.0,0.0000000000000001,0.0000000000000000,-0.0036536408479657,0.0038375589361571,5.0348633050611022,3.0001339191735585,-2.149853,2.030136,0.1197166251216,-2.3644937790795,0,8.6e-14
0.9973073378549868,0.0,-0.0000000000000001,0.0000000000000000,-0.0036505974947620,0.0038713680625287,5.0386472385961909,3.0001337648307511,-2.153028,2.031673,0.1213558491973,-2.3742486142483,0,2.1e-12
0.9973097080947999,0.0,0.0000000000000000,0.0000000000000000,-0.0036475043055291,0.0039054999755036,5.0425057686124664,3.0001336078683223,-2.156220,2.033285,0.1229345466402,-2.3842094899935,0,2.8e-12
0.9973121232451165,0.0,-0.0000000000000001,0.0000000000000000,-0.0036443606755257,0.0039399573039384,5.0464403919962386,3.0001334482482775,-2.159422,2.034978,0.1244444573488,-2.3943751542888,0,1.1e-13
0.9973145841655051,0.0,0.0000000000000000,0.0000000000000000,-0.0036411660041653,0.0039747427043200,5.0504526359777753,3.0001332859323218,-2.162630,2.036753,0.1258766893266,-2.4047436543666,0,1.2e-12
0.9973170917333083,0.0,-0.0000000000000000,0.0000000000000000,-0.0036379196958875,0.0040098588620727,5.0545440587514250,3.0001331208818658,-2.165838,2.038616,0.1272216746211,-2.4153122643086,0,1.5e-12
0.9973196468441650,0.0,-0.0000000000000000,0.0000000000000000,-0.0036346211610901,0.0040453084929789,5.0587162501087786,3.0001329530580336,-2.169039,2.040570,0.1284691282874,-2.4260773960397,0,2.2e-12
0.9973222504125607,0.0,0.0000000000000001,0.0000000000000000,-0.0036312698171364,0.0040810943447086,5.0629708320851758,3.0001327824216690,-2.172228,2.042620,0.1296080009979,-2.4370345091886,0,5.2e-13
0.9973249033724100,0.0,-0.0000000000000001,0.0000000000000000,-0.0036278650894364,0.0041172191984789,5.0673094596198851,3.0001326089333462,-2.175395,2.044768,0.1306264320711,-2.4481780071914,0,1.5e-12
0.9973276066776710,0.0,0.0000000000000001,0.0000000000000000,-0.0036244064126126,0.0041536858708442,5.0717338212302856,3.0001324325533743,-2.178532,2.047021,0.1315116959817,-2.4595011317958,0,1.7e-12
0.9973303613029982,0.0,0.0000000000000000,0.0000000000000000,-0.0036208932317523,0.0041904972156368,5.0762456397004048,3.0001322532418073,-2.181632,2.049382,0.1322501494915,-2.4709958405994,0,2.0e-12
0.9973331682444341,0.0,0.0000000000000000,0.0000000000000000,-0.0036173250037618,0.0042276561260596,5.0808466727841788,3.0001320709584567,-2.184683,2.051855,0.1328271742773,-2.4826526771824,0,2.2e-12
0.9973360285201432,0.0,-0.0000000000000001,0.0000000000000000,-0.0036137011988212,0.0042651655369539,5.0855387139238051,3.0001318856628938,-2.187674,2.054447,0.1332271164782,-2.4944606299187,0,2.9e-12
0.9973389431711949,0.0,-0.0000000000000000,0.0000000000000000,-0.0036100213019571,0.0043030284272493,5.0903235929836006,3.0001316973144654,-2.190595,2.057161,0.1334332226446,-2.5064069786439,0,2.6e-12
0.9973419132623944,0.0,-0.0000000000000001,0.0000000000000000,-0.0036062848147403,0.0043412478226077,5.0952031769997683,3.0001315058723006,-2.193431,2.060004,0.1334275731647,-2.5184771266621,0,1.0e-12
0.9973449398831734,0.0,0.0000000000000001,0.0000000000000000,-0.0036024912571137,0.0043798267983091,5.1001793709465124,3.0001313112953225,-2.196170,2.062979,0.1331910122400,-2.5306544179606,0,1.6e-12
0.9973480241485366,0.0,0.0000000000000000,0.0000000000000000,-0.0035986401693767,0.0044187684823329,5.1052541185189808,3.0001311135422588,-2.198797,2.066094,0.1327030717551,-2.5429199435685,0,1.5e-12
0.9973511672000771,0.0,-0.0000000000000001,0.0000000000000000,-0.0035947311143263,0.0044580760587183,5.1104294029335033,3.0001309125716515,-2.201294,2.069352,0.1319418951902,-2.5552523235268,0,8.2e-13
0.9973543061688344,0.0,0.0000000000000000,0.0000000000000000,-0.0035908428399831,0.0044969632083401,5.1156016897858452,3.0001307124193786,-2.203600,2.072691,0.1309081437543,-2.5673820897424,0,2.9e-12
0.9973574411656211,0.0,-0.0000000000000000,0.0000000000000000,-0.0035869753057270,0.0045354421038357,5.1207710293276909,3.0001305130777873,-2.205706,2.076111,0.1295952166557,-2.5792915514875,0,1.6e-12
0.9973580717520952,0.0,0.0000000000000001,0.0000000000000000,-0.0035861992976063,0.0045431393661017,5.1218112357917844,3.0001304730488143,-2.206106,2.076809,0.1292965983259,-2.5816606337125,0,2.8e-12
0.9973587148430179,0.0,-0.0000000000000000,0.0000000000000000,-0.0035854085681982,0.0045509747600058,5.1228722132105604,3.0001304322493643,-2.206505,2.077525,0.1289800000809,-2.5840671984740,0,1.5e-12
0.9973593706850723,0.0,-0.0000000000000001,0.0000000000000000,-0.0035846028553156,0.0045589505050423,5.1239543760352078,3.0001303906651882,-2.206902,2.078258,0.1286445170909,-2.5865114302423,0,2.1e-12
0.9973600395297937,0.0,-0.0000000000000000,0.0000000000000000,-0.0035837818928364,0.0045670688480969,5.1250581469853866,3.0001303482817945,-2.207298,2.079009,0.1282892000710,-2.5889934846214,0,2.3e-12
0.9973607216336658,0.0,-0.0000000000000000,0.0000000000000000,-0.0035829454106833,0.0045753320635452,5.1261839572146206,3.0001303050844474,-2.207693,2.079779,0.1279130538104,-2.5915134852613,0,9.6e-13
0.9973614172582215,0.0,-0.0000000000000000,0.0000000000000000,-0.0035820931347995,0.0045837424533496,5.1273322464790372,3.0001302610581622,-2.208084,2.080569,0.1275150361028,-2.5940715185171,0,2.2e-12
0.9973621266701423,0.0,0.0000000000000000,0.0000000000000000,-0.0035812247871296,0.0045923023471487,5.1285034633095163,3.0001302161877050,-2.208473,2.081379,0.1270940529367,-2.5966676350731,0,2.6e-12
0.9973628501413642,0.0,0.0000000000000000,0.0000000000000000,-0.0035803400856003,0.0046010141023433,5.1296980651873261,3.0001301704575871,-2.208857,2.082209,0.1266489581419,-2.5993018430005,0,2.8e-12
0.9973635879491821,0.0,0.0000000000000000,0.0000000000000000,-0.0035794387441055,0.0046098801041756,5.1309165187233168,3.0001301238520601,-2.209238,2.083059,0.1261785501589,-2.6019741052105,0,2.3e-12
0.9973643403763598,0.0,0.0000000000000001,0.0000000000000000,-0.0035785204724928,0.0046189027658045,5.1321592998407430,3.0001300763551169,-2.209614,2.083932,0.1256815692866,-2.6046843362265,0,2.8e-12
0.9973651077112398,0.0,-0.0000000000000000,0.0000000000000000,-0.0035775849765529,0.0046280845283740,5.1334268939617944,3.0001300279504863,-2.209983,2.084827,0.1251566946350,-2.6074323985289,0,2.5e-12
0.9973658902478582,0.0,0.0000000000000000,0.0000000000000000,-0.0035766319580124,0.0046374278610794,5.1347197961979116,3.0001299786216284,-2.210347,2.085744,0.1246025419771,-2.6102180966326,0,3.3e-12
0.9973666882860596,0.0,-0.0000000000000000,0.0000000000000000,-0.0035756611145285,0.0046469352612197,5.1360385115439691,3.0001299283517335,-2.210703,2.086685,0.1240176589509,-2.6130411763071,0,9.7e-13
0.9973675021316187,0.0,0.0000000000000001,0.0000000000000000,-0.0035746721396881,0.0046566092542744,5.1373835550763838,3.0001298771237170,-2.211051,2.087650,0.1234005246025,-2.6159013137370,0,9.3e-13
0.9973683320963599,0.0,-0.0000000000000000,0.0000000000000000,-0.0035736647230111,0.0046664523939247,5.1387554521552863,3.0001298249202177,-2.211390,2.088640,0.1227495431188,-2.6187981164854,0,1.8e-12
0.9973691784982831,0.0,-0.0000000000000001,0.0000000000000000,-0.0035726385499557,0.0046764672621174,5.1401547386307724,3.0001297717235942,-2.211719,2.089656,0.1220630413353,-2.6217311153834,0,1.9e-12
0.9973700416616922,0.0,-0.0000000000000001,0.0000000000000000,-0.0035715933019292,0.0046866564691043,5.1415819610533662,3.0001297175159203,-2.212037,2.090698,0.1213392654435,-2.6246997582373,0,1.8e-12
0.9973709219173263,0.0,-0.0000000000000001,0.0000000000000000,-0.0035705286563034,0.0046970226534784,5.1430376768887713,3.0001296622789835,-2.212343,2.091766,0.1205763765589,-2.6277034043820,0,2.7e-12
0.9973718196024942,0.0,0.0000000000000000,0.0000000000000000,-0.0035694442864323,0.0047075684822109,5.1445224547369959,3.0001296059942817,-2.212635,2.092863,0.1197724460634,-2.6307413186636,0,1.3e-12
0.9973727350612120,0.0,-0.0000000000000001,0.0000000000000000,-0.0035683398616792,0.0047182966506817,5.1460368745559499,3.0001295486430184,-2.212913,2.093988,0.1189254528418,-2.6338126617686,0,1.9e-12
0.9973736686443462,0.0,-0.0000000000000000,0.0000000000000000,-0.0035672150474442,0.0047292098827097,5.1475815278896082,3.0001294902060995,-2.213175,2.095142,0.1180332765191,-2.6369164866488,0,1.3e-12
0.9973746207097570,0.0,-0.0000000000000000,0.0000000000000000,-0.0035660695052016,0.0047403109305795,5.1491570181008299,3.0001294306641353,-2.213420,2.096327,0.1170936946098,-2.6400517265555,0,1.6e-12
0.9973755916224498,0.0,0.0000000000000001,0.0000000000000000,-0.0035649028925407,0.0047516025750664,5.1507639606089448,3.0001293699974276,-2.213647,2.097542,0.1161043760696,-2.6432171896587,0,1.8e-12
0.9973765817547272,0.0,0.0000000000000000,0.0000000000000000,-0.0035637148632132,0.0047630876254672,5.1524029831321920,3.0001293081859775,-2.213853,2.098790,0.1150628770300,-2.6464115471695,0,3.3e-12
0.9973775914863457,0.0,0.0000000000000000,0.0000000000000000,-0.0035625050671916,0.0047747689195995,5.1540747259351463,3.0001292452094734,-2.214037,2.100070,0.1139666339211,-2.6496333265261,0,2.0e-12
0.9973786212046809,0.0,-0.0000000000000000,0.0000000000000000,-0.0035612731507279,0.0047866493238698,5.1557798420811718,3.0001291810472934,-2.214198,2.101385,0.1128129597563,-2.6528808971722,0,1.8e-12
0.9973796503045487,0.0,-0.0000000000000001,0.0000000000000000,-0.0035600438234180,0.0047984904306527,5.1574842145053381,3.0001291169851450,-2.214330,2.102707,0.1116236843817,-2.6560874404496,0,2.1e-12
0.9973806787900832,0.0,0.0000000000000000,0.0000000000000000,-0.0035588170837225,0.0048102925774152,5.1591878446655137,3.0001290530227274,-2.214435,2.104036,0.1103986236277,-2.6592522739755,0,1.6e-12
0.9973817066654118,0.0,0.0000000000000000,0.0000000000000000,-0.0035575929301682,0.0048220560971842,5.1608907340000858,3.0001289891597422,-2.214511,2.105374,0.1091375951884,-2.6623747130358,0,1.3e-12
0.9973827339346550,0.0,0.0000000000000000,0.0000000000000000,-0.0035563713613488,0.0048337813186269,5.1625928839283981,3.0001289253958925,-2.214559,2.106719,0.1078404179716,-2.6654540718481,0,2.1e-12
0.9973837606019276,0.0,-0.0000000000000000,0.0000000000000000,-0.0035551523759215,0.0048454685661457,5.1642942958511737,3.0001288617308841,-2.214578,2.108072,0.1065069120805,-2.6684896636573,0,2.6e-12
0.9973850442768083,0.0,-0.0000000000000001,0.0000000000000000,-0.0035536308765824,0.0048600380948595,5.1664219828101468,3.0001287822150564,-2.214561,2.109774,0.1047870617102,-2.6722249626025,0,1.9e-12
0.9973863530097776,0.0,0.0000000000000000,0.0000000000000000,-0.0035520827066003,0.0048748427766330,5.1685916027283119,3.0001287012461950,-2.214497,2.111524,0.1029731027824,-2.6759628368011,0,1.0e-12
0.9973876872900218,0.0,-0.0000000000000000,0.0000000000000000,-0.0035505074796903,0.0048898857138803,5.1708039791934883,3.0001286187999949,-2.214381,2.113321,0.1010603107919,-2.6796988926527,0,3.1e-12
0.9973890476167202,0.0,0.0000000000000000,0.0000000000000000,-0.0035489048078455,0.0049051700352269,5.1730599520686544,3.0001285348518163,-2.214211,2.115168,0.0990437265574,-2.6834283708788,0,1.6e-12
0.9973904344992923,0.0,0.0000000000000000,0.0000000000000000,-0.0035472743015754,0.0049206988956775,5.1753603778238908,3.0001284493766884,-2.213983,2.117065,0.0969181483622,-2.6871461140892,0,2.3e-12
0.9973918484576543,0.0,-0.0000000000000000,0.0000000000000000,-0.0035456155701609,0.0049364754768099,5.1777061298755891,3.0001283623493058,-2.213693,2.119014,0.0946781168520,-2.6908465453305,0,2.4e-12
0.9973932900224852,0.0,0.0000000000000000,0.0000000000000000,-0.0035439282219311,0.0049525029869955,5.1800980989331062,3.0001282737440236,-2.213336,2.121018,0.0923179038367,-2.6945236365690,0,1.7e-12
0.9973947597355041,0.0,-0.0000000000000000,0.0000000000000000,-0.0035422118645626,0.0049687846616485,5.1825371933530464,3.0001281835348603,-2.212908,2.123076,0.0898314990772,-2.6981708776503,0,2.0e-12
0.9973962581497576,0.0,0.0000000000000000,0.0000000000000000,-0.0035404661053997,0.0049853237635101,5.1850243395013536,3.0001280916954940,-2.212404,2.125191,0.0872125960274,-2.7017812441258,0,2.6e-12
0.9973977858299190,0.0,-0.0000000000000001,0.0000000000000000,-0.0035386905518054,0.0050021235829508,5.1875604821234234,3.0001279981992597,-2.211819,2.127365,0.0844545772471,-2.7053471620997,0,2.2e-12
0.9973993433526007,0.0,0.0000000000000000,0.0000000000000000,-0.0035368848115323,0.0050191874383392,5.1901465847223873,3.0001279030191501,-2.211149,2.129599,0.0815504999885,-2.7088604693469,0,2.5e-12
0.9974009313066793,0.0,0.0000000000000000,0.0000000000000000,-0.0035350484931286,0.0050365186764236,5.1927836299458292,3.0001278061278116,-2.210387,2.131894,0.0784930792925,-2.7123123772284,0,2.5e-12
0.9974025502936342,0.0,0.0000000000000000,0.0000000000000000,-0.0035331812063725,0.0050541206727687,5.1954726199810963,3.0001277074975476,-2.209528,2.134254,0.0752746720060,-2.7156934265527,0,2.4e-12
0.9974042009279026,0.0,-0.0000000000000000,0.0000000000000000,-0.0035312825627403,0.0050719968322400,5.1982145769594439,3.0001276071003100,-2.208565,2.136678,0.0718872588872,-2.7189934429574,0,2.0e-12
0.9974058838372484,0.0,0.0000000000000000,0.0000000000000000,-0.0035293521759112,0.0050901505895361,5.2010105433692253,3.0001275049077072,-2.207492,2.139170,0.0683224267169,-2.7222014878350,0,1.8e-12
0.9974075996631500,0.0,0.0000000000000000,0.0000000000000000,-0.0035273896623095,0.0051085854097797,5.2038615824783552,3.0001274008909951,-2.206302,2.141731,0.0645713488960,-2.7253058072511,0,2.3e-12
0.9974093490612046,0.0,-0.0000000000000001,0.0000000000000000,-0.0035253946416896,0.0051273047891621,5.2067687787662926,3.0001272950210813,-2.204988,2.144363,0.0606247651196,-2.7282937771766,0,1.6e-12
0.9974111327015542,0.0,-0.0000000000000001,0.0000000000000000,-0.0035233667377651,0.0051463122556644,5.2097332383657600,3.0001271872685229,-2.203541,2.147068,0.0564729611867,-2.7311518438027,0,7.6e-13
0.9974129512693292,0.0,-0.0000000000000001,0.0000000000000000,-0.0035213055788856,0.0051656113698332,5.2127560895144933,3.0001270776035254,-2.201954,2.149848,0.0521057467700,-2.7338654613095,0,7.0e-13
0.9974148054651164,0.0,-0.0000000000000000,0.0000000000000000,-0.0035192107987668,0.0051852057256422,5.2158384830172402,3.0001269659959426,-2.200217,2.152705,0.0475124320539,-2.7364190267397,0,1.9e-12
0.9974166960054510,0.0,-0.0000000000000000,0.0000000000000000,-0.0035170820372736,0.0052050989514347,5.2189815927182970,3.0001268524152782,-2.198323,2.155641,0.0426818038513,-2.7387958084689,0,1.7e-12
0.9974186236233318,0.0,-0.0000000000000000,0.0000000000000000,-0.0035149189412667,0.0052252947109449,5.2221866159848718,3.0001267368306830,-2.196261,2.158659,0.0376021015247,-2.7409778692085,0,2.2e-12
0.9974205890687657,0.0,-0.0000000000000000,0.0000000000000000,-0.0035127211655132,0.0052457967044216,5.2254547742015447,3.0001266192109557,-2.194021,2.161760,0.0322609895485,-2.7429459880455,0,1.4e-12
0.9974225931093429,0.0,-0.0000000000000000,0.0000000000000000,-0.0035104883736654,0.0052666086698669,5.2287873132761229,3.0001264995245447,-2.191592,2.164947,0.0266455314383,-2.7446795728322,0,2.1e-12
0.9974246365308395,0.0,0.0000000000000000,0.0000000000000000,-0.0035082202393182,0.0052877343843521,5.2321855041572505,3.0001263777395453,-2.188963,2.168221,0.0207421601333,-2.7461565710848,0,3.1e-12
0.9974267201378583,0.0,-0.0000000000000000,0.0000000000000000,-0.0035059164471488,0.0053091776654836,5.2356506433640391,3.0001262538237046,-2.186123,2.171586,0.0145366485693,-2.7473533727857,0,1.8e-12
0.9974288447545041,0.0,0.0000000000000000,0.0000000000000000,-0.0035035766941438,0.0053309423729858,5.2391840535280965,3.0001261277444167,-2.183057,2.175043,0.0080140799059,-2.7482447050261,0,2.5e-12
0.9974310112251003,0.0,-0.0000000000000000,0.0000000000000000,-0.0035012006909238,0.0053530324104244,5.2427870839483051,3.0001259994687279,-2.179754,2.178596,0.0011588132319,-2.7488035262152,0,2.8e-12
0.9974332204149458,0.0,-0.0000000000000000,0.0000000000000000,-0.0034987881631727,0.0053754517270818,5.2464611111587169,3.0001258689633379,2.182245,-2.176200,-0.0060455487722,-2.7490009073261,0,2.6e-12
0.9974354732111215,0.0,-0.0000000000000000,0.0000000000000000,-0.0034963388531817,0.0053982043199951,5.2502075395099661,3.0001257361945961,2.185994,-2.172378,-0.0136161948621,-2.7488059078318,0,2.9e-12
0.9974377705233440,0.0,-0.0000000000000000,0.0000000000000000,-0.0034938525215156,0.0054212942361718,5.2540278017646003,3.0001256011285062,2.189845,-2.168274,-0.0215711423122,-2.7481854460985,0,3.3e-12
0.9974401132848756,0.0,-0.0000000000000000,0.0000000000000000,-0.0034913289488148,0.0054447255749965,5.2579233597067763,3.0001254637307309,2.193801,-2.163872,-0.0299292745434,-2.7471041584148,0,2.0e-12
0.9974425024534919,0.0,-0.0000000000000000,0.0000000000000000,-0.0034887679377441,0.0054685024908458,5.2618957047667703,3.0001253239665853,2.197864,-2.159153,-0.0387103796928,-2.7455242499364,0,9.3e-13
0.9974449390125149,0.0,-0.0000000000000001,0.0000000000000000,-0.0034861693151015,0.0054926291959282,5.2659463586607878,3.0001251818010459,2.202035,-2.154100,-0.0479351922654,-2.7434053389451,0,2.4e-12
0.9974474239719137,0.0,-0.0000000000000000,0.0000000000000000,-0.0034835329340988,0.0055171099633698,5.2700768740465902,3.0001250371987500,2.206319,-2.148694,-0.0576254361068,-2.7407042904410,0,1.4e-12
0.9974499583694834,0.0,-0.0000000000000000,0.0000000000000000,-0.0034808586768402,0.0055419491305644,5.2742888351954820,3.0001248901239972,2.210717,-2.142913,-0.0678038664254,-2.7373750367205,0,1.5e-12
0.9974525432721041,0.0,-0.0000000000000000,0.0000000000000000,-0.0034781464570000,0.0055671511028147,5.2785838586812419,3.0001247405407527,2.215232,-2.136737,-0.0784943168794,-2.7333683923684,0,8.6e-13
0.9974551797770924,0.0,-0.0000000000000000,0.0000000000000000,-0.0034753962227378,0.0055927203572879,5.2829635940866151,3.0001245884126475,2.219865,-2.130144,-0.0897217452127,-2.7286318533966,0,1.7e-12
0.9974578690136492,0.0,-0.0000000000000000,0.0000000000000000,-0.0034726079598585,0.0056186614473138,5.2874297247280388,3.0001244337029860,2.224620,-2.123108,-0.1015122833249,-2.7231093910241,0,1.8e-12
0.9974606121444168,0.0,0.0000000000000000,0.0000000000000000,-0.0034697816952499,0.0056449790070602,5.2919839683993137,3.0001242763747409,2.229499,-2.115606,-0.1138932855918,-2.7167412250100,0,1.5e-12
0.9974634103671532,0.0,0.0000000000000001,0.0000000000000000,-0.0034669175006240,0.0056716777566156,5.2966280781349937,3.0001241163905643,2.234504,-2.107610,-0.1268933811495,-2.7094635920244,0,2.6e-12
0.9974662649165361,0.0,0.0000000000000000,0.0000000000000000,-0.0034640154965891,0.0056987625075203,5.3013638429943306,3.0001239537127846,2.239637,-2.099094,-0.1405425273011,-2.7012084978279,0,2.5e-12
0.9974691770661087,0.0,-0.0000000000000000,0.0000000000000000,-0.0034610758570898,0.0057262381687885,5.3061930888666735,3.0001237883034113,2.244900,-2.090028,-0.1548720629034,-2.6919034545533,0,1.8e-12
0.9974721481303824,0.0,0.0000000000000001,0.0000000000000000,-0.0034580988142536,0.0057541097534680,5.3111176792993131,3.0001236201241417,2.250295,-2.080381,-0.1699147642431,-2.6814712061739,0,1.9e-12
0.9974751794671112,0.0,-0.0000000000000000,0.0000000000000000,-0.0034550846636841,0.0057823823857913,5.3161395163488434,3.0001234491363560,2.255825,-2.070120,-0.1857049026089,-2.6698294395015,0,2.2e-12
0.9974782724797553,0.0,-0.0000000000000000,0.0000000000000000,-0.0034520337702509,0.0058110613089726,5.3212605414572254,3.0001232753011293,2.261491,-2.059213,-0.2022783019299,-2.6568904797776,0,1.7e-12
0.9974814286201577,0.0,0.0000000000000001,0.0000000000000000,-0.0034489465744267,0.0058401518937363,5.3264827363538236,3.0001230985792309,2.267294,-2.047622,-0.2196723977693,-2.6425609704053,0,1.1e-12
0.9974846493914478,0.0,0.0000000000000000,0.0000000000000000,-0.0034458235992404,0.0058696596476051,5.3318081239848958,3.0001229189311260,2.273237,-2.035310,-0.2379262970694,-2.6267415381802,0,1.5e-12
0.9974879363512068,0.0,-0.0000000000000000,0.0000000000000000,-0.0034426654579033,0.0058995902250908,5.3372387694720516,3.0001227363169836,2.279319,-2.022238,-0.2570808399755,-2.6093264451603,0,2.5e-13
0.9974912911149170,0.0,-0.0000000000000000,0.0000000000000000,-0.0034394728621959,0.0059299494388350,5.3427767811014917,3.0001225506966747,2.285543,-2.008364,-0.2771786589328,-2.5902032193149,0,2.6e-13
0.9974947153597284,0.0,-0.0000000000000000,0.0000000000000000,-0.0034362466316967,0.0059607432718267,5.3484243113459549,3.0001223620297814,2.291909,-1.993645,-0.2982642418239,-2.5692522767999,0,1.3e-12
0.9974982108285807,0.0,-0.0000000000000000,0.0000000000000000,-0.0034329877039559,0.0059919778908079,5.3541835579215800,3.0001221702755956,2.298417,-1.978033,-0.3203839928856,-2.5463465250902,0,9.5e-13
0.9975017793347188,0.0,-0.0000000000000000,0.0000000000000000,-0.0034296971457282,0.0060236596610054,5.3600567648821427,3.0001219753931236,2.305069,-1.961482,-0.3435862926147,-2.5213509508140,0,9.0e-13
0.9975054227666512,0.0,-0.0000000000000000,0.0000000000000000,-0.0034263761653895,0.0060557951623415,5.3660462237534441,3.0001217773410893,2.311862,-1.943940,-0.3679215587672,-2.4941221964179,0,6.0e-13
0.9975091430936041,0.0,-0.0000000000000000,0.0000000000000000,-0.0034230261266925,0.0060883912072976,5.3721542747109892,3.0001215760779374,2.318797,-1.925355,-0.3934423047199,-2.4645081220003,0,1.5e-12
0.9975129423715301,0.0,0.0000000000000000,0.0000000000000000,-0.0034196485640238,0.0061214548606269,5.3783833078045369,3.0001213715618369,2.325873,-1.905670,-0.4202031976468,-2.4323473579461,0,8.1e-13
0.9975168227497453,0.0,-0.0000000000000000,0.0000000000000000,-0.0034162451993653,0.0061549934611503,5.3847357642335734,3.0001211637506779,2.333088,-1.884827,-0.4482611117592,-2.3974688426425,0,7.4e-13
0.9975207864782706,0.0,0.0000000000000000,0.0000000000000000,-0.0034128179611762,0.0061890146458903,5.3912141376783884,3.0001209526020820,2.340440,-1.862765,-0.4776751821007,-2.3596913592480,0,6.1e-13
0.9975248359159730,0.0,-0.0000000000000000,0.0000000000000000,-0.0034093690054641,0.0062235263768473,5.3978209756920945,3.0001207380733956,2.347927,-1.839420,-0.5085068519230,-2.3188230618157,0,4.2e-13
0.9975289735396121,0.0,-0.0000000000000000,0.0000000000000000,-0.0034059007393397,0.0062585369707643,5.4045588811597725,3.0001205201216967,2.355544,-1.814724,-0.5408199171883,-2.2746610022095,0,1.7e-12
0.9975332019539168,0.0,-0.0000000000000000,0.0000000000000000,-0.0034024158474103,0.0062940551322828,5.4114305138318990,3.0001202987037909,2.363287,-1.788607,-0.5746805666880,-2.2269906608914,0,6.8e-14
0.9975375239028336,0.0,-0.0000000000000000,0.0000000000000000,-0.0033989173214173,0.0063300899909568,5.4184385919403759,3.0001200737762121,2.371152,-1.760995,-0.6101574120906,-2.1755854769114,0,1.2e-12
0.9975419422821180,0.0,-0.0000000000000000,0.0000000000000000,-0.0033954084936002,0.0063666511426698,5.4255858939068915,3.0001198452952229,2.379132,-1.731811,-0.6473215172805,-2.1202064025411,0,7.2e-13
0.9975464601534635,0.0,-0.0000000000000000,0.0000000000000000,-0.0033918930743448,0.0064037486960928,5.4328752601550114,3.0001196132168086,2.387221,-1.700974,-0.6862464127386,-2.0606014646018,0,9.1e-13
0.9975510807603993,0.0,-0.0000000000000000,0.0000000000000000,-0.0033883751947832,0.0064413933249322,5.4403095950394382,3.0001193774966750,2.395410,-1.668402,-0.7270081053060,-1.9965053611627,0,4.2e-13
0.9975558075462311,0.0,0.0000000000000000,0.0000000000000000,-0.0033848594551291,0.0064795963268516,5.4478918689083544,3.0001191380902443,2.403689,-1.634004,-0.7696850741679,-1.9276390890540,0,5.2e-13
0.9975606441743462,0.0,-0.0000000000000000,0.0000000000000000,-0.0033813509796808,0.0065183696901135,5.4556251203177553,3.0001188949526436,2.412049,-1.597691,-0.8143582566786,-1.8537096208164,0,4.5e-13
0.9975655945512706,0.0,0.0000000000000000,0.0000000000000000,-0.0033778554796105,0.0065577261691874,5.4635124584203894,3.0001186480387028,2.420477,-1.559366,-0.8611110183150,-1.7744096358429,0,3.6e-13
0.9975706628529351,0.0,-0.0000000000000000,0.0000000000000000,-0.0033743793248773,0.0065976793708095,5.4715570655564587,3.0001183973029351,2.428959,-1.518930,-0.9100291102220,-1.6894173286756,0,1.3e-12
0.9975758535547066,0.0,0.0000000000000000,0.0000000000000000,-0.0033709296268765,0.0066382438522865,5.4797622000788744,3.0001181426995314,2.437479,-1.476278,-0.9612006083363,-1.5983963005087,0,7.9e-13
0.9975811714658510,0.0,0.0000000000000000,0.0000000000000000,-0.0033675143337895,0.0066794352341969,5.4881311994528943,3.0001178841823362,2.446019,-1.431303,-1.0147158326769,-1.5009955536940,0,1.7e-13
0.9975866217692404,0.0,-0.0000000000000000,0.0000000000000000,-0.0033641423410142,0.0067212703301135,5.4966674836787766,3.0001176217048302,2.454560,-1.383893,-1.0706672527511,-1.3968496197070,0,3.4e-13
0.9975922100672957,0.0,0.0000000000000000,0.0000000000000000,-0.0033608236196096,0.0067637672965499,5.5053745590972341,3.0001173552201057,2.463080,-1.333931,-1.1291493672538,-1.2855788243046,0,2.1e-13
0.9975979424353879,0.0,0.0000000000000000,0.0000000000000000,-0.0033575693663728,0.0068069458070590,5.5142560226516304,3.0001170846808347,2.471554,-1.281295,-1.1902585648978,-1.1667897273619,0,1.0e-12
0.9976038254842043,0.0,0.0000000000000001,0.0000000000000000,-0.0033543921800405,0.0068508272553573,5.5233155666990079,3.0001168100392350,2.479953,-1.225860,-1.2540929656440,-1.0400757611864,0,3.3e-13
0.9976098664329683,0.0,0.0000000000000000,0.0000000000000000,-0.0033513062692468,0.0068954349935360,5.5325569844854980,3.0001165312470244,2.488248,-1.167496,-1.3207522388158,-0.9050180874763,0,2.5e-12
0.9976160731958770,0.0,-0.0000000000000000,0.0000000000000000,-0.0033483276993432,0.0069407946129684,5.5419841764322113,3.0001162482553725,2.496403,-1.106066,-1.3903374100943,-0.7611867177469,0,4.4e-13
0.9976224544847618,0.0,-0.0000000000000000,0.0000000000000000,-0.0033454746871258,0.0069869342775881,5.5516011574178403,3.0001159610148371,2.504382,-1.041431,-1.4629506473343,-0.6081419006271,0,8.5e-13
0.9976290199318012,0.0,0.0000000000000000,0.0000000000000000,-0.0033427679550907,0.0070338851217724,5.5614120652976666,3.0001156694752926,2.512142,-0.973447,-1.5386950519800,-0.4454358355069,0,1.0e-12
0.9976357802372493,0.0,0.0000000000000000,0.0000000000000000,-0.0033402311602813,0.0070816817288202,5.5714211709700621,3.0001153735858401,2.519636,-0.901962,-1.6176744520854,-0.2726147064871,0,1.3e-12
0.9976427473486322,0.0,-0.0000000000000001,0.0000000000000000,-0.0033378914175005,0.0071303627105937,5.5816328903989598,3.0001150732947046,2.526814,-0.826820,-1.6999932262462,-0.0892210689093,0,4.7e-13
0.9976499346799479,0.0,0.0000000000000001,0.0000000000000000,-0.0033357799430881,0.0071799714156706,5.5920517991341301,3.0001147685491079,2.533618,-0.747862,-1.7857561821783,0.1052034215580,0,1.0e-12
0.9976573573822546,0.0,0.0000000000000000,0.0000000000000000,-0.0033339328544918,0.0072305568022713,5.6026826500572620,3.0001144592951157,2.539987,-0.664919,-1.8750685415323,0.3111149483306,0,1.4e-12
0.9976650326810838,0.0,-0.0000000000000000,0.0000000000000000,-0.0033323921735950,0.0072821745251329,5.6135303953446272,3.0001141454774545,2.545853,-0.577817,-1.9680360857193,0.5289642231361,0,3.5e-13
0.9976729803018916,0.0,0.0000000000000000,0.0000000000000000,-0.0033312071001722,0.0073348883037235,5.6246002140146967,3.0001138270392884,2.551139,-0.486374,-2.0647655692105,0.7591930371239,0,2.1e-12
0.9976751556455683,0.0,-0.0000000000000000,0.0000000000000000,-0.0033309575374730,0.0073491865254120,5.6276002140146968,3.0001137410524010,2.552445,-0.461149,-2.0912966140098,0.8229436570711,0,2.3e-13
0.9976773406039183,0.0,0.0000000000000002,0.0000000000000000,-0.0033307398547045,0.0073634917601116,5.6306002140146969,3.0001136551981697,2.553695,-0.435735,-2.1179607477148,0.8872662696768,0,2.6e-12
0.9976795354299958,0.0,0.0000000000000000,0.0000000000000000,-0.0033305548055494,0.0073778049545449,5.6336002140146970,3.0001135694763752,2.554889,-0.410132,-2.1447569536907,0.9521571338727,0,3.9e-13
0.9976817403856630,0.0,-0.0000000000000000,0.0000000000000000,-0.0033304031719651,0.0073921270810068,5.6366002140146962,3.0001134838868109,2.556026,-0.384342,-2.1716842208647,1.0176123870970,0,4.1e-14
0.9976839557420231,0.0,0.0000000000000000,0.0000000000000000,-0.0033302857656125,0.0074064591386942,5.6396002140146964,3.0001133984292809,2.557105,-0.358363,-2.1987415506774,1.0836280423014,0,1.0e-13
0.9976861817798788,0.0,0.0000000000000000,0.0000000000000000,-0.0033302034293923,0.0074208021551197,5.6426002140146965,3.0001133131036060,2.558124,-0.332197,-2.2259279579524,1.1501999936087,0,8.2e-13
0.9976884187902235,0.0,-0.0000000000000000,0.0000000000000000,-0.0033301570390749,0.0074351571876156,5.6456002140146966,3.0001132279096177,2.559085,-0.305842,-2.2532424724507,1.2173240218034,0,2.5e-12
0.9976906670747624,0.0,-0.0000000000000000,0.0000000000000000,-0.0033301475050426,0.0074495253249310,5.6486002140146967,3.0001131428471646,2.559984,-0.279300,-2.2806841458600,1.2849957936665,0,8.7e-13
0.9976929269464688,0.0,0.0000000000000000,0.0000000000000000,-0.0033301757741553,0.0074639076889343,5.6516002140146968,3.0001130579161099,2.560823,-0.252571,-2.3082520475055,1.3532108761958,0,1.6e-12
0.9976951987301790,0.0,0.0000000000000001,0.0000000000000000,-0.0033302428317390,0.0074783054364258,5.6546002140146969,3.0001129731163330,2.561599,-0.225654,-2.3359452762678,1.4219647317036,0,1.3e-12
0.9976974827632260,0.0,-0.0000000000000001,0.0000000000000000,-0.0033303497037262,0.0074927197610681,5.6576002140146970,3.0001128884477315,2.562313,-0.198550,-2.3637629580685,1.4912527317714,0,1.5e-12
0.9976997793961196,0.0,0.0000000000000000,0.0000000000000000,-0.0033304974589265,0.0075071518954633,5.6606002140146963,3.0001128039102207,2.562963,-0.171259,-2.3917042519146,1.5610701614827,0,1.2e-12
0.9977020889932727,0.0,0.0000000000000000,0.0000000000000000,-0.0033306872115051,0.0075216031133354,5.6636002140146964,3.0001127195037371,2.563549,-0.143780,-2.4197683556212,1.6314122257527,0,1.1e-12
0.9977044119337802,0.0,-0.0000000000000003,0.0000000000000000,-0.0033309201235955,0.0075360747319119,5.6666002140146965,3.0001126352282377,2.564069,-0.116115,-2.4479545078170,1.7022740609437,0,3.6e-12
0.9977067486122557,0.0,-0.0000000000000001,0.0000000000000000,-0.0033311974081427,0.0075505681144451,5.6696002140146966,3.0001125510836997,2.564524,-0.088262,-2.4762619942785,1.7736507428908,0,3.6e-12
0.9977090994397297,0.0,0.0000000000000005,0.0000000000000000,-0.0033315203319570,0.0075650846729223,5.6726002140146967,3.0001124670701262,2.564912,-0.060221,-2.5046901535022,1.8455372974634,0,3.7e-12
0.9977114648446130,0.0,-0.0000000000000000,0.0000000000000000,-0.0033318902189997,0.0075796258709635,5.6756002140146968,3.0001123831875449,2.565232,-0.031994,-2.5332383876593,1.9179287071128,0,1.3e-13
0.9977138452737400,0.0,-0.0000000000000000,0.0000000000000000,-0.0033323084539279,0.0075941932269770,5.6786002140146969,3.0001122994360103,2.565484,-0.003578,-2.5619061577536,1.9908199360556,0,6.4e-13
0.9977162411934865,0.0,0.0000000000000000,0.0000000000000000,-0.0033327764859396,0.0076087883174954,5.6816002140146971,3.0001122158156068,2.565668,0.025025,-2.5906930022993,2.0642059323489,0,3.6e-13
0.9977186530909807,0.0,-0.0000000000000000,0.0000000000000000,-0.0033332958329165,0.0076234127808165,5.6846002140146963,3.0001121323264481,2.565782,0.053817,-2.6195985396627,2.1380816497497,0,9.7e-14
0.9977210814754112,0.0,0.0000000000000000,0.0000000000000000,-0.0033338680859252,0.0076380683209095,5.6876002140146964,3.0001120489686830,2.565826,0.082797,-2.6486224783099,2.2124420636541,0,8.0e-14
0.9977235268794407,0.0,0.0000000000000000,0.0000000000000000,-0.0033344949140968,0.0076527567116403,5.6906002140146965,3.0001119657424957,2.565799,0.111966,-2.6777646267122,2.2872821903920,0,4.0e-13
0.9977259898607410,0.0,-0.0000000000000003,0.0000000000000000,-0.0033351780699288,0.0076674798013424,5.6936002140146966,3.0001118826481061,2.565700,0.141325,-2.7070249046948,2.3625971079557,0,4.1e-12
0.9977284710036570,0.0,-0.0000000000000000,0.0000000000000000,-0.0033359193950592,0.0076822395177680,5.6966002140146967,3.0001117996857811,2.565529,0.170874,-2.7364033509573,2.4383819837554,0,5.4e-13
0.9977309709210169,0.0,0.0000000000000000,0.0000000000000000,-0.0033367208265568,0.0076970378734575,5.6996002140146969,3.0001117168558280,2.565286,0.200614,-2.7659001448527,2.5146320932828,0,1.1e-13
0.9977334902561011,0.0,-0.0000000000000002,0.0000000000000000,-0.0033375844037906,0.0077118769715766,5.7026002140146970,3.0001116341586029,2.564970,0.230546,-2.7955156124065,2.5913428570412,0,1.9e-12
0.9977360296847938,0.0,0.0000000000000000,0.0000000000000000,-0.0033385122759512,0.0077267590122769,5.7056002140146971,3.0001115515945185,2.564580,0.260670,-2.8252502452312,2.6685098707416,0,8.2e-13
0.9977385899179255,0.0,-0.0000000000000000,0.0000000000000000,-0.0033395067102763,0.0077416862995985,5.7086002140146963,3.0001114691640400,2.564116,0.290989,-2.8551047217026,2.7461289391416,0,3.3e-13
0.9977411717038469,0.0,-0.0000000000000001,0.0000000000000000,-0.0033405701010995,0.0077566612490536,5.7116002140146964,3.0001113868676974,2.563578,0.321502,-2.8850799215341,2.8241961212564,0,3.1e-13
0.9977437758312423,0.0,-0.0000000000000000,0.0000000000000000,-0.0033417049797874,0.0077716863958888,5.7146002140146965,3.0001113047060888,2.562965,0.352212,-2.9151769517882,2.9027077729578,0,6.8e-13
0.9977464031322244,0.0,-0.0000000000000000,0.0000000000000000,-0.0033429140257024,0.0077867644041500,5.7176002140146966,3.0001112226798852,2.562277,0.383120,-2.9453971702080,2.9816605993848,0,3.6e-13
0.9977490544857401,0.0,-0.0000000000000000,0.0000000000000000,-0.0033442000783063,0.0078018980766405,5.7206002140146968,3.0001111407898393,2.561514,0.414228,-2.9757422138543,3.0610517119437,0,1.7e-13
0.9977517308213273,0.0,-0.0000000000000000,0.0000000000000000,-0.0033455661505586,0.0078170903658745,5.7236002140146969,3.0001110590367928,2.560676,0.445538,-3.0062140302440,3.1408786932516,0,5.6e-15
0.9977544331232673,0.0,0.0000000000000000,0.0000000000000000,-0.0033470154437835,0.0078323443861558,5.7266002140146970,3.0001109774216861,2.559763,0.477052,-3.0368149124275,3.2211396703325,0,5.4e-13
0.9977571624351869,0.0,0.0000000000000000,0.0000000000000000,-0.0033485513642011,0.0078476634269276,5.7296002140146971,3.0001108959455673,2.558776,0.508772,-3.0675475397015,3.3018333968078,0,6.6e-13
0.9977599198651701,0.0,0.0000000000000000,0.0000000000000000,-0.0033501775413652,0.0078630509675583,5.7326002140146963,3.0001108146096027,2.557714,0.540701,-3.0984150227414,3.3829593467293,0,7.7e-13
0.9977627065914484,0.0,-0.0000000000000000,0.0000000000000000,-0.0033518978487705,0.0078785106937584,5.7356002140146964,3.0001107334150934,2.556578,0.572843,-3.1294209540705,3.4645178216460,0,3.1e-13
0.9977655238687567,0.0,0.0000000000000000,0.0000000000000000,-0.0033537164269568,0.0078940465158588,5.7386002140146966,3.0001106523634844,2.555369,0.605200,-3.1605694683589,3.5465100712040,0,4.7e-12
0.9977683730354474,0.0,0.0000000000000000,0.0000000000000000,-0.0033556377094862,0.0079096625892071,5.7416002140146967,3.0001105714563874,2.554088,0.637777,-3.1918653114966,3.6289384314853,0,9.3e-13
0.9977712555214802,0.0,-0.0000000000000000,0.0000000000000000,-0.0033576664522489,0.0079253633370008,5.7446002140146968,3.0001104906955929,2.552737,0.670577,-3.2233139114238,3.7118064874024,0,3.5e-13
0.9977741728574214,0.0,-0.0000000000000000,0.0000000000000000,-0.0033598077666098,0.0079411534759186,5.7476002140146969,3.0001104100831020,2.551316,0.703605,-3.2549214730149,3.7951192535304,0,6.3e-13
0.9977771266846152,0.0,-0.0000000000000001,0.0000000000000000,-0.0033620671570571,0.0079570380449821,5.7506002140146970,3.0001103296211400,2.549829,0.736867,-3.2866950802460,3.8788833872482,0,2.6e-12
0.9977801187667167,0.0,0.0000000000000000,0.0000000000000000,-0.0033644505641031,0.0079730224381664,5.7536002140146962,3.0001102493121974,2.548276,0.770367,-3.3186428112991,3.9631074365724,0,3.4e-13
0.9977831510028213,0.0,0.0000000000000001,0.0000000000000000,-0.0033669644133583,0.0079891124413698,5.7566002140146963,3.0001101691590542,2.546661,0.804112,-3.3507738839851,4.0478021256189,0,2.2e-12
0.9977862254424652,0.0,-0.0000000000000000,0.0000000000000000,-0.0033696156719089,0.0080053142744838,5.7596002140146965,3.0001100891648291,2.544989,0.838110,-3.3830988148579,4.1329806925493,0,6.0e-13
0.9977893443028379,0.0,-0.0000000000000001,0.0000000000000000,-0.0033724119133552,0.0080216346394550,5.7626002140146966,3.0001100093330195,2.543262,0.872368,-3.4156296106831,4.2186592852240,0,6.4e-13
0.9977925099886205,0.0,0.0000000000000000,0.0000000000000000,-0.0033753613932004,0.0080380807754181,5.7656002140146967,3.0001099296675595,2.541487,0.906893,-3.4483799970043,4.3048574289188,0,1.6e-13
0.9977957251149552,0.0,-0.0000000000000001,0.0000000000000000,-0.0033784731366612,0.0080546605222246,5.7686002140146968,3.0001098501728891,2.539669,0.941697,-3.4813656886962,4.3915985829704,0,1.6e-12
0.9977989925341778,0.0,-0.0000000000000000,0.0000000000000000,-0.0033817570414980,0.0080713823939975,5.7716002140146969,3.0001097708540283,2.537815,0.976789,-3.5146047096200,4.4789108061821,0,3.0e-13
0.9978023153670975,0.0,0.0000000000000000,0.0000000000000000,-0.0033852239991177,0.0080882556647199,5.7746002140146970,3.0001096917166739,2.535936,1.012181,-3.5481177853597,4.5668275573216,0,5.4e-13
0.9978056970398106,0.0,0.0000000000000000,0.0000000000000000,-0.0033888860380711,0.0081052904683826,5.7776002140146963,3.0001096127673144,2.534042,1.047886,-3.5819288095740,4.6553886644585,0,4.0e-13
0.9978091413272981,0.0,-0.0000000000000001,0.0000000000000000,-0.0033927564952061,0.0081224979168463,5.7806002140146964,3.0001095340133692,2.532146,1.083919,-3.6160654218463,4.7446415079515,0,1.9e-12
0.9978126524054133,0.0,0.0000000000000001,0.0000000000000000,-0.0033968502212699,0.0081398902394577,5.7836002140146965,3.0001094554633592,2.530265,1.120295,-3.6505597096497,4.8346424733631,0,1.3e-13
0.9978162349133258,0.0,-0.0000000000000000,0.0000000000000000,-0.0034011838298128,0.0081574809495471,5.7866002140146966,3.0001093771271181,2.528418,1.157031,-3.6854490884329,4.9254587543779,0,1.3e-13
0.9978198940291324,0.0,0.0000000000000000,0.0000000000000000,-0.0034057760010461,0.0081752850445107,5.7896002140146967,3.0001092990160561,2.526629,1.194149,-3.7207773927403,5.0171706056871,0,4.0e-13
0.9978236355622155,0.0,0.0000000000000000,0.0000000000000000,-0.0034106478562286,0.0081933192482050,5.7926002140146968,3.0001092211434943,2.524928,1.231669,-3.7565962616360,5.1098741903817,0,2.4e-13
0.9978274660671481,0.0,0.0000000000000000,0.0000000000000000,-0.0034158234236106,0.0082116023072618,5.7956002140146969,3.0001091435250862,2.523352,1.269615,-3.7929669047582,5.2036852147937,0,3.2e-13
0.9978313929856699,0.0,-0.0000000000000000,0.0000000000000000,-0.0034213302248095,0.0082301553569199,5.7986002140146971,3.0001090661793657,2.521949,1.308014,-3.8299623861592,5.2987436255291,0,3.2e-13
0.9978354248257452,0.0,0.0000000000000001,0.0000000000000000,-0.0034272000218852,0.0082490023776584,5.8016002140146963,3.0001089891284591,2.520776,1.346895,-3.8676706126234,5.3952197573371,0,2.7e-13
0.9978395713903688,0.0,-0.0000000000000000,0.0000000000000000,-0.0034334697822985,0.0082681707721732,5.8046002140146964,3.0001089123990283,2.519909,1.386289,-3.9061983054656,5.4933224999714,0,2.2e-13
0.9978438440742703,0.0,-0.0000000000000000,0.0000000000000000,-0.0034401829445455,0.0082876921044872,5.8076002140146965,3.0001088360235455,2.519446,1.426230,-3.9456763598035,5.5933103203495,0,2.6e-13
0.9978482562551214,0.0,-0.0000000000000000,0.0000000000000000,-0.0034473911072555,0.0083076030615080,5.8106002140146966,3.0001087600420280,2.519513,1.466754,-3.9862672138015,5.6955064151292,0,5.0e-13
0.9978528238192099,0.0,-0.0000000000000000,0.0000000000000000,-0.0034551563282712,0.0083279467262762,5.8136002140146967,3.0001086845044815,2.520278,1.507897,-4.0281751901443,5.8003199737695,0,3.7e-13
0.9978575658833623,0.0,-0.0000000000000001,0.0000000000000000,-0.0034635543256660,0.0083487742985186,5.8166002140146968,3.0001086094743807,2.521968,1.549693,-4.0716613561778,5.9082767293461,0,8.1e-13
0.9978625058118263,0.0,0.0000000000000000,0.0000000000000000,-0.0034726790531217,0.0083701474752601,5.8196002140146970,3.0001085350338017,2.524894,1.592171,-4.1170654624345,6.0200640619804,0,1.1e-12
0.9978676726920286,0.0,0.0000000000000000,0.0000000000000000,-0.0034826494447299,0.0083921418377951,5.8226002140146971,3.0001084612912030,2.529490,1.635349,-4.1648393915726,6.1365997566823,0,3.5e-13
0.9978731035540491,0.0,0.0000000000000000,0.0000000000000000,-0.0034936197301987,0.0084148518340351,5.8256002140146963,3.0001083883937016,2.536379,1.679221,-4.2156001070159,6.2591408443140,0,5.5e-13
0.9978788468568448,0.0,-0.0000000000000000,0.0000000000000000,-0.0035057959308189,0.0084383984126142,5.8286002140146964,3.0001083165473039,2.546479,1.723739,-4.2702174179897,6.3894639903310,0,5.5e-13
0.9978849682686513,0.0,-0.0000000000000000,0.0000000000000000,-0.0035194637426376,0.0084629413315197,5.8316002140146965,3.0001082460522182,2.561183,1.768785,-4.3299679060885,6.5301818477338,0,3.0e-13
0.9978915609399042,0.0,-0.0000000000000000,0.0000000000000000,-0.0035350391251489,0.0084887003499594,5.8346002140146966,3.0001081773690075,2.582702,1.814123,-4.3968250857177,6.6853393356278,0,3.5e-13
0.9978987655297349,0.0,-0.0000000000000000,0.0000000000000000,-0.0035531691351008,0.0085159950717473,5.8376002140146968,3.0001081112548742,2.614728,1.859333,-4.4740611450106,6.8616500588419,0,5.0e-13
0.9979068146843727,0.0,-0.0000000000000000,0.0000000000000000,-0.0035749612885193,0.0085453298241850,5.8406002140146969,3.0001080490842487,2.663946,1.903727,-4.5676733810613,7.0714267919915,0,2.9e-13
0.9979161537936929,0.0,-0.0000000000000000,0.0000000000000000,-0.0036026225542630,0.0085776131532616,5.8436002140146970,3.0001079937731157,2.744231,1.946303,-4.6905346256555,7.3411064057071,0,7.4e-13
0.9979279144738966,0.0,0.0000000000000001,0.0000000000000000,-0.0036420376141527,0.0086149690951865,5.8466002140146971,3.0001079536445423,2.894045,1.985908,-4.8799531082578,7.7473073621471,0,1.7e-13

