x0,y0,z0,xd0,yd0,zd0,Tp,JC,stabilityIndex1,stabilityIndex2,alpha,beta,impactFlag,error
1.0027567850237509,0.0,0.0000000000000000,0.0000000000000000,-0.0115434482690270,0.0000000000000000,6.5943713206422094,3.0000265014959444,2.000000,0.423238,-2.4232372753586,2.8464749826867,0,7.4e-12
1.0027670471903658,0.0,-0.0000000000000000,0.0000000000000000,-0.0115278417464589,0.0000000000000000,6.5931063621826640,3.0000265203174781,2.000000,0.421168,-2.4211674109365,2.8423356360472,0,1.1e-11
1.0027757149236829,0.0,-0.0000000000000000,0.0000000000000000,-0.0115146910956447,0.0000000000000000,6.5918816997404726,3.0000265385512566,2.000000,0.419165,-2.4191640121080,2.8383293240327,0,1.5e-11
1.0027833834588138,0.0,-0.0000000000000000,0.0000000000000000,-0.0115030789925854,0.0000000000000000,6.5906786681807992,3.0000265564743103,2.000000,0.417198,-2.4171965050076,2.8343948985665,0,1.9e-11
1.0027903541376433,0.0,0.0000000000000000,0.0000000000000000,-0.0114925411760923,0.0000000000000000,6.5894875751592377,3.0000265742305805,2.000000,0.415251,-2.4152490152148,2.8305006144375,0,1.2e-11
1.0027968040450905,0.0,-0.0000000000000000,0.0000000000000000,-0.0114828048868844,0.0000000000000000,6.5883026161569838,3.0000265919063605,2.000000,0.413314,-2.4133120434848,2.8266274702538,0,1.2e-11
1.0028028474926800,0.0,-0.0000000000000000,0.0000000000000000,-0.0114736940888131,0.0000000000000000,6.5871199849968685,3.0000266095583230,2.000000,0.411382,-2.4113793616009,2.8227630134626,0,1.3e-11
1.0028085632391732,0.0,-0.0000000000000000,0.0000000000000000,-0.0114650875159059,0.0000000000000000,6.5859370207511976,3.0000266272261711,2.000000,0.409450,-2.4094466180919,2.8188985460229,0,4.8e-12
1.0028140082196817,0.0,-0.0000000000000000,0.0000000000000000,-0.0114568975165071,0.0000000000000000,6.5847517709197190,3.0000266449391151,2.000000,0.407515,-2.4075106275040,2.8150276946758,0,9.4e-12
1.0028192251436097,0.0,0.0000000000000000,0.0000000000000000,-0.0114490583470253,0.0000000000000000,6.5835627468660940,3.0000266627194998,2.000000,0.405574,-2.4055689606383,2.8111456059204,0,1.9e-11
1.0028242470043849,0.0,0.0000000000000000,0.0000000000000000,-0.0114415192246874,0.0000000000000000,6.5823687773915767,3.0000266805849751,2.000000,0.403625,-2.4036197064523,2.8072484668018,0,7.6e-12
1.0028290999069436,0.0,0.0000000000000000,0.0000000000000000,-0.0114342399723301,0.0000000000000000,6.5811689163344882,3.0000266985498643,2.000000,0.401668,-2.4016613306003,2.8033332057870,0,3.3e-12
1.0028338049203560,0.0,-0.0000000000000000,0.0000000000000000,-0.0114271881650926,0.0000000000000000,6.5799623817350845,3.0000267166260675,2.000000,0.399700,-2.3996925651834,2.7993972893369,0,1.3e-11
1.0028383793368620,0.0,-0.0000000000000000,0.0000000000000000,-0.0114203371915220,0.0000000000000000,6.5787485143608295,3.0000267348236735,2.000000,0.397721,-2.3977123390081,2.7954385853280,0,6.3e-12
1.0028428375541492,0.0,0.0000000000000000,0.0000000000000000,-0.0114136648950117,0.0000000000000000,6.5775267485868731,3.0000267531513960,2.000000,0.395730,-2.3957197411831,2.7914552718132,0,3.2e-12
1.0028471917097079,0.0,0.0000000000000000,0.0000000000000000,-0.0114071525970795,0.0000000000000000,6.5762965914290792,3.0000267716168807,2.000000,0.393725,-2.3937139790767,2.7874457654088,0,1.4e-11
1.0028514521474052,0.0,0.0000000000000000,0.0000000000000000,-0.0114007843790405,0.0000000000000000,6.5750576071186186,3.0000267902269329,2.000000,0.391707,-2.3916943488186,2.7834086692061,0,8.7e-12
1.0028556277675289,0.0,0.0000000000000000,0.0000000000000000,-0.0113945465431320,0.0000000000000000,6.5738094055369443,3.0000268089876956,2.000000,0.389674,-2.3896602280975,2.7793427391756,0,5.1e-12
1.0028597262937553,0.0,-0.0000000000000000,0.0000000000000000,-0.0113884272015535,0.0000000000000000,6.5725516333962988,3.0000268279047715,2.000000,0.387626,-2.3876110528241,2.7752468519979,0,2.4e-12
1.0028637544800669,0.0,-0.0000000000000000,0.0000000000000000,-0.0113824159579713,0.0000000000000000,6.5712839674159600,3.0000268469833298,2.000000,0.385563,-2.3855463102248,2.7711199842507,0,1.3e-11
1.0028677182731813,0.0,-0.0000000000000000,0.0000000000000000,-0.0113765036575133,0.0000000000000000,6.5700061089700714,3.0000268662281857,2.000000,0.383484,-2.3834655225647,2.7669611921983,0,6.0e-12
1.0028716229418324,0.0,0.0000000000000000,0.0000000000000000,-0.0113706821878018,0.0000000000000000,6.5687177798410126,3.0000268856438606,1.999980,0.381389,-2.3813682518720,2.7627696020521,0,5.3e-12
1.0028754731805596,0.0,-0.0000000000000000,0.0000000000000000,-0.0113649443192206,0.0000000000000000,6.5674187188104289,3.0000269052346349,1.999978,0.379276,-2.3792540884940,2.7585443967021,0,5.5e-12
1.0028792731940392,0.0,-0.0000000000000000,0.0000000000000000,-0.0113592835751410,0.0000000000000000,6.5661086788973364,3.0000269250045877,1.999976,0.377147,-2.3771226429104,2.7542848053851,0,7.8e-12
1.0028830267661917,0.0,-0.0000000000000000,0.0000000000000000,-0.0113536941255713,0.0000000000000000,6.5647874250997083,3.0000269449576340,1.999974,0.375000,-2.3749735474813,2.7499900982310,0,1.1e-11
1.0028867373173092,0.0,0.0000000000000000,0.0000000000000000,-0.0113481706992595,0.0000000000000000,6.5634547325316648,3.0000269650975455,1.999971,0.372835,-2.3728064515030,2.7456595794881,0,1.3e-11
1.0028904079515772,0.0,0.0000000000000000,0.0000000000000000,-0.0113427085105640,0.0000000000000000,6.5621103848752416,3.0000269854279820,1.999969,0.370652,-2.3706210186984,2.7412925824812,0,1.3e-11
1.0028940414969723,0.0,-0.0000000000000000,0.0000000000000000,-0.0113373031980681,0.0000000000000000,6.5607541730844563,3.0000270059525032,1.999967,0.368450,-2.3684169246255,2.7368884652138,0,1.4e-11
1.0028976405389245,0.0,0.0000000000000000,0.0000000000000000,-0.0113319507727847,0.0000000000000000,6.5593858942930243,3.0000270266745921,1.999964,0.366230,-2.3661938558117,2.7324466071250,0,1.4e-11
1.0029012074489132,0.0,-0.0000000000000000,0.0000000000000000,-0.0113266475741582,0.0000000000000000,6.5580053508879850,3.0000270475976643,1.999961,0.363990,-2.3639515079231,2.7279664059562,0,1.4e-11
1.0029047444088965,0.0,-0.0000000000000000,0.0000000000000000,-0.0113213902324794,0.0000000000000000,6.5566123497193542,3.0000270687250805,1.999958,0.361731,-2.3616895837851,2.7234472749495,0,1.4e-11
1.0029082534322828,0.0,0.0000000000000000,0.0000000000000000,-0.0113161756366170,0.0000000000000000,6.5552067014220148,3.0000270900601582,1.999955,0.359452,-2.3594077934847,2.7188886410538,0,1.4e-11
1.0029117363820330,0.0,-0.0000000000000000,0.0000000000000000,-0.0113110009061667,0.0000000000000000,6.5537882198308202,3.0000271116061801,1.999952,0.357153,-2.3571058524404,2.7142899426945,0,1.3e-11
1.0029151949863537,0.0,0.0000000000000000,0.0000000000000000,-0.0113058633673046,0.0000000000000000,6.5523567214735587,3.0000271333664021,1.999949,0.354834,-2.3547834809487,2.7096506282645,0,1.2e-11
1.0029186308523659,0.0,-0.0000000000000000,0.0000000000000000,-0.0113007605317564,0.0000000000000000,6.5509120251292874,3.0000271553440596,1.999946,0.352495,-2.3524404035075,2.7049701547027,0,1.2e-11
1.0029220454780501,0.0,0.0000000000000000,0.0000000000000000,-0.0112956900784167,0.0000000000000000,6.5494539514417891,3.0000271775423735,1.999942,0.350134,-2.3500763480536,2.7002479862143,0,1.1e-11
1.0029254402627323,0.0,-0.0000000000000000,0.0000000000000000,-0.0112906498372114,0.0000000000000000,6.5479823225798137,3.0000271999645549,1.999939,0.347752,-2.3476910456706,2.6954835932593,0,1.0e-11
1.0029288165163304,0.0,0.0000000000000000,0.0000000000000000,-0.0112856377748720,0.0000000000000000,6.5464969619371658,3.0000272226138121,1.999935,0.345349,-2.3452842294924,2.6906764513957,0,1.1e-11
1.0029321754675098,0.0,0.0000000000000000,0.0000000000000000,-0.0112806519823785,0.0000000000000000,6.5449976938667991,3.0000272454933539,1.999931,0.342925,-2.3428556354665,2.6858260408190,0,8.6e-12
1.0029355182709394,0.0,-0.0000000000000000,0.0000000000000000,-0.0112756906637960,0.0000000000000000,6.5434843434442307,3.0000272686063920,1.999927,0.340478,-2.3404050002562,2.6809318450550,0,7.8e-12
1.0029388460137207,0.0,0.0000000000000000,0.0000000000000000,-0.0112707521263729,0.0000000000000000,6.5419567362560693,3.0000272919561453,1.999922,0.338010,-2.3379320623914,2.6759933507850,0,7.8e-12
1.0029421597211501,0.0,0.0000000000000000,0.0000000000000000,-0.0112658347716724,0.0000000000000000,6.5404146982104434,3.0000273155458435,1.999918,0.335519,-2.3354365614010,2.6710100470517,0,8.2e-12
1.0029454603618564,0.0,-0.0000000000000000,0.0000000000000000,-0.0112609370876593,0.0000000000000000,6.5388580553662745,3.0000273393787298,1.999913,0.333005,-2.3329182378059,2.6659814248192,0,6.3e-12
1.0029487488524169,0.0,0.0000000000000000,0.0000000000000000,-0.0112560576415916,0.0000000000000000,6.5372866337790443,3.0000273634580643,1.999908,0.330469,-2.3303768317807,2.6609069761611,0,6.9e-12
1.0029520260615099,0.0,-0.0000000000000000,0.0000000000000000,-0.0112511950736220,0.0000000000000000,6.5357002593609570,3.0000273877871244,1.999903,0.327909,-2.3278120847622,2.6557861943868,0,6.4e-12
1.0029552928136554,0.0,-0.0000000000000000,0.0000000000000000,-0.0112463480910333,0.0000000000000000,6.5340987577536689,3.0000274123692088,1.999898,0.325326,-2.3252237377943,2.6506185732146,0,5.1e-12
1.0029585498926010,0.0,-0.0000000000000000,0.0000000000000000,-0.0112415154630215,0.0000000000000000,6.5324819542121020,3.0000274372076383,1.999892,0.322719,-2.3226115316664,2.6454036065180,0,5.0e-12
1.0029617980443821,0.0,0.0000000000000000,0.0000000000000000,-0.0112366960159743,0.0000000000000000,6.5308496734979640,3.0000274623057606,1.999887,0.320089,-2.3199752072239,2.6401407881503,0,5.0e-12
1.0029650379801045,0.0,0.0000000000000000,0.0000000000000000,-0.0112318886291802,0.0000000000000000,6.5292017397818825,3.0000274876669475,1.999881,0.317434,-2.3173145047395,2.6348296115139,0,5.4e-12
1.0029682703784721,0.0,-0.0000000000000000,0.0000000000000000,-0.0112270922309266,0.0000000000000000,6.5275379765531083,3.0000275132946022,1.999875,0.314755,-2.3146291641434,2.6294695694086,0,4.7e-12
1.0029714958880962,0.0,-0.0000000000000000,0.0000000000000000,-0.0112223057949371,0.0000000000000000,6.5258582065359816,3.0000275391921551,1.999868,0.312051,-2.3119189242505,2.6240601535978,0,5.1e-12
1.0029747151295951,0.0,-0.0000000000000000,0.0000000000000000,-0.0112175283371235,0.0000000000000000,6.5241622516123474,3.0000275653630712,1.999862,0.309322,-2.3091835235039,2.6186008548458,0,5.0e-12
1.0029779286975236,0.0,0.0000000000000000,0.0000000000000000,-0.0112127589126082,0.0000000000000000,6.5224499327493115,3.0000275918108463,1.999855,0.306568,-2.3064226993736,2.6130911625680,0,3.2e-12
1.0029811371621351,0.0,-0.0000000000000000,0.0000000000000000,-0.0112079966129952,0.0000000000000000,6.5207210699317262,3.0000276185390127,1.999848,0.303788,-2.3036361876171,2.6075305644716,0,4.8e-12
1.0029843410710015,0.0,0.0000000000000000,0.0000000000000000,-0.0112032405638641,0.0000000000000000,6.5189754820989165,3.0000276455511381,1.999840,0.300983,-2.3008237241154,2.6019185469232,0,3.8e-12
1.0029875409505011,0.0,-0.0000000000000000,0.0000000000000000,-0.0111984899224643,0.0000000000000000,6.5172129870851823,3.0000276728508286,1.999833,0.298152,-2.2979850424372,2.5962545941434,0,4.1e-12
1.0029907373071925,0.0,0.0000000000000000,0.0000000000000000,-0.0111937438755867,0.0000000000000000,6.5154334015637110,3.0000277004417280,1.999825,0.295295,-2.2951198755590,2.5905381885511,0,3.3e-12
1.0029939306290754,0.0,-0.0000000000000000,0.0000000000000000,-0.0111890016376039,0.0000000000000000,6.5136365409935024,3.0000277283275216,1.999817,0.292411,-2.2922279546344,2.5847688103233,0,3.3e-12
1.0029971213867628,0.0,0.0000000000000000,0.0000000000000000,-0.0111842624486521,0.0000000000000000,6.5118222195690576,3.0000277565119351,1.999808,0.289501,-2.2893090096102,2.5789459374536,0,3.7e-12
1.0030003100345561,0.0,-0.0000000000000000,0.0000000000000000,-0.0111795255729555,0.0000000000000000,6.5099902501724793,3.0000277849987373,1.999800,0.286563,-2.2863627688794,2.5730690455629,0,4.5e-12
1.0030034970114525,0.0,0.0000000000000000,0.0000000000000000,-0.0111747902972605,0.0000000000000000,6.5081404443278297,3.0000278137917422,1.999790,0.283599,-2.2833889596258,2.5671376078957,0,2.4e-12
1.0030066827420647,0.0,0.0000000000000000,0.0000000000000000,-0.0111700559293975,0.0000000000000000,6.5062726121574199,3.0000278428948071,1.999781,0.280606,-2.2803873064169,2.5611510948864,0,3.0e-12
1.0030098676374914,0.0,-0.0000000000000000,0.0000000000000000,-0.0111653217969244,0.0000000000000000,6.5043865623399482,3.0000278723118368,1.999771,0.277586,-2.2773575330645,2.5551089745422,0,3.2e-12
1.0030130520961111,0.0,0.0000000000000000,0.0000000000000000,-0.0111605872458810,0.0000000000000000,6.5024821020701982,3.0000279020467842,1.999761,0.274538,-2.2742993612862,2.5490107120436,0,2.9e-12
1.0030162365043342,0.0,0.0000000000000000,0.0000000000000000,-0.0111558516396130,0.0000000000000000,6.5005590370202393,3.0000279321036500,1.999751,0.271462,-2.2712125108492,2.5428557697118,0,3.2e-12
1.0030194212372954,0.0,0.0000000000000000,0.0000000000000000,-0.0111511143576818,0.0000000000000000,6.4986171713019161,3.0000279624864850,1.999740,0.268357,-2.2680966999010,2.5366436070250,0,2.9e-12
1.0030226066595040,0.0,-0.0000000000000000,0.0000000000000000,-0.0111463747948413,0.0000000000000000,6.4966563074305324,3.0000279931993932,1.999729,0.265223,-2.2649516445332,2.5303736804598,0,2.1e-12
1.0030257931254498,0.0,0.0000000000000000,0.0000000000000000,-0.0111416323600830,0.0000000000000000,6.4946762462896022,3.0000280242465278,1.999717,0.262060,-2.2617770586399,2.5240454434051,0,2.8e-12
1.0030289809801727,0.0,-0.0000000000000000,0.0000000000000000,-0.0111368864757324,0.0000000000000000,6.4926767870965829,3.0000280556320993,1.999705,0.258867,-2.2585726545552,2.5176583462596,0,2.6e-12
1.0030321705597922,0.0,0.0000000000000000,0.0000000000000000,-0.0111321365766113,0.0000000000000000,6.4906577273694586,3.0000280873603691,1.999693,0.255645,-2.2553381422450,2.5112118361954,0,2.3e-12
1.0030353621920038,0.0,-0.0000000000000000,0.0000000000000000,-0.0111273821092444,0.0000000000000000,6.4886188628941177,3.0000281194356586,1.999680,0.252393,-2.2520732294809,2.5047053571716,0,2.6e-12
1.0030385561965514,0.0,0.0000000000000000,0.0000000000000000,-0.0111226225311090,0.0000000000000000,6.4865599876924556,3.0000281518623435,1.999667,0.249111,-2.2487776220484,2.4981383499226,0,3.3e-12
1.0030417528856614,0.0,0.0000000000000000,0.0000000000000000,-0.0111178573099360,0.0000000000000000,6.4844808939910878,3.0000281846448598,1.999653,0.245798,-2.2454510236620,2.4915102519187,0,2.2e-12
1.0030449525644600,0.0,0.0000000000000000,0.0000000000000000,-0.0111130859230411,0.0000000000000000,6.4823813721906633,3.0000282177877020,1.999639,0.242454,-2.2420931350757,2.4848204971337,0,4.0e-12
1.0030481555313571,0.0,-0.0000000000000000,0.0000000000000000,-0.0111083078567019,0.0000000000000000,6.4802612108356676,3.0000282512954262,1.999625,0.239079,-2.2387036558289,2.4780685163920,0,3.1e-12
1.0030513620784207,0.0,-0.0000000000000000,0.0000000000000000,-0.0111035226055556,0.0000000000000000,6.4781201965847215,3.0000282851726516,1.999609,0.235673,-2.2352822821762,2.4712537369006,0,2.7e-12
1.0030545724917104,0.0,-0.0000000000000000,0.0000000000000000,-0.0110987296720478,0.0000000000000000,6.4759581141812363,3.0000283194240596,1.999594,0.232235,-2.2318287082153,2.4643755824701,0,3.7e-12
1.0030577870516177,0.0,-0.0000000000000000,0.0000000000000000,-0.0110939285658835,0.0000000000000000,6.4737747464245130,3.0000283540543977,1.999578,0.228765,-2.2283426260290,2.4574334735091,0,3.0e-12
1.0030610060331615,0.0,-0.0000000000000000,0.0000000000000000,-0.0110891188035331,0.0000000000000000,6.4715698741410863,3.0000283890684782,1.999561,0.225263,-2.2248237246061,2.4504268268038,0,3.3e-12
1.0030642297062895,0.0,0.0000000000000000,0.0000000000000000,-0.0110842999077385,0.0000000000000000,6.4693432761564269,3.0000284244711826,1.999544,0.221728,-2.2212716907747,2.4433550556741,0,3.7e-12
1.0030674583361483,0.0,0.0000000000000000,0.0000000000000000,-0.0110794714070591,0.0000000000000000,6.4670947292668481,3.0000284602674587,1.999526,0.218161,-2.2176862089859,2.4362175699193,0,1.6e-12
1.0030706921833479,0.0,0.0000000000000000,0.0000000000000000,-0.0110746328354305,0.0000000000000000,6.4648240082116599,3.0000284964623285,1.999507,0.214560,-2.2140669602755,2.4290137756226,0,2.1e-12
1.0030739315042079,0.0,-0.0000000000000000,0.0000000000000000,-0.0110697837317464,0.0000000000000000,6.4625308856455046,3.0000285330608834,1.999488,0.210926,-2.2104136237053,2.4217430754011,0,3.2e-12
1.0030771765509958,0.0,0.0000000000000000,0.0000000000000000,-0.0110649236394541,0.0000000000000000,6.4602151321108696,3.0000285700682867,1.999468,0.207258,-2.2067258755834,2.4144048682574,0,3.9e-12
1.0030804275721494,0.0,-0.0000000000000000,0.0000000000000000,-0.0110600521061730,0.0000000000000000,6.4578765160107228,3.0000286074897802,1.999448,0.203555,-2.2030033894060,2.4069985495652,0,3.0e-12
1.0030836848124900,0.0,-0.0000000000000000,0.0000000000000000,-0.0110551686833254,0.0000000000000000,6.4555148035812797,3.0000286453306764,1.999427,0.199819,-2.1992458355861,2.3995235110253,0,2.8e-12
1.0030869485134242,0.0,0.0000000000000000,0.0000000000000000,-0.0110502729257823,0.0000000000000000,6.4531297588648542,3.0000286835963710,1.999405,0.196048,-2.1954528818242,2.3919791407363,0,3.6e-12
1.0030902189131392,0.0,-0.0000000000000000,0.0000000000000000,-0.0110453643915222,0.0000000000000000,6.4507211436827960,3.0000287222923339,1.999382,0.192242,-2.1916241931587,2.3843648231935,0,3.6e-12
1.0030934962467859,0.0,-0.0000000000000000,0.0000000000000000,-0.0110404426413024,0.0000000000000000,6.4482887176084782,3.0000287614241197,1.999359,0.188400,-2.1877594314540,2.3766799392201,0,3.0e-12
1.0030967807466542,0.0,-0.0000000000000000,0.0000000000000000,-0.0110355072383443,0.0000000000000000,6.4458322379403192,3.0000288009973639,1.999335,0.184523,-2.1838582554318,2.3689238659849,0,3.5e-12
1.0031000726423436,0.0,0.0000000000000000,0.0000000000000000,-0.0110305577480245,0.0000000000000000,6.4433514596748465,3.0000288410177847,1.999310,0.180610,-2.1799203210912,2.3610959770730,0,3.2e-12
1.0031033721609202,0.0,-0.0000000000000000,0.0000000000000000,-0.0110255937375827,0.0000000000000000,6.4408461354797435,3.0000288814911880,1.999284,0.176661,-2.1759452810252,2.3531956424059,0,3.3e-12
1.0031066795270733,0.0,-0.0000000000000000,0.0000000000000000,-0.0110206147758307,0.0000000000000000,6.4383160156669152,3.0000289224234660,1.999258,0.172675,-2.1719327848116,2.3452222283066,0,3.2e-12
1.0031099949632636,0.0,-0.0000000000000000,0.0000000000000000,-0.0110156204328763,0.0000000000000000,6.4357608481655211,3.0000289638205992,1.999230,0.168652,-2.1678824786784,2.3371750974818,0,3.8e-12
1.0031133186898609,0.0,-0.0000000000000000,0.0000000000000000,-0.0110106102798523,0.0000000000000000,6.4331803784949786,3.0000290056886616,1.999201,0.164593,-2.1637940057989,2.3290536090815,0,3.2e-12
1.0031166509252833,0.0,0.0000000000000000,0.0000000000000000,-0.0110055838886529,0.0000000000000000,6.4305743497379320,3.0000290480338174,1.999172,0.160495,-2.1596670056452,2.3208571186420,0,3.5e-12
1.0031199918861260,0.0,0.0000000000000000,0.0000000000000000,-0.0110005408316764,0.0000000000000000,6.4279425025131598,3.0000290908623257,1.999142,0.156360,-2.1555011145643,2.3125849781893,0,3.3e-12
1.0031233417872867,0.0,0.0000000000000000,0.0000000000000000,-0.0109954806815755,0.0000000000000000,6.4252845749484235,3.0000291341805445,1.999110,0.152186,-2.1512959651890,2.3042365362009,0,4.0e-12
1.0031267008420868,0.0,-0.0000000000000000,0.0000000000000000,-0.0109904030110097,0.0000000000000000,6.4226003026532483,3.0000291779949260,1.999077,0.147974,-2.1470511868418,2.2958111376868,0,4.1e-12
1.0031300692623877,0.0,-0.0000000000000000,0.0000000000000000,-0.0109853073924068,0.0000000000000000,6.4198894186916124,3.0000292223120271,1.999044,0.143723,-2.1427664050057,2.2873081241722,0,4.6e-12
1.0031334472587019,0.0,0.0000000000000000,0.0000000000000000,-0.0109801933977266,0.0000000000000000,6.4171516535545523,3.0000292671385043,1.999009,0.139433,-2.1384412417003,2.2787268337841,0,3.7e-12
1.0031368350403020,0.0,0.0000000000000000,0.0000000000000000,-0.0109750605982288,0.0000000000000000,6.4143867351326689,3.0000293124811206,1.998973,0.135103,-2.1340753146667,2.2700666012125,0,5.4e-12
1.0031402328153249,0.0,0.0000000000000000,0.0000000000000000,-0.0109699085642458,0.0000000000000000,6.4115943886885285,3.0000293583467443,1.998935,0.130733,-2.1296682384724,2.2613267578703,0,6.0e-12
1.0031436407908743,0.0,-0.0000000000000000,0.0000000000000000,-0.0109647368649547,0.0000000000000000,6.4087743368289534,3.0000294047423539,1.998897,0.126323,-2.1252196234201,2.2525066318458,0,5.3e-12
1.0031470591731173,0.0,-0.0000000000000000,0.0000000000000000,-0.0109595450681588,0.0000000000000000,6.4059262994771817,3.0000294516750374,1.998857,0.121872,-2.1207290754828,2.2436055479600,0,6.3e-12
1.0031504881673776,0.0,-0.0000000000000000,0.0000000000000000,-0.0109543327400684,0.0000000000000000,6.4030499938449053,3.0000294991519976,1.998815,0.117381,-2.1161961970215,2.2346228278930,0,6.7e-12
1.0031539279782322,0.0,0.0000000000000000,0.0000000000000000,-0.0109490994450784,0.0000000000000000,6.4001451344041893,3.0000295471805529,1.998772,0.112848,-2.1116205857843,2.2255577901676,0,8.3e-12
1.0031573788095960,0.0,0.0000000000000000,0.0000000000000000,-0.0109438447455581,0.0000000000000000,6.3972114328592218,3.0000295957681389,1.998728,0.108274,-2.1070018356053,2.2164097502819,0,8.5e-12
1.0031608408648118,0.0,0.0000000000000000,0.0000000000000000,-0.0109385682016338,0.0000000000000000,6.3942485981179429,3.0000296449223138,1.998682,0.103657,-2.1023395354773,2.2071780207196,0,9.3e-12
1.0031643143467337,0.0,0.0000000000000000,0.0000000000000000,-0.0109332693709761,0.0000000000000000,6.3912563362635115,3.0000296946507579,1.998635,0.098999,-2.0976332698969,2.1978619110603,0,1.2e-11
1.0031677994578094,0.0,-0.0000000000000000,0.0000000000000000,-0.0109279478085883,0.0000000000000000,6.3882343505256109,3.0000297449612763,1.998586,0.094297,-2.0928826192149,2.1884607280913,0,1.4e-11
1.0031712964001607,0.0,-0.0000000000000000,0.0000000000000000,-0.0109226030665940,0.0000000000000000,6.3851823412515998,3.0000297958618041,1.998535,0.089553,-2.0880871584395,2.1789737758336,0,1.6e-11
1.0031748053756693,0.0,-0.0000000000000000,0.0000000000000000,-0.0109172346940139,0.0000000000000000,6.3821000058775166,3.0000298473604077,1.998482,0.084765,-2.0832464594369,2.1694003557296,0,9.8e-13
1.0031783265860266,0.0,-0.0000000000000000,0.0000000000000000,-0.0109118422365958,0.0000000000000000,6.3789870388987460,3.0000298994652863,1.998427,0.079933,-2.0783600847618,2.1597397665456,0,8.0e-13
1.0031818602328459,0.0,-0.0000000000000000,0.0000000000000000,-0.0109064252365435,0.0000000000000000,6.3758431318408748,3.0000299521847782,1.998371,0.075057,-2.0734275958428,2.1499913047679,0,4.2e-13
1.0031854065177135,0.0,0.0000000000000000,0.0000000000000000,-0.0109009832323404,0.0000000000000000,6.3726679732299569,3.0000300055273588,1.998312,0.070136,-2.0684485473766,2.1401542645235,0,1.4e-12
1.0031889656422648,0.0,-0.0000000000000000,0.0000000000000000,-0.0108955157585268,0.0000000000000000,6.3694612485628053,3.0000300595016482,1.998252,0.065171,-2.0634224889252,2.1302279377715,0,1.3e-12
1.0031925378082551,0.0,-0.0000000000000000,0.0000000000000000,-0.0108900223454869,0.0000000000000000,6.3662226402770390,3.0000301141164130,1.998189,0.060160,-2.0583489641682,2.1202116144211,0,5.8e-13
1.0031961232176310,0.0,0.0000000000000000,0.0000000000000000,-0.0108845025192272,0.0000000000000000,6.3629518277209378,3.0000301693805667,1.998124,0.055104,-2.0532275107559,2.1101045824786,0,2.6e-12
1.0031997220725963,0.0,-0.0000000000000000,0.0000000000000000,-0.0108789558011618,0.0000000000000000,6.3596484871230752,3.0000302253031781,1.998056,0.050002,-2.0480576611547,2.0999061282090,0,1.2e-12
1.0032033345756803,0.0,0.0000000000000000,0.0000000000000000,-0.0108733817078910,0.0000000000000000,6.3563122915617463,3.0000302818934710,1.997986,0.044853,-2.0428389407477,2.0896155362909,0,8.8e-13
1.0032069609298042,0.0,0.0000000000000000,0.0000000000000000,-0.0108677797509775,0.0000000000000000,6.3529429109341775,3.0000303391608272,1.997913,0.039657,-2.0375708689707,2.0792320899969,0,1.5e-12
1.0032106013383475,0.0,-0.0000000000000000,0.0000000000000000,-0.0108621494367199,0.0000000000000000,6.3495400119255088,3.0000303971147932,1.997838,0.034415,-2.0322529586706,2.0687550713779,0,2.5e-12
1.0032142560052117,0.0,0.0000000000000000,0.0000000000000000,-0.0108564902659251,0.0000000000000000,6.3461032579775445,3.0000304557650814,1.997760,0.029124,-2.0268847160318,2.0581837614572,0,2.4e-12
1.0032179251348838,0.0,-0.0000000000000000,0.0000000000000000,-0.0108508017336767,0.0000000000000000,6.3426323092572661,3.0000305151215745,1.997679,0.023786,-2.0214656398242,2.0475174404499,0,3.4e-12
1.0032216089325017,0.0,0.0000000000000000,0.0000000000000000,-0.0108450833290981,0.0000000000000000,6.3391268226251096,3.0000305751943301,1.997595,0.018400,-2.0159952219319,2.0367553879763,0,3.9e-12
1.0032253076039153,0.0,-0.0000000000000000,0.0000000000000000,-0.0108393345351152,0.0000000000000000,6.3355864516029801,3.0000306359935833,1.997508,0.012965,-2.0104729465137,2.0258968833097,0,3.5e-12
1.0032290213557504,0.0,-0.0000000000000000,0.0000000000000000,-0.0108335548282109,0.0000000000000000,6.3320108463420262,3.0000306975297524,1.997418,0.007480,-2.0048982898061,2.0149412056335,0,3.6e-12
1.0032327503954703,0.0,0.0000000000000000,0.0000000000000000,-0.0108277436781792,0.0000000000000000,6.3283996535901332,3.0000307598134413,1.997324,0.001946,-1.9992707200578,2.0038876343018,0,4.3e-12
1.0032364949314367,0.0,0.0000000000000000,0.0000000000000000,-0.0108219005478720,0.0000000000000000,6.3247525166591601,3.0000308228554458,1.997227,-0.003637,-1.9935896971654,1.9927354491320,0,4.3e-12
1.0032402551729733,0.0,0.0000000000000000,0.0000000000000000,-0.0108160248929419,0.0000000000000000,6.3210690753918923,3.0000308866667567,1.997126,-0.009271,-1.9878546720847,1.9814839307198,0,5.3e-12
1.0032440313304254,0.0,-0.0000000000000000,0.0000000000000000,-0.0108101161615797,0.0000000000000000,6.3173489661287094,3.0000309512585641,1.997021,-0.014956,-1.9820650869458,1.9701323607449,0,5.2e-12
1.0032478236152227,0.0,0.0000000000000000,0.0000000000000000,-0.0108041737942451,0.0000000000000000,6.3135918216739633,3.0000310166422652,1.996912,-0.020692,-1.9762203741728,1.9586800223473,0,5.6e-12
1.0032516322399387,0.0,0.0000000000000000,0.0000000000000000,-0.0107981972233946,0.0000000000000000,6.3097972712620471,3.0000310828294636,1.996799,-0.026479,-1.9703199565306,1.9471262004726,0,5.5e-12
1.0032554574183541,0.0,-0.0000000000000000,0.0000000000000000,-0.0107921858731987,0.0000000000000000,6.3059649405231655,3.0000311498319809,1.996682,-0.032319,-1.9643632463788,1.9354701822850,0,6.1e-12
1.0032592993655169,0.0,0.0000000000000000,0.0000000000000000,-0.0107861391592553,0.0000000000000000,6.3020944514487756,3.0000312176618555,1.996560,-0.038210,-1.9583496455461,1.9237112575683,0,6.7e-12
1.0032631582978053,0.0,-0.0000000000000000,0.0000000000000000,-0.0107800564882959,0.0000000000000000,6.2981854223567080,3.0000312863313541,1.996433,-0.044154,-1.9522785447415,1.9118487191767,0,6.1e-12
1.0032670344329881,0.0,0.0000000000000000,0.0000000000000000,-0.0107739372578829,0.0000000000000000,6.2942374678559450,3.0000313558529705,1.996301,-0.050152,-1.9461493228232,1.8998818635377,0,6.5e-12
1.0032709279902869,0.0,0.0000000000000000,0.0000000000000000,-0.0107677808561020,0.0000000000000000,6.2902501988110568,3.0000314262394383,1.996164,-0.056203,-1.9399613467938,1.8878099911072,0,6.4e-12
1.0032748391904411,0.0,0.0000000000000000,0.0000000000000000,-0.0107615866612416,0.0000000000000000,6.2862232223062815,3.0000314975037328,1.996022,-0.062308,-1.9337139707818,1.8756324069600,0,6.5e-12
1.0032787682557673,0.0,-0.0000000000000000,0.0000000000000000,-0.0107553540414686,0.0000000000000000,6.2821561416092324,3.0000315696590745,1.995874,-0.068467,-1.9274065357316,1.8633484213332,0,6.9e-12
1.0032827154102251,0.0,0.0000000000000000,0.0000000000000000,-0.0107490823544928,0.0000000000000000,6.2780485561342312,3.0000316427189433,1.995720,-0.074681,-1.9210383688566,1.8509573502271,0,5.7e-12
1.0032866808794807,0.0,0.0000000000000000,0.0000000000000000,-0.0107427709472208,0.0000000000000000,6.2739000614052554,3.0000317166970758,1.995559,-0.080950,-1.9146087824670,1.8384585161284,0,6.3e-12
1.0032906648909714,0.0,-0.0000000000000000,0.0000000000000000,-0.0107364191554021,0.0000000000000000,6.2697102490184804,3.0000317916074790,1.995393,-0.087275,-1.9081170740875,1.8258512486005,0,6.2e-12
1.0032946676739711,0.0,-0.0000000000000000,0.0000000000000000,-0.0107300263032631,0.0000000000000000,6.2654787066044157,3.0000318674644335,1.995219,-0.093656,-1.9015625251400,1.8131348850982,0,5.0e-12
1.0032986894596552,0.0,0.0000000000000000,0.0000000000000000,-0.0107235917031323,0.0000000000000000,6.2612050177896084,3.0000319442825005,1.995038,-0.100094,-1.8949444001076,1.8003087717766,0,5.7e-12
1.0033027304811706,0.0,-0.0000000000000000,0.0000000000000000,-0.0107171146550495,0.0000000000000000,6.2568887621579226,3.0000320220765322,1.994850,-0.106588,-1.8882619463698,1.7873722642317,0,4.8e-12
1.0033067909736997,0.0,-0.0000000000000000,0.0000000000000000,-0.0107105944463689,0.0000000000000000,6.2525295152113598,3.0000321008616755,1.994654,-0.113140,-1.8815143924596,1.7743247285350,0,5.2e-12
1.0033108711745324,0.0,-0.0000000000000000,0.0000000000000000,-0.0107040303513451,0.0000000000000000,6.2481268483304255,3.0000321806533816,1.994450,-0.119750,-1.8747009478682,1.7611655420777,0,4.8e-12
1.0033149713231346,0.0,0.0000000000000000,0.0000000000000000,-0.0106974216307073,0.0000000000000000,6.2436803287340146,3.0000322614674153,1.994238,-0.126417,-1.8678208015897,1.7478940946750,0,4.3e-12
1.0033190916612194,0.0,0.0000000000000000,0.0000000000000000,-0.0106907675312205,0.0000000000000000,6.2391895194388143,3.0000323433198610,1.994017,-0.133143,-1.8608731212716,1.7345097896241,0,3.5e-12
1.0033232324328198,0.0,-0.0000000000000000,0.0000000000000000,-0.0106840672852298,0.0000000000000000,6.2346539792182023,3.0000324262271332,1.993786,-0.139929,-1.8538570519332,1.7210120449098,0,3.6e-12
1.0033273938843610,0.0,0.0000000000000000,0.0000000000000000,-0.0106773201101937,0.0000000000000000,6.2300732625606257,3.0000325102059837,1.993545,-0.146774,-1.8467717150482,1.7074002944049,0,4.1e-12
1.0033315762647372,0.0,-0.0000000000000000,0.0000000000000000,-0.0106705252081958,0.0000000000000000,6.2254469196274593,3.0000325952735118,1.993294,-0.153678,-1.8396162071447,1.6936739892255,0,3.5e-12
1.0033357798253861,0.0,0.0000000000000000,0.0000000000000000,-0.0106636817654461,0.0000000000000000,6.2207744962103080,3.0000326814471756,1.993033,-0.160643,-1.8323895982419,1.6798325992103,0,3.7e-12
1.0033400048203684,0.0,0.0000000000000000,0.0000000000000000,-0.0106567889517581,0.0000000000000000,6.2160555336877614,3.0000327687447976,1.992760,-0.167669,-1.8250909307865,1.6658756143756,0,3.5e-12
1.0033442515064461,0.0,0.0000000000000000,0.0000000000000000,-0.0106498459200146,0.0000000000000000,6.2112895689815630,3.0000328571845793,1.992475,-0.174756,-1.8177192178855,1.6518025465979,0,2.9e-12
1.0033485201431636,0.0,0.0000000000000000,0.0000000000000000,-0.0106428518056091,0.0000000000000000,6.2064761345122008,3.0000329467851103,1.992178,-0.181905,-1.8102734417137,1.6376129313629,0,2.6e-12
1.0033528109929319,0.0,-0.0000000000000000,0.0000000000000000,-0.0106358057258681,0.0000000000000000,6.2016147581538901,3.0000330375653759,1.991868,-0.189116,-1.8027525518249,1.6233063296280,0,2.4e-12
1.0033571243211132,0.0,-0.0000000000000000,0.0000000000000000,-0.0106287067794551,0.0000000000000000,6.1967049631889406,3.0000331295447755,1.991545,-0.196389,-1.7951554633653,1.6088823298162,0,1.6e-12
1.0033614603961065,0.0,-0.0000000000000000,0.0000000000000000,-0.0106215540457500,0.0000000000000000,6.1917462682614852,3.0000332227431281,1.991207,-0.203725,-1.7874810549121,1.5943405500208,0,1.4e-12
1.0033658194894386,0.0,0.0000000000000000,0.0000000000000000,-0.0106143465842054,0.0000000000000000,6.1867381873305671,3.0000333171806881,1.990853,-0.211125,-1.7797281665991,1.5796806402413,0,1.1e-12
1.0033702018758532,0.0,-0.0000000000000000,0.0000000000000000,-0.0106070834336796,0.0000000000000000,6.1816802296225593,3.0000334128781558,1.990484,-0.218589,-1.7718955977189,1.5649022849185,0,1.3e-12
1.0033746078334069,0.0,-0.0000000000000000,0.0000000000000000,-0.0105997636117444,0.0000000000000000,6.1765718995829104,3.0000335098566921,1.990099,-0.226117,-1.7639821045157,1.5500052055115,0,6.3e-13
1.0033790376435632,0.0,0.0000000000000000,0.0000000000000000,-0.0105923861139653,0.0000000000000000,6.1714126968271970,3.0000336081379326,1.989696,-0.233710,-1.7559863973730,1.5349891634356,0,3.2e-13
1.0033834915912914,0.0,-0.0000000000000000,0.0000000000000000,-0.0105849499131546,0.0000000000000000,6.1662021160914682,3.0000337077439996,1.989275,-0.241367,-1.7479071383386,1.5198539630389,0,2.3e-13
1.0033879699651691,0.0,0.0000000000000000,0.0000000000000000,-0.0105774539585949,0.0000000000000000,6.1609396471818734,3.0000338086975189,1.988834,-0.249091,-1.7397429380980,1.5045994549134,0,3.2e-13
1.0033924730574852,0.0,0.0000000000000000,0.0000000000000000,-0.0105698971752306,0.0000000000000000,6.1556247749235533,3.0000339110216330,1.988373,-0.256881,-1.7314923530061,1.4892255393713,0,1.7e-13
1.0033970011643472,0.0,0.0000000000000000,0.0000000000000000,-0.0105622784628299,0.0000000000000000,6.1502569791087822,3.0000340147400197,1.987891,-0.264737,-1.7231538815566,1.4737321703004,0,1.6e-13
1.0034015545857871,0.0,0.0000000000000000,0.0000000000000000,-0.0105545966951174,0.0000000000000000,6.1448357344443369,3.0000341198769078,1.987386,-0.272660,-1.7147259603371,1.4581193594246,0,1.2e-11
1.0034061336258924,0.0,0.0000000000000000,0.0000000000000000,-0.0105468507188353,0.0000000000000000,6.1393605104981930,3.0000342264570925,1.986858,-0.280651,-1.7062069633522,1.4423871795179,0,8.3e-12
1.0034107385928954,0.0,0.0000000000000000,0.0000000000000000,-0.0105390393528444,0.0000000000000000,6.1338307716451830,3.0000343345059535,1.986304,-0.288709,-1.6975951926705,1.4265357710512,0,5.3e-12
1.0034153697993129,0.0,-0.0000000000000000,0.0000000000000000,-0.0105311613871041,0.0000000000000000,6.1282459770121633,3.0000344440494771,1.985725,-0.296836,-1.6888888780996,1.4105653457927,0,2.9e-12
1.0034200275620662,0.0,-0.0000000000000000,0.0000000000000000,-0.0105232155816531,0.0000000000000000,6.1226055804221895,3.0000345551142718,1.985118,-0.305032,-1.6800861713144,1.3944761926965,0,2.0e-12
1.0034247122026076,0.0,-0.0000000000000000,0.0000000000000000,-0.0105152006655400,0.0000000000000000,6.1169090303379132,3.0000346677275886,1.984482,-0.313297,-1.6711851411151,1.3782686836704,0,8.2e-13
1.0034294240470545,0.0,-0.0000000000000000,0.0000000000000000,-0.0105071153357058,0.0000000000000000,6.1111557698041521,3.0000347819173445,1.983815,-0.321631,-1.6621837678517,1.3619432800098,0,9.8e-13
1.0034341634263249,0.0,-0.0000000000000000,0.0000000000000000,-0.0104989582558187,0.0000000000000000,6.1053452363896223,3.0000348977121423,1.983116,-0.330036,-1.6530799381187,1.3455005390300,0,5.8e-13
1.0034389306762788,0.0,-0.0000000000000000,0.0000000000000000,-0.0104907280550584,0.0000000000000000,6.0994768621278173,3.0000350151412940,1.982383,-0.338511,-1.6438714382377,1.3289411215748,0,3.7e-13
1.0034437261378648,0.0,0.0000000000000000,0.0000000000000000,-0.0104824233268471,0.0000000000000000,6.0935500734570383,3.0000351342348441,1.981614,-0.347058,-1.6345559479984,1.3122657998118,0,7.2e-13
1.0034485501572710,0.0,-0.0000000000000000,0.0000000000000000,-0.0104740426275233,0.0000000000000000,6.0875642911595529,3.0000352550235934,1.980807,-0.355676,-1.6251310336680,1.2954754657529,0,1.2e-13
1.0034534030860811,0.0,0.0000000000000000,0.0000000000000000,-0.0104655844749565,0.0000000000000000,6.0815189302998904,3.0000353775391289,1.979960,-0.364365,-1.6155941402458,1.2785711405739,0,5.2e-13
1.0034582852814333,0.0,0.0000000000000000,0.0000000000000000,-0.0104570473471061,0.0000000000000000,6.0754134001622377,3.0000355018138452,1.979070,-0.373128,-1.6059425830616,1.2615539847187,0,1.3e-11
1.0034631971062045,0.0,0.0000000000000000,0.0000000000000000,-0.0104484296804789,0.0000000000000000,6.0692471041870526,3.0000356278809761,1.978136,-0.381963,-1.5961735416764,1.2444253073942,0,1.0e-11
1.0034681389291575,0.0,-0.0000000000000000,0.0000000000000000,-0.0104397298685891,0.0000000000000000,6.0630194399065624,3.0000357557746229,1.977155,-0.390871,-1.5862840462115,1.2271865803035,0,8.0e-12
1.0034731111251414,0.0,-0.0000000000000000,0.0000000000000000,-0.0104309462602701,0.0000000000000000,6.0567297988796316,3.0000358855297846,1.976125,-0.399854,-1.5762709705275,1.2098394486576,0,6.3e-12
1.0034781140752740,0.0,-0.0000000000000000,0.0000000000000000,-0.0104220771579444,0.0000000000000000,6.0503775666255866,3.0000360171823912,1.975041,-0.408910,-1.5661310205749,1.1923857451920,0,5.0e-12
1.0034831481671358,0.0,-0.0000000000000000,0.0000000000000000,-0.0104131208158070,0.0000000000000000,6.0439621225571702,3.0000361507693367,1.973902,-0.418041,-1.5558607228994,1.1748275048218,0,3.9e-12
1.0034882137949737,0.0,0.0000000000000000,0.0000000000000000,-0.0104040754379182,0.0000000000000000,6.0374828399125997,3.0000362863285126,1.972704,-0.427248,-1.5454564121797,1.1571669805745,0,3.2e-12
1.0034933113599107,0.0,-0.0000000000000000,0.0000000000000000,-0.0103949391762050,0.0000000000000000,6.0309390856867200,3.0000364238988464,1.971444,-0.436529,-1.5349142178141,1.1394066608160,0,2.3e-12
1.0034984412701660,0.0,0.0000000000000000,0.0000000000000000,-0.0103857101283648,0.0000000000000000,6.0243302205612475,3.0000365635203403,1.970118,-0.445887,-1.5242300494989,1.1215492879508,0,1.8e-12
1.0035036039412819,0.0,0.0000000000000000,0.0000000000000000,-0.0103763863356648,0.0000000000000000,6.0176555988341134,3.0000367052341077,1.968722,-0.455322,-1.5133995816187,1.1035978786894,0,2.2e-12
1.0035087997963639,0.0,-0.0000000000000000,0.0000000000000000,-0.0103669657806310,0.0000000000000000,6.0109145683478928,3.0000368490824210,1.967252,-0.464833,-1.5024182367426,1.0855557458838,0,1.2e-12
1.0035140292663260,0.0,0.0000000000000000,0.0000000000000000,-0.0103574463846218,0.0000000000000000,6.0041064704173301,3.0000369951087515,1.965703,-0.474422,-1.4912811670339,1.0674265226572,0,1.4e-12
1.0035192927901520,0.0,0.0000000000000000,0.0000000000000000,-0.0103478260052749,0.0000000000000000,5.9972306397559505,3.0000371433578179,1.964072,-0.484089,-1.4799832352383,1.0492141880173,0,1.7e-12
1.0035245908151633,0.0,-0.0000000000000000,0.0000000000000000,-0.0103381024338265,0.0000000000000000,5.9902864044017594,3.0000372938756326,1.962353,-0.493834,-1.4685189933106,1.0309230951570,0,7.9e-13
1.0035299237973032,0.0,-0.0000000000000000,0.0000000000000000,-0.0103282733922856,0.0000000000000000,5.9832730856420380,3.0000374467095545,1.960541,-0.503658,-1.4568826595956,1.0125580020824,0,7.5e-13
1.0035352922014271,0.0,-0.0000000000000000,0.0000000000000000,-0.0103183365304699,0.0000000000000000,5.9761899979372011,3.0000376019083426,1.958629,-0.513561,-1.4450680936712,0.9941241052329,0,1.4e-11
1.0035406965016280,0.0,-0.0000000000000000,0.0000000000000000,-0.0103082894228445,0.0000000000000000,5.9690364488438341,3.0000377595222139,1.956613,-0.523544,-1.4330687724979,0.9756270738538,0,1.0e-11
1.0035461371815333,0.0,0.0000000000000000,0.0000000000000000,-0.0102981295652707,0.0000000000000000,5.9618117389366052,3.0000379196028963,1.954485,-0.533607,-1.4208777568265,0.9570730925624,0,7.9e-12
1.0035516147346635,0.0,-0.0000000000000000,0.0000000000000000,-0.0102878543714908,0.0000000000000000,5.9545151617294971,3.0000380822036985,1.952238,-0.543751,-1.4084876634335,0.9384689020357,0,6.5e-12
1.0035571296647814,0.0,0.0000000000000000,0.0000000000000000,-0.0102774611694654,0.0000000000000000,5.9471460035959787,3.0000382473795733,1.949866,-0.553976,-1.3958906303363,0.9198218464768,0,5.1e-12
1.0035626824862658,0.0,0.0000000000000000,0.0000000000000000,-0.0102669471974974,0.0000000000000000,5.9397035436882728,3.0000384151871824,1.947360,-0.564282,-1.3830782798469,0.9011399248723,0,4.3e-12
1.0035682737245033,0.0,0.0000000000000000,0.0000000000000000,-0.0102563096001340,0.0000000000000000,5.9321870538557002,3.0000385856849765,1.944712,-0.574670,-1.3700416788988,0.8824318466705,0,3.3e-12
1.0035739039162996,0.0,0.0000000000000000,0.0000000000000000,-0.0102455454238383,0.0000000000000000,5.9245957985620725,3.0000387589332664,1.941912,-0.585141,-1.3567712955789,0.8637070928653,0,2.7e-12
1.0035795736103146,0.0,0.0000000000000000,0.0000000000000000,-0.0102346516124070,0.0000000000000000,5.9169290348021377,3.0000389349943077,1.938952,-0.595695,-1.3432569521966,0.8449759825619,0,2.1e-12
1.0035852833675172,0.0,-0.0000000000000000,0.0000000000000000,-0.0102236250021214,0.0000000000000000,5.9091860120170612,3.0000391139323836,1.935820,-0.606332,-1.3294877740334,0.8262497459271,0,1.9e-12
1.0035910337616680,0.0,0.0000000000000000,0.0000000000000000,-0.0102124623166111,0.0000000000000000,5.9013659720089340,3.0000392958138979,1.932506,-0.617054,-1.3154521337232,0.8075406039130,0,1.5e-12
1.0035968253798262,0.0,0.0000000000000000,0.0000000000000000,-0.0102011601614085,0.0000000000000000,5.8934681488542831,3.0000394807074700,1.928997,-0.627859,-1.3011375904463,0.7888618557974,0,1.7e-12
1.0036026588228859,0.0,0.0000000000000000,0.0000000000000000,-0.0101897150181722,0.0000000000000000,5.8854917688165767,3.0000396686840354,1.925280,-0.638750,-1.2865308239721,0.7702279748633,0,1.6e-12
1.0036085347061434,0.0,-0.0000000000000000,0.0000000000000000,-0.0101781232385553,0.0000000000000000,5.8774360502576917,3.0000398598169546,1.921343,-0.649725,-1.2716175624928,0.7516547135395,0,1.1e-12
1.0036144536598968,0.0,-0.0000000000000000,0.0000000000000000,-0.0101663810376899,0.0000000000000000,5.8693002035483310,3.0000400541821266,1.917170,-0.660787,-1.2563825037393,0.7331592189174,0,1.0e-12
1.0036204163300808,0.0,-0.0000000000000000,0.0000000000000000,-0.0101544844872606,0.0000000000000000,5.8610834309773425,3.0000402518581071,1.912744,-0.671935,-1.2408092292325,0.7147601593374,0,9.2e-13
1.0036264233789405,0.0,-0.0000000000000000,0.0000000000000000,-0.0101424295081337,0.0000000000000000,5.8527849266599281,3.0000404529262412,1.908050,-0.683170,-1.2248801101176,0.6964778638615,0,4.4e-13
1.0036324754857455,0.0,0.0000000000000000,0.0000000000000000,-0.0101302118625069,0.0000000000000000,5.8444038764446855,3.0000406574707954,1.903068,-0.694492,-1.2085762040376,0.6783344758596,0,1.3e-12
1.0036385733475470,0.0,-0.0000000000000000,0.0000000000000000,-0.0101178271455508,0.0000000000000000,5.8359394578194390,3.0000408655791055,1.897779,-0.705902,-1.1918771422973,0.6603541221257,0,1.5e-11
1.0036447176799999,0.0,0.0000000000000000,0.0000000000000000,-0.0101052707764475,0.0000000000000000,5.8273908398158945,3.0000410773417276,1.892161,-0.717400,-1.1747610079544,0.6425630974959,0,1.3e-11
1.0036509092181973,0.0,0.0000000000000000,0.0000000000000000,-0.0100925379889149,0.0000000000000000,5.8187571829128064,3.0000412928526057,1.886192,-0.728987,-1.1572041970056,0.6249900734043,0,1.1e-11
1.0036571487176069,0.0,0.0000000000000000,0.0000000000000000,-0.0100796238209798,0.0000000000000000,5.8100376389379722,3.0000415122092456,1.879845,-0.740664,-1.1391812715128,0.6076663228699,0,9.9e-12
1.0036634369550419,0.0,-0.0000000000000000,0.0000000000000000,-0.0100665231040923,0.0000000000000000,5.8012313509686733,3.0000417355128990,1.873095,-0.752430,-1.1206647954972,0.5906259717347,0,8.6e-12
1.0036697747297081,0.0,-0.0000000000000000,0.0000000000000000,-0.0100532304514535,0.0000000000000000,5.7923374532306147,3.0000419628687669,1.865913,-0.764288,-1.1016251539595,0.5739062769465,0,7.5e-12
1.0036761628643218,0.0,-0.0000000000000000,0.0000000000000000,-0.0100397402455071,0.0000000000000000,5.7833550709952464,3.0000421943862112,1.858266,-0.776236,-1.0820303545016,0.5575479338934,0,6.4e-12
1.0036826022063063,0.0,0.0000000000000000,0.0000000000000000,-0.0100260466245142,0.0000000000000000,5.7742833204753703,3.0000424301789836,1.850121,-0.788275,-1.0618458078090,0.5415954178703,0,6.1e-12
1.0036890936290781,0.0,0.0000000000000000,0.0000000000000000,-0.0100121434681318,0.0000000000000000,5.7651213087189097,3.0000426703654703,1.841441,-0.800407,-1.0410340855857,0.5260973627658,0,5.4e-12
1.0036956380334254,0.0,-0.0000000000000000,0.0000000000000000,-0.0099980243819044,0.0000000000000000,5.7558681335007185,3.0000429150689563,1.832186,-0.812632,-1.0195546525812,0.5111069823039,0,4.8e-12
1.0037022363489916,0.0,-0.0000000000000000,0.0000000000000000,-0.0099836826805641,0.0000000000000000,5.7465228832122754,3.0000431644179044,1.822314,-0.824950,-0.9973635702492,0.4966825384626,0,4.1e-12
1.0037088895358728,0.0,0.0000000000000000,0.0000000000000000,-0.0099691113700281,0.0000000000000000,5.7370846367491142,3.0000434185462623,1.811775,-0.837362,-0.9744131679523,0.4828878636037,0,4.0e-12
1.0037155985863400,0.0,-0.0000000000000000,0.0000000000000000,-0.0099543031279694,0.0000000000000000,5.7275524633957851,3.0000436775937880,1.800521,-0.849869,-0.9506516787484,0.4697929423024,0,2.8e-12
1.0037223645266999,0.0,0.0000000000000000,0.0000000000000000,-0.0099392502828155,0.0000000000000000,5.7179254227081557,3.0000439417064015,1.788494,-0.862472,-0.9260228330280,0.4574745626297,0,2.7e-12
1.0037291884193076,0.0,-0.0000000000000000,0.0000000000000000,-0.0099239447910241,0.0000000000000000,5.7082025643928089,3.0000442110365682,1.775635,-0.875170,-0.9004654086889,0.4460170423569,0,2.8e-12
1.0037360713647447,0.0,0.0000000000000000,0.0000000000000000,-0.0099083782124534,0.0000000000000000,5.6983829281832676,3.0000444857437061,1.761878,-0.887965,-0.8739127277968,0.4355130441475,0,2.0e-12
1.0037430145041859,0.0,-0.0000000000000000,0.0000000000000000,-0.0098925416836360,0.0000000000000000,5.6884655437127520,3.0000447659946365,1.747151,-0.900859,-0.8462920953537,0.4260644894276,0,2.0e-12
1.0037500190219688,0.0,0.0000000000000000,0.0000000000000000,-0.0098764258887267,0.0000000000000000,5.6784494303831243,3.0000450519640638,1.731374,-0.913850,-0.8175241727002,0.4177835840440,0,1.4e-12
1.0037570861483920,0.0,0.0000000000000000,0.0000000000000000,-0.0098600210278799,0.0000000000000000,5.6683335972296280,3.0000453438351009,1.714463,-0.926941,-0.7875222750730,0.4107939731411,0,1.2e-12
1.0037642171627683,0.0,-0.0000000000000000,0.0000000000000000,-0.0098433167827674,0.0000000000000000,5.6581170427809822,3.0000456417998422,1.696324,-0.940132,-0.7561915839289,0.4052320423002,0,1.5e-12
1.0037714133967583,0.0,-0.0000000000000000,0.0000000000000000,-0.0098263022789192,0.0000000000000000,5.6477987549143203,3.0000459460599829,1.676852,-0.953424,-0.7234282633913,0.4012483849536,0,8.0e-13
1.0037786762380216,0.0,0.0000000000000000,0.0000000000000000,-0.0098089660445183,0.0000000000000000,5.6373777107043974,3.0000462568275004,1.655937,-0.966819,-0.6891184634871,0.3990094639812,0,6.0e-13
1.0037860071342211,0.0,-0.0000000000000000,0.0000000000000000,-0.0097912959652369,0.0000000000000000,5.6268528762663905,3.0000465743253972,1.633453,-0.980316,-0.6531371989650,0.3986994910962,0,1.2e-12
1.0037934075974246,0.0,0.0000000000000000,0.0000000000000000,-0.0097732792346337,0.0000000000000000,5.6162232065915312,3.0000468987885145,1.609265,-0.993918,-0.6153470811203,0.4005225615088,0,5.5e-13
1.0038008792089526,0.0,0.0000000000000000,0.0000000000000000,-0.0097549022995743,0.0000000000000000,5.6054876453746756,3.0000472304644261,1.583222,-1.007625,-0.5755968824915,0.4047050811202,0,8.9e-13
1.0038084236247296,0.0,-0.0000000000000000,0.0000000000000000,-0.0097361508000401,0.0000000000000000,5.5946451248327920,3.0000475696144240,1.555159,-1.021440,-0.5337199099228,0.4114985308982,0,5.6e-13
1.0038160425812068,0.0,-0.0000000000000000,0.0000000000000000,-0.0097170095026137,0.0000000000000000,5.5836945655131549,3.0000479165145992,1.524894,-1.035362,-0.4895321532771,0.4211826257573,0,2.1e-13
1.0038237379019304,0.0,-0.0000000000000000,0.0000000000000000,-0.0096974622267994,0.0000000000000000,5.5726348760898610,3.0000482714570467,1.492224,-1.049394,-0.4428301779122,0.4340689278553,0,2.6e-13
1.0038315115048442,0.0,0.0000000000000000,0.0000000000000000,-0.0096774917632143,0.0000000000000000,5.5614649531470208,3.0000486347511894,1.456926,-1.063537,-0.3933887164240,0.4505049929453,0,2.1e-13
1.0038393654104343,0.0,0.0000000000000000,0.0000000000000000,-0.0096570797825235,0.0000000000000000,5.5501836809467120,3.0000490067252574,1.418751,-1.077793,-0.3409579117035,0.4708791386494,0,2.4e-13
1.0038473017508309,0.0,0.0000000000000000,0.0000000000000000,-0.0096362067338014,0.0000000000000000,5.5387899311794113,3.0000493877279291,1.377425,-1.092164,-0.2852601515091,0.4956259427722,0,2.6e-13
1.0038553227800184,0.0,-0.0000000000000000,0.0000000000000000,-0.0096148517307738,0.0000000000000000,5.5272825626942224,3.0000497781301703,1.332639,-1.106652,-0.2259864247996,0.5252326001594,0,1.6e-13
1.0038634308853134,0.0,0.0000000000000000,0.0000000000000000,-0.0095929924241212,0.0000000000000000,5.5156604212056859,3.0000501783272915,1.284051,-1.121259,-0.1627921147559,0.5602462937627,0,2.8e-13
1.0038716286003191,0.0,-0.0000000000000000,0.0000000000000000,-0.0095706048576882,0.0000000000000000,5.5039223389733456,3.0000505887412592,1.231279,-1.135987,-0.0952921253876,0.6012827694411,0,1.1e-13
1.0038799186195890,0.0,-0.0000000000000000,0.0000000000000000,-0.0095476633060376,0.0000000000000000,5.4920671344494503,3.0000510098233031,1.173894,-1.150839,-0.0230552217883,0.6490363376412,0,4.4e-13
1.0038883038152879,0.0,0.0000000000000000,0.0000000000000000,-0.0095241400902926,0.0000000000000000,5.4800936118892380,3.0000514420568671,-1.165818,1.111416,0.0544025723394,0.7042915883673,0,2.0e-13
1.0038967872561924,0.0,-0.0000000000000000,0.0000000000000000,-0.0095000053685887,0.0000000000000000,5.4680005609170292,3.0000518859609615,-1.180927,1.043301,0.1376256951090,0.7679371493059,0,3.6e-13
1.0039053722294464,0.0,0.0000000000000000,0.0000000000000000,-0.0094752268967067,0.0000000000000000,5.4557867560398829,3.0000523420939800,-1.196169,0.968941,0.2272281201493,0.8409819198287,0,9.0e-13
1.0039140622655789,0.0,-0.0000000000000000,0.0000000000000000,-0.0094497697534987,0.0000000000000000,5.4434509560986610,3.0000528110580786,-1.211549,0.887645,0.3239040557131,0.9245742930865,0,1.2e-12
1.0039228611674003,0.0,0.0000000000000000,0.0000000000000000,-0.0094235960245328,0.0000000000000000,5.4309919036439673,3.0000532935042057,-1.227070,0.798630,0.4284406173173,1.0200250168108,0,2.0e-13
1.0039317730435406,0.0,0.0000000000000000,0.0000000000000000,-0.0093966644358643,0.0000000000000000,5.4184083242213497,3.0000537901379158,-1.242738,0.701005,0.5417329101914,1.1288345097929,0,9.5e-13
1.0039408023475769,0.0,0.0000000000000000,0.0000000000000000,-0.0093689299279270,0.0000000000000000,5.4056989255461900,3.0000543017261290,-1.258557,0.593755,0.6648020675919,1.2527256642343,0,7.8e-13
1.0039499539239325,0.0,-0.0000000000000000,0.0000000000000000,-0.0093403431570462,0.0000000000000000,5.3928623965435794,3.0000548291050140,-1.274533,0.475716,0.7988169355786,1.3936834349518,0,1.0e-12
1.0039592330620357,0.0,0.0000000000000000,0.0000000000000000,-0.0093108499088694,0.0000000000000000,5.3798974062216951,3.0000553731892641,-1.290674,0.345554,0.9451202965677,1.5540029040593,0,1.4e-12
1.0039686455606383,0.0,-0.0000000000000000,0.0000000000000000,-0.0092803904037998,0.0000000000000000,5.3668026023382618,3.0000559349830507,-1.306986,0.201725,1.1052607701912,1.7363479803216,0,1.2e-12
1.0039781978047169,0.0,-0.0000000000000000,0.0000000000000000,-0.0092488984689292,0.0000000000000000,5.3535766098076838,3.0000565155930703,-1.323478,0.042446,1.2810318849408,1.9438235717979,0,3.3e-13
1.0039878968581126,0.0,0.0000000000000000,0.0000000000000000,-0.0092163005435205,0.0000000000000000,5.3402180287802086,3.0000571162441911,-1.340159,-0.134361,1.4745202717490,2.1800649514882,0,9.6e-13
1.0039977505760276,0.0,0.0000000000000000,0.0000000000000000,-0.0091825144749626,0.0000000000000000,5.3267254323022470,3.0000577382983682,-1.357041,-0.331124,1.6881655792360,2.4493492824903,0,1.7e-12
1.0040077677428447,0.0,0.0000000000000000,0.0000000000000000,-0.0091474480482493,0.0000000000000000,5.3130973634361069,3.0000583832777128,-1.374136,-0.550699,1.9248356020390,2.7567359887155,0,1.1e-12
1.0040175532196123,0.0,-0.0000000000000000,0.0000000000000000,-0.0091124613216143,0.0000000000000000,5.2998774237339026,3.0000590260138735,-1.390771,-0.786234,2.1770055412221,3.0934720543409,0,1.4e-12
1.0040271165320225,0.0,-0.0000000000000000,0.0000000000000000,-0.0090775399361423,0.0000000000000000,5.2870532827875536,3.0000596666617896,-1.406968,-1.038632,2.4456003605961,3.4613224271116,0,2.2e-12
1.0040368540919922,0.0,-0.0000000000000000,0.0000000000000000,-0.0090412091328318,0.0000000000000000,5.2741000361550503,3.0000603321092774,-1.423400,-1.320574,2.7439745688104,3.8797058176618,0,1.6e-12
1.0040467775644077,0.0,-0.0000000000000000,0.0000000000000000,-0.0090033457916472,0.0000000000000000,5.2610162190563097,3.0000610243590198,-1.636583,-1.440085,3.0766686887766,4.3568196845160,0,2.5e-12
1.0040569003271809,0.0,0.0000000000000000,0.0000000000000000,-0.0089638085170568,0.0000000000000000,5.2478003198040595,3.0000617457016765,-1.992091,-1.457045,3.4491351185880,4.9025647311426,0,2.1e-12
1.0040607582999490,0.0,0.0000000000000000,0.0000000000000000,-0.0089484880559927,0.0000000000000000,5.2428003198040596,3.0000620247750476,-2.137175,-1.463492,3.6006675565392,5.1277396065405,0,2.8e-12
1.0040646327567833,0.0,0.0000000000000000,0.0000000000000000,-0.0089329581004439,0.0000000000000000,5.2378003198040597,3.0000623074007473,-2.288562,-1.469959,3.7585208796099,5.3640923775858,0,4.3e-12
1.0040685243950729,0.0,0.0000000000000000,0.0000000000000000,-0.0089172112306703,0.0000000000000000,5.2328003198040598,3.0000625936953624,-2.446599,-1.476446,3.9230453597499,5.6122723063813,0,3.0e-12
1.0040724339526725,0.0,0.0000000000000000,0.0000000000000000,-0.0089012395966883,0.0000000000000000,5.2278003198040599,3.0000628837821779,-2.611661,-1.482955,4.0946166273476,5.8729769672893,0,8.3e-13
1.0040763622113473,0.0,0.0000000000000000,0.0000000000000000,-0.0088850348821442,0.0000000000000000,5.2228003198040591,3.0000631777917355,-2.784151,-1.489487,4.2736380036038,6.1469567393533,0,3.9e-12
1.0040803100006306,0.0,0.0000000000000000,0.0000000000000000,-0.0088685882641372,0.0000000000000000,5.2178003198040592,3.0000634758624569,-2.964500,-1.496043,4.4605431983817,6.4350200496400,0,2.7e-12
1.0040842782021322,0.0,0.0000000000000000,0.0000000000000000,-0.0088518903684758,0.0000000000000000,5.2128003198040593,3.0000637781413375,-3.153174,-1.502625,4.6557992583090,6.7380390754294,0,5.0e-13
1.0040882677543257,0.0,0.0000000000000000,0.0000000000000000,-0.0088349312197333,0.0000000000000000,5.2078003198040594,3.0000640847847184,-3.350675,-1.509235,4.8599098955651,7.0569561938300,0,3.3e-12
1.0040922796579366,0.0,0.0000000000000000,0.0000000000000000,-0.0088177001852819,0.0000000000000000,5.2028003198040595,3.0000643959591526,-3.557545,-1.515874,5.0734192770125,7.3927913475135,0,1.4e-12
1.0040963149819966,0.0,0.0000000000000000,0.0000000000000000,-0.0088001859124318,0.0000000000000000,5.1978003198040597,3.0000647118423776,-3.774371,-1.522545,5.2969162587148,7.7466502686419,0,4.5e-12
1.0041003748706525,0.0,0.0000000000000000,0.0000000000000000,-0.0087823762576493,0.0000000000000000,5.1928003198040598,3.0000650326244123,-4.001790,-1.529249,5.5310392243542,8.1197338942734,0,2.6e-12
1.0041044605509157,0.0,0.0000000000000000,0.0000000000000000,-0.0087642582064571,0.0000000000000000,5.1878003198040599,3.0000653585087949,-4.240493,-1.535989,5.7764815390400,8.5133489631843,0,4.1e-12
1.0041085733413861,0.0,0.0000000000000000,0.0000000000000000,-0.0087458177826571,0.0000000000000000,5.1828003198040591,3.0000656897139861,-4.491232,-1.542766,6.0339978284171,8.9289202607818,0,3.6e-12
1.0041127146622810,0.0,0.0000000000000000,0.0000000000000000,-0.0087270399448937,0.0000000000000000,5.1778003198040592,3.0000660264749710,-4.754827,-1.549584,6.3044111720572,9.3680046703762,0,1.1e-12
1.0041168860468370,0.0,0.0000000000000000,0.0000000000000000,-0.0087079084685090,0.0000000000000000,5.1728003198040593,3.0000663690450851,-5.032176,-1.556445,6.5886212756847,9.8323070594652,0,5.4e-12
1.0041210891544492,0.0,0.0000000000000000,0.0000000000000000,-0.0086884058098845,0.0000000000000000,5.1678003198040594,3.0000667176981106,-5.324261,-1.563353,6.8876141003949,10.3236991895203,0,4.0e-12
1.0041253257858096,0.0,0.0000000000000000,0.0000000000000000,-0.0086685129500840,0.0000000000000000,5.1628003198040595,3.0000670727306926,-5.632163,-1.570310,7.2024727631335,10.8442409053977,0,6.2e-12
1.0041295979004694,0.0,0.0000000000000000,0.0000000000000000,-0.0086482092137641,0.0000000000000000,5.1578003198040596,3.0000674344651421,-5.957071,-1.577320,7.5343905524063,11.3962057552552,0,4.0e-13
1.0041339076372904,0.0,0.0000000000000000,0.0000000000000000,-0.0086274720583932,0.0000000000000000,5.1528003198040597,3.0000678032526875,-6.300299,-1.584387,7.8846858141736,11.9821099563518,0,2.1e-13
1.0041382573384068,0.0,0.0000000000000000,0.0000000000000000,-0.0086062768275820,0.0000000000000000,5.1478003198040598,3.0000681794772879,-6.663305,-1.591515,8.2548198254235,12.6047476063461,0,2.7e-12
1.0041426495774428,0.0,0.0000000000000000,0.0000000000000000,-0.0085845964607906,0.0000000000000000,5.1428003198040591,3.0000685635601183,-7.047709,-1.598708,8.6464176865884,13.2672315621186,0,5.7e-12
1.0041470871929681,0.0,0.0000000000000000,0.0000000000000000,-0.0085624011495360,0.0000000000000000,5.1378003198040592,3.0000689559648777,-7.455321,-1.605973,9.0612934459980,13.9730429181015,0,5.9e-12
1.0041515733284219,0.0,0.0000000000000000,0.0000000000000000,-0.0085396579275344,0.0000000000000000,5.1328003198040593,3.0000693572041168,-7.888166,-1.613314,9.5014798826524,14.7260893218740,0,8.6e-12
1.0041561114800777,0.0,0.0000000000000000,0.0000000000000000,-0.0085163301785983,0.0000000000000000,5.1278003198040594,3.0000697678468411,-8.348527,-1.620738,9.9692649088255,15.5307768157896,0,9.2e-12
1.0041607055551669,0.0,0.0000000000000000,0.0000000000000000,-0.0084923770410053,0.0000000000000000,5.1228003198040595,3.0000701885276961,-8.838983,-1.628252,10.4672354491902,16.3920959196488,0,1.4e-11
1.0041653599428773,0.0,0.0000000000000000,0.0000000000000000,-0.0084677526806963,0.0000000000000000,5.1178003198040596,3.0000706199581959,-9.362467,-1.635865,10.9983317015516,17.3157288245977,0,9.3e-12
1.0041700796019091,0.0,0.0000000000000000,0.0000000000000000,-0.0084424053954911,0.0000000000000000,5.1128003198040597,3.0000710629405369,-9.922330,-1.643584,11.5659141371364,18.3081814151390,0,1.2e-11
1.0041748701695399,0.0,0.0000000000000000,0.0000000000000000,-0.0084162765005710,0.0000000000000000,5.1078003198040598,3.0000715183848015,-10.522427,-1.651420,12.1738474340184,19.3769488397936,0,1.0e-11
1.0041797380990753,0.0,0.0000000000000000,0.0000000000000000,-0.0083892989252406,0.0000000000000000,5.1028003198040599,3.0000719873306001,-11.167221,-1.659386,12.8266064465746,20.5307244954353,0,1.1e-11
1.0041846908352126,0.0,0.0000000000000000,0.0000000000000000,-0.0083613954240927,0.0000000000000000,5.0978003198040591,3.0000724709746689,-11.861920,-1.667493,13.5294131596204,21.7796719141206,0,1.7e-11
1.0041897370408974,0.0,0.0000000000000000,0.0000000000000000,-0.0083324762650336,0.0000000000000000,5.0928003198040592,3.0000729707065186,-12.612653,-1.675759,14.2884121581125,23.1357683030746,0,1.0e-11
1.0041948868956587,0.0,0.0000000000000000,0.0000000000000000,-0.0083024361926958,0.0000000000000000,5.0878003198040593,3.0000734881552651,-13.426706,-1.684202,15.1109074870051,24.6132810993644,0,2.1e-11
1.0042001524945314,0.0,0.0000000000000000,0.0000000000000000,-0.0082711503701445,0.0000000000000000,5.0828003198040594,3.0000740252521951,-14.312830,-1.692843,16.0056727785947,26.2293703480769,0,3.0e-11
1.0042055483929975,0.0,0.0000000000000000,0.0000000000000000,-0.0082384688419577,0.0000000000000000,5.0778003198040595,3.0000745843161170,-15.281678,-1.701709,16.9833869952935,28.0049671749868,0,2.5e-11
1.0042110923685497,0.0,0.0000000000000000,0.0000000000000000,-0.0082042088031220,0.0000000000000000,5.0728003198040597,3.0000751681725237,-16.346404,-1.710832,18.0572357931254,29.9659517177409,0,2.3e-11
1.0042168065146055,0.0,0.0000000000000000,0.0000000000000000,-0.0081681435047077,0.0000000000000000,5.0678003198040598,3.0000757803245621,-17.523534,-1.720253,19.2437860442570,32.1448866060416,0,4.8e-11
1.0042227188631372,0.0,0.0000000000000000,0.0000000000000000,-0.0081299858134281,0.0000000000000000,5.0628003198040599,3.0000764252063523,-18.834273,-1.730021,20.5642912771810,34.5836299455077,0,1.2e-10
1.0042288658861147,0.0,0.0000000000000000,0.0000000000000000,-0.0080893628906247,0.0000000000000000,5.0578003198040591,3.0000771085730880,-20.306509,-1.740203,22.0467063436717,37.3373043997645,0,6.2e-11
