x0,y0,z0,xd0,yd0,zd0,Tp,JC,stabilityIndex1,stabilityIndex2,alpha,beta,impactFlag,error
0.9984933166849015,0.0,0.0005490490860075,0.0051595119888772,0.0131830180107143,0.0025012728773369,25.2138058331150674,3.0000359374463481,1.958923,1.880820,-3.8397425515262,5.6843806905848,0,5.6e-11
0.9984958254738742,0.0,0.0005483759079796,0.0051826211558582,0.0131896086668574,0.0024906503376075,25.2136270854658946,3.0000359385674060,2.072699,1.755701,-3.8283990617715,5.6666517271691,0,3.6e-11
0.9984983219062099,0.0,0.0005477294719668,0.0052054555058876,0.0131961516632074,0.0024801567817946,25.2133902830446885,3.0000359400526593,2.160211,1.653159,-3.8133704801458,5.6431668118982,0,3.7e-11
0.9985008003022339,0.0,0.0005471100966667,0.0052279705897574,0.0132026337668749,0.0024698113675468,25.2130985992406842,3.0000359418822775,2.211193,1.583664,-3.7948572260595,5.6142419775434,0,4.3e-11
0.9985032558182486,0.0,0.0005465177621305,0.0052501304826559,0.0132090439175800,0.0024596294595287,25.2127554533860518,3.0000359440348978,2.244089,1.528987,-3.7730754145050,5.5802181927217,0,3.6e-11
0.9985056844367358,0.0,0.0005459521611430,0.0052719073624049,0.0132153731648435,0.0024496228330736,25.2123643924886025,3.0000359464883641,2.264899,1.483350,-3.7482491786926,5.5414491909259,0,3.4e-11
0.9985080829226054,0.0,0.0005454127527992,0.0052932808200974,0.0132216145258992,0.0024397999929520,25.2119289911601143,3.0000359492203481,2.276609,1.443996,-3.7206044645687,5.4982916585136,0,3.1e-11
0.9985104487568380,0.0,0.0005448988142903,0.0053142370145732,0.0132277627933407,0.0024301665582784,25.2114527715798395,3.0000359522088540,2.281023,1.409341,-3.6903639301635,5.4510971360444,0,3.4e-11
0.9985127800574638,0.0,0.0005444094882632,0.0053347677626843,0.0132338143174260,0.0024207256725188,25.2109391430650298,3.0000359554325891,2.279370,1.378373,-3.6577432167555,5.4002061204641,0,1.7e-11
0.9985150754958647,0.0,0.0005439438241994,0.0053548696352979,0.0132397667824229,0.0024114784084401,25.2103913593487583,3.0000359588712335,2.272552,1.350396,-3.6229481238403,5.3459435469802,0,2.1e-11
0.9985173342142462,0.0,0.0005435008132893,0.0053745431061386,0.0132456189908331,0.0024024241473579,25.2098124909067707,3.0000359625056112,2.261265,1.324908,-3.5861730042004,5.2886162693436,0,3.7e-11
0.9985195557481298,0.0,0.0005430794168612,0.0053937917817081,0.0132513706642068,0.0023935609208146,25.2092054094428626,3.0000359663177898,2.246068,1.301531,-3.5475997852849,5.2285115219103,0,3.0e-11
0.9985217399561029,0.0,0.0005426785888711,0.0054126217255334,0.0132570222652715,0.0023848857090967,25.2085727817784253,3.0000359702911124,2.227421,1.279977,-3.5073974369105,5.1658959781611,0,3.5e-11
0.9985238869578693,0.0,0.0005422972931675,0.0054310408796411,0.0132625748431555,0.0023763946959260,25.2079170706828748,3.0000359744101965,2.205706,1.260016,-3.4657221824312,5.1010161777781,0,3.2e-11
0.9985259970807658,0.0,0.0005419345163121,0.0054490585791957,0.0132680299014547,0.0023680834813308,25.2072405406173843,3.0000359786608986,2.181250,1.241467,-3.4227177775114,5.0340988962914,0,2.5e-11
0.9985280708143657,0.0,0.0005415892767769,0.0054666851519532,0.0132733892876908,0.0023599472563860,25.2065452667317835,3.0000359830302554,2.154331,1.224185,-3.3785160517613,4.9653519954809,0,4.5e-11
0.9985301087725177,0.0,0.0005412606311719,0.0054839315931863,0.0132786551020066,0.0023519809447529,25.2058331458662224,3.0000359875064144,2.125188,1.208049,-3.3332377213376,4.8949658007320,0,4.4e-11
0.9985321116619460,0.0,0.0005409476781848,0.0055008093050051,0.0132838296227034,0.0023441793153522,25.2051059086104736,3.0000359920785620,2.094027,1.192966,-3.2869929900932,4.8231139142227,0,4.6e-11
0.9985340802565813,0.0,0.0005406495607326,0.0055173298904741,0.0132889152462251,0.0023365370710321,25.2043651317331445,3.0000359967368442,2.061024,1.178858,-3.2398824110550,4.7499546627335,0,5.7e-11
0.9985360153767507,0.0,0.0005403654667718,0.0055335049930238,0.0132939144392899,0.0023290489172109,25.2036122505132383,3.0000360014722887,2.026332,1.165665,-3.1919976877011,4.6756323995488,0,3.8e-11
0.9985379178724755,0.0,0.0005400946291119,0.0055493461731959,0.0132988297011516,0.0023217096142209,25.2028485706548651,3.0000360062767313,1.990080,1.153343,-3.1434223005814,4.6002783322038,0,4.0e-11
0.9985397886101652,0.0,0.0005398363245136,0.0055648648155744,0.0133036635341621,0.0023145140164126,25.2020752795864382,3.0000360111427460,1.952373,1.141859,-3.0942323558330,4.5240120730744,0,3.8e-11
0.9985416284621393,0.0,0.0005395898722980,0.0055800720600648,0.0133084184211576,0.0023074571006704,25.2012934570313831,3.0000360160635782,1.913301,1.131196,-3.0444971560247,4.4469424074767,0,4.6e-11
0.9985434382984326,0.0,0.0005393546326118,0.0055949787525420,0.0133130968082931,0.0023005339865375,25.2005040848009578,3.0000360210330848,1.872928,1.121352,-2.9942798721384,4.3691684545742,0,3.7e-11
0.9985452189804850,0.0,0.0005391300044911,0.0056095954108937,0.0133177010923007,0.0022937399497971,25.1997080557915680,3.0000360260456751,1.831300,1.112338,-2.9436380396931,4.2907803381621,0,3.2e-11
0.9985469713563355,0.0,0.0005389154238310,0.0056239322029345,0.0133222336112860,0.0022870704307160,25.1989061822152465,3.0000360310962639,1.788438,1.104186,-2.8926241151837,4.2118601126018,0,5.2e-11
0.9985486962570366,0.0,0.0005387103612899,0.0056379989338300,0.0133266966382671,0.0022805210385447,25.1980992030839843,3.0000360361802225,1.744336,1.096950,-2.8412859948863,4.1324827649514,0,4.1e-11
0.9985503944940455,0.0,0.0005385143202256,0.0056518050406185,0.0133310923769627,0.0022740875527565,25.1972877910109041,3.0000360412933351,1.698953,1.090714,-2.7896673246151,4.0527163790251,0,3.2e-11
0.9985520668573893,0.0,0.0005383268346646,0.0056653595922565,0.0133354229592597,0.0022677659221333,25.1964725583607496,3.0000360464317630,1.652202,1.085606,-2.7378079618790,3.9726230810788,0,3.4e-11
0.9985537141144424,0.0,0.0005381474673546,0.0056786712936877,0.0133396904440347,0.0022615522620363,25.1956540628156063,3.0000360515920068,1.603928,1.081817,-2.6857443322457,3.8922596018723,0,3.5e-11
0.9985553370091914,0.0,0.0005379758078820,0.0056917484930888,0.0133438968169689,0.0022554428505783,25.1948328123991843,3.0000360567708793,1.553873,1.079636,-2.6335097118516,3.8116777019771,0,2.7e-11
0.9985569362618819,0.0,0.0005378114709115,0.0057045991911536,0.0133480439911933,0.0022494341237269,25.1940092700163625,3.0000360619654729,1.501604,1.079530,-2.5811345057245,3.7309244938824,0,3.6e-11
0.9985585125689505,0.0,0.0005376540944985,0.0057172310520056,0.0133521338084489,0.0022435226700175,25.1931838575481457,3.0000360671731379,1.446345,1.082301,-2.5286465476178,3.6500431356939,0,4.5e-11
0.9985600666031940,0.0,0.0005375033385241,0.0057296514150558,0.0133561680407309,0.0022377052247440,25.1923569595493042,3.0000360723914561,1.386541,1.089530,-2.4760713028992,3.5690730763047,0,3.0e-11
0.9985615990141045,0.0,0.0005373588832212,0.0057418673074739,0.0133601483922127,0.0022319786639900,25.1915289265892000,3.0000360776182213,1.318206,1.105226,-2.4234320480868,3.4880500753869,0,4.8e-11
0.9985631104283278,0.0,0.0005372204277965,0.0057538854569477,0.0133640765013579,0.0022263399986498,25.1907000782645945,3.0000360828514228,1.217375,1.153376,-2.3707501376070,3.4070071567558,0,4.6e-11
0.9985646014502302,0.0,0.0005370876891473,0.0057657123045927,0.0133679539432126,0.0022207863683596,25.1898707059333162,3.0000360880892245,1.290776,1.027269,-2.3180451013465,3.3259742646770,0,4.8e-11
0.9985660726625137,0.0,0.0005369604006776,0.0057773540175729,0.0133717822317343,0.0022153150355767,25.1890410751767142,3.0000360933299510,1.327492,0.937843,-2.2653348432863,3.2449789402654,0,2.0e-11
0.9985675246268914,0.0,0.0005368383111754,0.0057888165017335,0.0133755628221641,0.0022099233798321,25.1882114280377110,3.0000360985720755,1.351049,0.861587,-2.2126357434260,3.1640460224820,0,2.4e-11
0.9985689578847824,0.0,0.0005367211837995,0.0058001054136616,0.0133792971134136,0.0022046088920661,25.1873819850447411,3.0000361038142045,1.368358,0.791604,-2.1599628319883,3.0831984795493,0,4.3e-11
0.9985703729580184,0.0,0.0005366087951095,0.0058112261725276,0.0133829864503771,0.0021993691692980,25.1865529470471188,3.0000361090550682,1.381922,0.725408,-2.1073298798633,3.0024572860341,0,6.0e-11
0.9985717703495678,0.0,0.0005365009341939,0.0058221839714074,0.0133866321262657,0.0021942019093568,25.1857244968855163,3.0000361142935095,1.392966,0.661783,-2.0547495092201,2.9218417652012,0,2.2e-11
0.9985731505442405,0.0,0.0005363974018343,0.0058329837881970,0.0133902353848098,0.0021891049060012,25.1848968009058822,3.0000361195284735,1.402197,0.600036,-2.0022332568848,2.8413689330610,0,4.2e-11
0.9985745140093908,0.0,0.0005362980097548,0.0058436303959686,0.0133937974224384,0.0021840760441257,25.1840700103388464,3.0000361247590002,1.410059,0.539733,-1.9497917275380,2.7610551175183,0,1.6e-11
0.9985758611956069,0.0,0.0005362025799078,0.0058541283729430,0.0133973193903596,0.0021791132953135,25.1832442625536395,3.0000361299842186,1.416852,0.480583,-1.8974346045301,2.6809144352625,0,4.7e-11
0.9985771925373825,0.0,0.0005361109438201,0.0058644821119505,0.0134008023965752,0.0021742147135324,25.1824196822034772,3.0000361352033336,1.422789,0.422382,-1.8451707751435,2.6009605965857,0,2.1e-11
0.9985785084537649,0.0,0.0005360229419852,0.0058746958293946,0.0134042475078010,0.0021693784310690,25.1815963822696283,3.0000361404156259,1.428025,0.364983,-1.7930083583640,2.5212052615473,0,4.0e-11
0.9985798093489858,0.0,0.0005359384232972,0.0058847735737983,0.0134076557513075,0.0021646026547123,25.1807744650117655,3.0000361456204421,1.432679,0.308275,-1.7409547941433,2.4416597130236,0,3.1e-11
0.9985810956130677,0.0,0.0005358572445234,0.0058947192339172,0.0134110281166755,0.0021598856621147,25.1799540228401248,3.0000361508171922,1.436843,0.252173,-1.6890168710154,2.3623337890036,0,3.2e-11
0.9985823676224073,0.0,0.0005357792698231,0.0059045365463649,0.0134143655574796,0.0021552257983150,25.1791351391113238,3.0000361560053408,1.440589,0.196612,-1.6372008014970,2.2832366976736,0,1.1e-11
0.9985836257403389,0.0,0.0005357043702872,0.0059142291029449,0.0134176689928838,0.0021506214725187,25.1783178888570340,3.0000361611844064,1.443975,0.141537,-1.5855122577852,2.2043763227053,0,5.0e-11
0.9985848703176704,0.0,0.0005356324235199,0.0059238003574943,0.0134209393091613,0.0021460711550083,25.1775023394510633,3.0000361663539548,1.447048,0.086908,-1.5339564034791,2.1257606410019,0,3.0e-11
0.9985861016932033,0.0,0.0005355633132488,0.0059332536324224,0.0134241773611580,0.0021415733741977,25.1766885512227248,3.0000361715135959,1.449848,0.032690,-1.4825379576970,2.0473960475364,0,3.3e-11
0.9985873201942214,0.0,0.0005354969289506,0.0059425921248967,0.0134273839736470,0.0021371267139512,25.1758765780163003,3.0000361766629817,1.452406,-0.021145,-1.4312612062835,1.9692887197147,0,3.9e-11
0.9985885261369626,0.0,0.0005354331655248,0.0059518189126012,0.0134305599426530,0.0021327298108947,25.1750664677069516,3.0000361818018000,1.454752,-0.074622,-1.3801300513710,1.8914440717150,0,6.1e-11
0.9985897198270781,0.0,0.0005353719229637,0.0059609369593894,0.0134337060367035,0.0021283813520193,25.1742582626753482,3.0000361869297731,1.456907,-0.127759,-1.3291480165887,1.8138672956269,0,4.6e-11
0.9985909015600564,0.0,0.0005353131060631,0.0059699491204365,0.0134368229980022,0.0021240800723154,25.1734520002421469,3.0000361920466583,1.458892,-0.180574,-1.2783183207222,1.7365626286818,0,3.0e-11
0.9985920716216357,0.0,0.0005352566241459,0.0059788581471946,0.0134399115435557,0.0021198247525859,25.1726477130674517,3.0000361971522382,1.460724,-0.233080,-1.2276438700334,1.6595337883681,0,6.2e-11
0.9985932302881996,0.0,0.0005352023908004,0.0059876666921272,0.0134429723662415,0.0021156142173877,25.1718454295198875,3.0000362022463252,1.462418,-0.285291,-1.1771272499466,1.5827848447889,0,2.4e-11
0.9985943778271525,0.0,0.0005351503236437,0.0059963773131303,0.0134460061358350,0.0021114473330016,25.1710451740170598,3.0000362073287552,1.463988,-0.337217,-1.1267708469292,1.5063183407191,0,2.9e-11
0.9985955144972801,0.0,0.0005351003440953,0.0060049924777602,0.0134490134999742,0.0021073230056076,25.1702469673368618,3.0000362123993876,1.465444,-0.388867,-1.0765767593129,1.4301372805317,0,2.5e-11
0.9985966405490839,0.0,0.0005350523771646,0.0060135145671846,0.0134519950850615,0.0021032401795218,25.1694508269052690,3.0000362174581032,1.466796,-0.440249,-1.0265468923864,1.3542438538043,0,5.3e-11
0.9985977562251181,0.0,0.0005350063512574,0.0060219458800178,0.0134549514971657,0.0020991978354887,25.1686567670637622,3.0000362225048010,1.468054,-0.491371,-0.9766828991197,1.2786405743656,0,2.7e-11
0.9985988617602966,0.0,0.0005349621979868,0.0060302886358975,0.0134578833228376,0.0020951949891190,25.1678647993134632,3.0000362275394012,1.469225,-0.542239,-0.9269863034613,1.2033288462085,0,2.2e-11
0.9985999573821898,0.0,0.0005349198520041,0.0060385449788642,0.0134607911299044,0.0020912306893710,25.1670749325422491,3.0000362325618370,1.470317,-0.592858,-0.8774584278493,1.1283101806115,0,4.2e-11
0.9986010433113078,0.0,0.0005348792508347,0.0060467169805871,0.0134636754682153,0.0020873040171478,25.1662871732321491,3.0000362375720591,1.471335,-0.643235,-0.8281004018444,1.0535861796837,0,2.4e-11
0.9986021197613827,0.0,0.0005348403347242,0.0060548066435211,0.0134665368703870,0.0020834140839010,25.1655015256561292,3.0000362425700300,1.472286,-0.693372,-0.7789132605600,0.9791576469012,0,1.6e-11
0.9986031869396113,0.0,0.0005348030464996,0.0060628159036780,0.0134693758524486,0.0020795600303906,25.1647179920521538,3.0000362475557276,1.473174,-0.743276,-0.7298978828251,0.9050253264025,0,3.5e-11
0.9986042450469192,0.0,0.0005347673314333,0.0060707466335172,0.0134721929145313,0.0020757410254180,25.1639365727916164,3.0000362525291404,1.474004,-0.792949,-0.6810549894144,0.8311901738134,0,3.3e-11
0.9986052942781858,0.0,0.0005347331371158,0.0060786006444968,0.0134749885414576,0.0020719562647017,25.1631572665306145,3.0000362574902684,1.474780,-0.842395,-0.6323852241113,0.7576525149334,0,3.0e-11
0.9986063348224782,0.0,0.0005347004133354,0.0060863796896438,0.0134777632033507,0.0020682049697788,25.1623800703514284,3.0000362624391217,1.475506,-0.891617,-0.5838891003492,0.6844127301481,0,2.1e-11
0.9986073668632645,0.0,0.0005346691119732,0.0060940854658671,0.0134805173561984,0.0020644863869116,25.1616049798932551,3.0000362673757182,1.476186,-0.940619,-0.5355670687793,0.6114707779168,0,4.1e-11
0.9986083905786219,0.0,0.0005346391868933,0.0061017196162565,0.0134832514423875,0.0020607997861338,25.1608319894727579,3.0000362723000857,1.476823,-0.989403,-0.4874194199732,0.5388270548334,0,3.0e-11
0.9986094274367580,0.0,0.0005346100058510,0.0061094422461185,0.0134860228333721,0.0020570678319651,25.1600448841143880,3.0000362773155498,1.477430,-1.038992,-0.4384382856382,0.4649612257170,0,3.3e-11
0.9986104775404113,0.0,0.0005345815963907,0.0061172538335856,0.0134888319089495,0.0020532901915746,25.1592434500280042,3.0000362824235380,1.478010,-1.089397,-0.3886139854404,0.3898605284734,0,4.0e-11
0.9986115409931365,0.0,0.0005345539861852,0.0061251548595460,0.0134916790544855,0.0020494665285037,25.1584274707075544,3.0000362876254978,1.478563,-1.140626,-0.3379368988927,0.3135123008178,0,4.5e-11
0.9986126178993924,0.0,0.0005345272030233,0.0061331458083151,0.0134945646612432,0.0020455965023172,25.1575967268519030,3.0000362929228963,1.479089,-1.192691,-0.2863974657286,0.2359041373473,0,2.2e-11
0.9986137083646286,0.0,0.0005345012748060,0.0061412271682367,0.0134974891267199,0.0020416797682028,25.1567509962787703,3.0000362983172217,1.479588,-1.245601,-0.2339862695643,0.1570232675304,0,4.1e-11
0.9986148124953754,0.0,0.0005344762295255,0.0061493994324040,0.0135004528549740,0.0020377159766559,25.1558900538332750,3.0000363038099858,1.480061,-1.299367,-0.1806938804615,0.0768578580966,0,4.1e-11
0.9986159303993460,0.0,0.0005344520952508,0.0061576630994373,0.0135034562570003,0.0020337047730876,25.1550136712934957,3.0000363094027209,1.480508,-1.353997,-0.1265110070734,-0.0046040064761,0,1.1e-11
0.9986170621855274,0.0,0.0005344289001280,0.0061660186740793,0.0135064997510916,0.0020296457973933,25.1541216172665827,3.0000363150969824,1.480931,-1.409502,-0.0714285531851,-0.0873746707962,0,4.6e-11
0.9986182079642868,0.0,0.0005344066723578,0.0061744666680464,0.0135095837632241,0.0020255386835872,25.1532136570831568,3.0000363208943521,1.481328,-1.465891,-0.0154373666417,-0.1714649878376,0,2.9e-11
0.9986193678474786,0.0,0.0005343854401854,0.0061830076007933,0.0135127087274581,0.0020213830593794,25.1522895526841417,3.0000363267964345,-1.523173,1.481701,0.0414714119290,-0.2568867201044,0,4.0e-11
0.9986205419485517,0.0,0.0005343652318946,0.0061916420002627,0.0135158750863523,0.0020171785457230,25.1513490625019855,3.0000363328048598,-1.581357,1.482050,0.0993066025184,-0.3436506257282,0,3.6e-11
0.9986217303826632,0.0,0.0005343460757947,0.0062003704037177,0.0135190832913912,0.0020129247563736,25.1503919413361992,3.0000363389212854,-1.640453,1.482376,0.1580767641019,-0.4317678310306,0,7.6e-11
0.9986229332667961,0.0,0.0005343280002019,0.0062091933586226,0.0135223338034174,0.0020086212975000,25.1494179402228681,3.0000363451473966,-1.700469,1.482678,0.2177904625836,-0.5212480205437,0,4.7e-11
0.9986241507198746,0.0,0.0005343110334413,0.0062181114234009,0.0135256270930955,0.0020042677671400,25.1484268062969747,3.0000363514849067,-1.761414,1.482958,0.2784558770949,-0.6121018168005,0,3.2e-11
0.9986253828628949,0.0,0.0005342952038284,0.0062271251683957,0.0135289636413905,0.0019998637547609,25.1474182826509107,3.0000363579355587,-1.823296,1.483215,0.3400810627671,-0.7043389462002,0,3.1e-11
0.9986266298190398,0.0,0.0005342805396595,0.0062362351766743,0.0135323439400238,0.0019954088408137,25.1463921081827557,3.0000363645011272,-1.886123,1.483449,0.4026738463045,-0.7979687864376,0,4.7e-11
0.9986278917138148,0.0,0.0005342670692052,0.0062454420449651,0.0135357684919965,0.0019909025961911,25.1453480174408028,3.0000363711834166,-1.949904,1.483662,0.4662418689080,-0.8929999661154,0,3.6e-11
0.9986291686751789,0.0,0.0005342548206956,0.0062547463845870,0.0135392378120922,0.0019863445817718,25.1442857404608304,3.0000363779842667,-2.014646,1.483854,0.5307924402219,-0.9894410789680,0,1.4e-11
0.9986304608336772,0.0,0.0005342438223135,0.0062641488223475,0.0135427524274056,0.0019817343478927,25.1432050025957068,3.0000363849055498,-2.080357,1.484024,0.5963325481732,-1.0873004535813,0,2.5e-11
0.9986317683225792,0.0,0.0005342341021885,0.0062736500014749,0.0135463128778914,0.0019770714338195,25.1421055243387137,3.0000363919491742,-2.147043,1.484174,0.6628689648887,-1.1865853623288,0,3.6e-11
0.9986330912780200,0.0,0.0005342256883782,0.0062832505826315,0.0135499197169144,0.0019723553672749,25.1409870211394910,3.0000363991170862,-2.214711,1.484303,0.7304081152147,-1.2873026213686,0,2.9e-11
0.9986344298391397,0.0,0.0005342186088699,0.0062929512447935,0.0135535735118284,0.0019675856638480,25.1398492032125027,3.0000364064112688,-2.283368,1.484412,0.7989559911103,-1.3894588530800,0,3.1e-11
0.9986357841482367,0.0,0.0005342128915610,0.0063027526863468,0.0135572748445747,0.0019627618265065,25.1386917753399999,3.0000364138337465,-2.353019,1.484501,0.8685182087342,-1.4930599446930,0,6.7e-11
0.9986371543509035,0.0,0.0005342085642564,0.0063126556259522,0.0135610243122622,0.0019578833450489,25.1375144366637322,3.0000364213865822,-2.423671,1.484571,0.9391001053388,-1.5981103715205,0,4.8e-11
0.9986385405961864,0.0,0.0005342056546602,0.0063226608036038,0.0135648225278181,0.0019529496955286,25.1363168804724353,3.0000364290718848,-2.495327,1.484621,1.0107063282511,-1.7046151098157,0,6.1e-11
0.9986399430367315,0.0,0.0005342041903581,0.0063327689816444,0.0135686701205956,0.0019479603397648,25.1350987939802124,3.0000364368918060,-2.567993,1.484652,1.0833412196176,-1.8125773789118,0,5.2e-11
0.9986413618289480,0.0,0.0005342041988166,0.0063429809457880,0.0135725677370650,0.0019429147247155,25.1338598580977823,3.0000364448485444,-2.641673,1.484665,1.1570084951524,-1.9220000345996,0,3.4e-11
0.9986427971331544,0.0,0.0005342057073711,0.0063532975060807,0.0135765160414525,0.0019378122819680,25.1325997471934599,3.0000364529443440,-2.716371,1.484659,1.2317112732787,-2.0328852013249,0,3.4e-11
0.9986442491137437,0.0,0.0005342087432077,0.0063637194980316,0.0135805157164356,0.0019326524272053,25.1313181288486902,3.0000364611815034,-2.792088,1.484636,1.3074520901645,-2.1452337925682,0,4.8e-11
0.9986457179393434,0.0,0.0005342133333647,0.0063742477835668,0.0135845674638627,0.0019274345595837,25.1300146636033048,3.0000364695623674,-2.868827,1.484594,1.3842328756744,-2.2590454403757,0,3.7e-11
0.9986472037829787,0.0,0.0005342195047118,0.0063848832521427,0.0135886720054668,0.0019221580612233,25.1286890046930225,3.0000364780893380,-2.946591,1.484536,1.4620546669247,-2.3743194845027,0,6.2e-11
0.9986487068222298,0.0,0.0005342272839462,0.0063956268216990,0.0135928300835975,0.0019168222966269,25.1273407977772258,3.0000364867648708,-3.025378,1.484460,1.5409179521771,-2.4910529703813,0,4.2e-11
0.9986502272394133,0.0,0.0005342366975694,0.0064064794398834,0.0135970424620086,0.0019114266121453,25.1259696806602122,3.0000364955914796,-3.105190,1.484368,1.6208221489395,-2.6092428127733,0,3.5e-11
0.9986517652217334,0.0,0.0005342477718848,0.0064174420849382,0.0136013099266098,0.0019059703354026,25.1245752829990785,3.0000365045717392,-3.186024,1.484259,1.7017658185526,-2.7288842808339,0,6.1e-11
0.9986533209614586,0.0,0.0005342605329760,0.0064285157668528,0.0136056332862753,0.0019004527747838,25.1231572260054357,3.0000365137082836,-3.267880,1.484133,1.7837467359951,-2.8499703456661,0,3.8e-11
0.9986548946560966,0.0,0.0005342750066895,0.0064397015284791,0.0136100133736726,0.0018948732188740,25.1217151221376582,3.0000365230038128,-3.350754,1.483993,1.8667612844360,-2.9724939429950,0,5.9e-11
0.9986564865085558,0.0,0.0005342912186249,0.0064510004464902,0.0136144510460846,0.0018892309359223,25.1202485747799464,3.0000365324610945,-3.434641,1.483836,1.9508050578293,-3.0964447682048,0,3.1e-11
0.9986580967273261,0.0,0.0005343091941058,0.0064624136325662,0.0136189471862777,0.0018835251733679,25.1187571779142154,3.0000365420829631,-3.519537,1.483665,2.0358720724609,-3.2218123118124,0,4.5e-11
0.9986597255266484,0.0,0.0005343289581664,0.0064739422344006,0.0136235027033789,0.0018777551572927,25.1172405157800576,3.0000365518723267,-3.605434,1.483478,2.1219553371835,-3.3485827022592,0,2.3e-11
0.9986613731266963,0.0,0.0005343505355239,0.0064855874368587,0.0136281185337937,0.0018719200919427,25.1156981625247795,3.0000365618321663,-3.692324,1.483278,2.2090461596257,-3.4767412459431,0,2.5e-11
0.9986630397537420,0.0,0.0005343739505537,0.0064973504629865,0.0136327956421047,0.0018660191592861,25.1141296818406019,3.0000365719655413,-3.780197,1.483063,2.2971344564605,-3.6062703774947,0,3.5e-11
0.9986647256403377,0.0,0.0005343992272614,0.0065092325751350,0.0136375350220338,0.0018600515185456,25.1125346265913549,3.0000365822755897,-3.869043,1.482834,2.3862084702351,-3.7371502320823,0,3.5e-11
0.9986664310254899,0.0,0.0005344263892482,0.0065212350760458,0.0136423376974049,0.0018540163058086,25.1109125384273106,3.0000365927655337,-3.958847,1.482593,2.4762546005831,-3.8693586145242,0,3.8e-11
0.9986681561548388,0.0,0.0005344554596786,0.0065333593099381,0.0136472047231461,0.0018479126336137,25.1092629473868740,3.0000366034386805,-4.049596,1.482338,2.5672572952517,-4.0028707038371,0,5.8e-11
0.9986699012808339,0.0,0.0005344864612392,0.0065456066636038,0.0136521371863066,0.0018417395906176,25.1075853714861879,3.0000366142984261,-4.141270,1.482071,2.6591991148582,-4.1376579306008,0,2.6e-11
0.9986716666629024,0.0,0.0005345194160910,0.0065579785674665,0.0136571362070674,0.0018354962413339,25.1058793162948781,3.0000366253482595,-4.233852,1.481792,2.7520600119176,-4.2736901126252,0,2.4e-11
0.9986734525676209,0.0,0.0005345543458290,0.0065704764965817,0.0136622029398121,0.0018291816258366,25.1041442744958303,3.0000366365917657,-4.327320,1.481502,2.8458179125080,-4.4109320402620,0,4.2e-11
0.9986752592689279,0.0,0.0005345912714177,0.0065831019720492,0.0136673385743098,0.0018227947595033,25.1023797254391035,3.0000366480326282,-4.421648,1.481200,2.9404475623086,-4.5493471818593,0,1.6e-11
0.9986770870482293,0.0,0.0005346302131337,0.0065958565615970,0.0136725443366463,0.0018163346330789,25.1005851346672308,3.0000366596746324,-4.516810,1.480889,3.0359214719787,-4.6888928138540,0,1.7e-12
0.9986789361946067,0.0,0.0005346711904972,0.0066087418809143,0.0136778214904685,0.0018098002124965,25.0987599534359411,3.0000366715216722,-4.612776,1.480567,3.1322089660900,-4.8295226093949,0,3.0e-11
0.9986807696645438,0.0,0.0005347133480984,0.0066214999487438,0.0136830644503838,0.0018033223551880,25.0969407654227723,3.0000366833364285,-4.707584,1.480242,3.2273420784570,-4.9683657836759,0,3.2e-11
0.9986816786553128,0.0,0.0005347348000517,0.0066278185149314,0.0136856677032334,0.0018001112043058,25.0960353746164166,3.0000366892189740,-4.754450,1.480080,3.2743702067892,-5.0369654102934,0,4.5e-12
0.9986826033867364,0.0,0.0005347569915124,0.0066342420593655,0.0136883187144286,0.0017968447235618,25.0951119481881975,3.0000366952203894,-4.802027,1.479913,3.3221133189530,-5.1065837739167,0,2.9e-11
0.9986835440989140,0.0,0.0005347799419418,0.0066407720491094,0.0136910183219638,0.0017935220742425,25.0941701319919304,3.0000367013430798,-4.850317,1.479743,3.3705736657178,-5.1772225167005,0,1.4e-11
0.9986845010350894,0.0,0.0005348036710509,0.0066474099672420,0.0136937673792228,0.0017901424069700,25.0932095648034839,3.0000367075894991,-4.899321,1.479569,3.4197524829674,-5.2488838498504,0,3.6e-11
0.9986854744417007,0.0,0.0005348281987872,0.0066541573131055,0.0136965667553676,0.0017867048615844,25.0922298781665809,3.0000367139621540,-4.949042,1.479391,3.4696507634688,-5.3215673323277,0,1.7e-11
0.9986864645684185,0.0,0.0005348535453173,0.0066610156024943,0.0136994173357005,0.0017832085670976,25.0912306962344829,3.0000367204636036,-4.999478,1.479209,3.5202684922482,-5.3952725083187,0,1.9e-11
0.9986874716681892,0.0,0.0005348797310085,0.0066679863678779,0.0137023200220509,0.0017796526416403,25.0902116356076448,3.0000367270964641,-5.050628,1.479024,3.5716048049650,-5.4699979559845,0,3.5e-11
0.9986884959972738,0.0,0.0005349067764171,0.0066750711585300,0.0137052757331721,0.0017760361923688,25.0891723051672955,3.0000367338634049,-5.102492,1.478834,3.6236579348653,-5.5457411754632,0,1.9e-11
0.9986895378152820,0.0,0.0005349347022588,0.0066822715407367,0.0137082854051100,0.0017723583155256,25.0881123059048434,3.0000367407671531,-5.155067,1.478642,3.6764256059340,-5.6224967925052,0,4.4e-11
0.9986905973852246,0.0,0.0005349635293901,0.0066895890980529,0.0137113499916618,0.0017686180963385,25.0870312307478471,3.0000367478104963,-5.208349,1.478445,3.7299043947710,-5.7002585763909,0,3.0e-12
0.9986916749735423,0.0,0.0005349932787809,0.0066970254314367,0.0137144704647584,0.0017648146090776,25.0859286643810364,3.0000367549962808,-5.262334,1.478245,3.7840892015653,-5.7790208982911,0,2.7e-11
0.9986927708501439,0.0,0.0005350239714912,0.0067045821594013,0.0137176478149020,0.0017609469170528,25.0848041830633015,3.0000367623274142,-5.317017,1.478042,3.8389744880979,-5.8587738752812,0,4.6e-11
0.9986938852884454,0.0,0.0005350556286331,0.0067122609182724,0.0137208830516012,0.0017570140727065,25.0836573544403016,3.0000367698068686,-5.372389,1.477835,3.8945532197139,-5.9395067206955,0,3.6e-11
0.9986950185654050,0.0,0.0005350882713389,0.0067200633623474,0.0137241772038172,0.0017530151176764,25.0824877373526824,3.0000367774376797,-5.428443,1.477626,3.9508169372927,-6.0212070511594,0,9.5e-12
0.9986961709615545,0.0,0.0005351219207258,0.0067279911640430,0.0137275313204163,0.0017489490829093,25.0812948816395007,3.0000367852229499,-5.485169,1.477413,4.0077555162025,-6.1038611505064,0,3.8e-11
0.9986973427610318,0.0,0.0005351565978498,0.0067360460141008,0.0137309464706254,0.0017448149888457,25.0800783279372510,3.0000367931658496,-5.542556,1.477198,4.0653578947281,-6.1874509681714,0,5.2e-12
0.9986985342516073,0.0,0.0005351923236658,0.0067442296216956,0.0137344237445001,0.0017406118455822,25.0788376074740391,3.0000368012696192,-5.600590,1.476980,4.1236105056031,-6.2719589805494,0,1.2e-11
0.9986997457247144,0.0,0.0005352291189690,0.0067525437146749,0.0137379642534030,0.0017363386531595,25.0775722418590625,3.0000368095375696,-5.659258,1.476759,4.1824986103903,-6.3573629671306,0,1.5e-11
0.9987009774754643,0.0,0.0005352670043470,0.0067609900395846,0.0137415691304658,0.0017319944018555,25.0762817428670282,3.0000368179730859,-5.718542,1.476537,4.2420053542835,-6.4436386328412,0,1.2e-11
0.9987022298026712,0.0,0.0005353060001162,0.0067695703618742,0.0137452395310879,0.0017275780725374,25.0749656122177349,3.0000368265796276,-5.778424,1.476313,4.3021115586491,-6.5307596234182,0,1.9e-11
0.9987035030088619,0.0,0.0005353461262521,0.0067782864659721,0.0137489766334063,0.0017230886371393,25.0736233413507925,3.0000368353607314,-5.838882,1.476087,4.3627957833502,-6.6186966029691,0,4.7e-11
0.9987047974002750,0.0,0.0005353874023210,0.0067871401552874,0.0137527816387592,0.0017185250591841,25.0722544111944750,3.0000368443200132,-5.899894,1.475859,4.4240349319822,-6.7074143880724,0,1.1e-11
0.9987061132868811,0.0,0.0005354298473911,0.0067961332524391,0.0137566557722147,0.0017138862943815,25.0708582919304739,3.0000368534611703,-5.961434,1.475631,4.4858022820138,-6.7968778492024,0,1.1e-11
0.9987074509823606,0.0,0.0005354734799517,0.0068052675991145,0.0137606002830073,0.0017091712913636,25.0694344427524776,3.0000368627879817,-6.023472,1.475403,4.5480688226407,-6.8870464242682,0,2.8e-11
0.9987088108040957,0.0,0.0005355183178092,0.0068145450561430,0.0137646164450256,0.0017043789925317,25.0679823116198754,3.0000368723043125,-6.085977,1.475174,4.6108027457940,-6.9778749846012,0,1.6e-12
0.9987101930731441,0.0,0.0005355643779790,0.0068239675034280,0.0137687055572632,0.0016995083350552,25.0665013350058956,3.0000368820141157,-6.148914,1.474946,4.6739684674070,-7.0693160036602,0,1.9e-11
0.9987115981142058,0.0,0.0005356116765657,0.0068335368398671,0.0137728689442742,0.0016945582519900,25.0649909376402036,3.0000368919214324,-6.212246,1.474719,4.7375275454931,-7.1613155275201,0,1.9e-11
0.9987130262555725,0.0,0.0005356602286348,0.0068432549831600,0.0137771079565975,0.0016895276735847,25.0634505322460193,3.0000369020303967,-6.275931,1.474493,4.8014375557936,-7.2538156802484,0,1.5e-11
0.9987144778290724,0.0,0.0005357100480566,0.0068531238697187,0.0137814239711763,0.0016844155288271,25.0618795192717307,3.0000369123452373,-6.339922,1.474270,4.8656521047246,-7.3467534474619,0,2.8e-11
0.9987159531699815,0.0,0.0005357611473570,0.0068631454542335,0.0137858183917167,0.0016792207471355,25.0602772866166710,3.0000369228702781,-6.404170,1.474049,4.9301206915335,-7.4400597974406,0,3.4e-11
0.9987174526169350,0.0,0.0005358135375265,0.0068733217094645,0.0137902926490488,0.0016739422604068,25.0586432093512599,3.0000369336099446,-6.468620,1.473832,4.9947881758328,-7.5336600963672,0,4.3e-11
0.9987189765118065,0.0,0.0005358672278269,0.0068836546257462,0.0137948482014277,0.0016685790052722,25.0569766494314763,3.0000369445687634,-6.533214,1.473620,5.0595945637357,-7.6274732506547,0,5.5e-11
0.9987205251995670,0.0,0.0005359222255675,0.0068941462104757,0.0137994865347852,0.0016631299257453,25.0552769554074679,3.0000369557513640,-6.597888,1.473413,5.1244749579568,-7.7214104100572,0,8.0e-12
0.9987220990281098,0.0,0.0005359785358615,0.0069047984874122,0.0138042091629121,0.0016575939762157,25.0535434621262887,3.0000369671624867,-6.662570,1.473212,5.1893578676501,-7.8153785170380,0,1.8e-11
0.9987236983480567,0.0,0.0005360361613465,0.0069156134959757,0.0138090176275916,0.0016519701249304,25.0517754904290690,3.0000369788069778,-6.727186,1.473019,5.2541666615291,-7.9092740892316,0,8.4e-11
0.9987253235125028,0.0,0.0005360951018832,0.0069265932901682,0.0138139134985867,0.0016462573579475,25.0499723468418907,3.0000369906898015,-6.791654,1.472835,5.3188188592886,-8.0029836726790,0,1.7e-12
0.9987269748767587,0.0,0.0005361553542063,0.0069377399376628,0.0138188983736248,0.0016404546836422,25.0481333232613821,3.0000370028160348,-6.855884,1.472661,5.3832232155268,-8.0963905317068,0,2.1e-11
0.9987286527980020,0.0,0.0005362169115456,0.0069490555183149,0.0138239738781441,0.0016345611379424,25.0462576966341466,3.0000370151908755,-6.919781,1.472498,5.4472828305917,-8.1893633557610,0,3.5e-12
0.9987303576349115,0.0,0.0005362797631906,0.0069605421227785,0.0138291416649965,0.0016285757902539,25.0443447286307972,3.0000370278196429,-6.983240,1.472348,5.5108920384714,-8.2817632733331,0,2.8e-11
0.9987320897471921,0.0,0.0005363438940061,0.0069722018505084,0.0138344034138472,0.0016224977503963,25.0423936653139236,3.0000370407077841,-7.046151,1.472214,5.5739365993200,-8.3734408921676,0,4.7e-12
0.9987338494950802,0.0,0.0005364092838822,0.0069840368078492,0.0138397608305274,0.0016163261764103,25.0404037368006023,3.0000370538608738,-7.108390,1.472096,5.6362938992879,-8.4642333423401,0,6.1e-12
0.9987356372387196,0.0,0.0005364759071155,0.0069960491054600,0.0138452156460113,0.0016100602836693,25.0383741569197085,3.0000370672846208,-7.169828,1.471997,5.6978306809176,-8.5539680892701,0,4.2e-11
0.9987374533374589,0.0,0.0005365437317108,0.0070082408554402,0.0138507696151725,0.0016036993553080,25.0363041228636511,3.0000370809848698,-7.230324,1.471920,5.7584042994502,-8.6424567098564,0,2.4e-11
0.9987392981490294,0.0,0.0005366127185735,0.0070206141680504,0.0138564245151721,0.0015972427543521,25.0341928148352082,3.0000370949676078,-7.289726,1.471866,5.8178600600291,-8.7294993585895,0,9.3e-12
0.9987411720285825,0.0,0.0005366828206100,0.0070331711477096,0.0138621821434441,0.0015906899376247,25.0320393956896545,3.0000371092389622,-7.347870,1.471839,5.8760315702325,-8.8148807139172,0,8.0e-12
0.9987430753275821,0.0,0.0005367539816801,0.0070459138885551,0.0138680443152171,0.0015840404719651,25.0298430105722645,3.0000371238052153,-7.404581,1.471841,5.9327398746822,-8.8983691428460,0,1.1e-11
0.9987450083924918,0.0,0.0005368261354134,0.0070588444689865,0.0138740128604219,0.0015772940529955,25.0276027865519843,3.0000371386727971,-7.459669,1.471877,5.9877918654121,-8.9797175470911,0,2.1e-11
0.9987469715632619,0.0,0.0005368992038312,0.0070719649455542,0.0138800896199501,0.0015704505270426,25.0253178322515737,3.0000371538482971,-7.512931,1.471950,6.0409807779058,-9.0586585837107,0,2.4e-11
0.9987489651715460,0.0,0.0005369730957741,0.0070852773456111,0.0138862764410793,0.0015635099165866,25.0229872374750748,3.0000371693384675,-7.564147,1.472064,6.0920827060331,-9.1349099239007,0,3.9e-11
0.9987509895386074,0.0,0.0005370477050616,0.0070987836587692,0.0138925751718814,0.0015564724502539,25.0206100728329091,3.0000371851502279,-7.613083,1.472224,6.1408591956485,-9.2081639247187,0,3.4e-11
0.9987530449728809,0.0,0.0005371229083763,0.0071124858268934,0.0138989876545430,0.0015493385977354,25.0181853893663906,3.0000372012906698,-7.659487,1.472435,6.1870518767765,-9.2780970450455,0,5.2e-11
0.9987551317670742,0.0,0.0005371985627710,0.0071263857322859,0.0139055157171654,0.0015421091111609,25.0157122181726450,3.0000372177670638,-7.703087,1.472703,6.2303842022078,-9.3443613911497,0,1.9e-11
0.9987572501947362,0.0,0.0005372745027692,0.0071404851835294,0.0139121611638350,0.0015347850738788,25.0131895700307822,3.0000372345868636,-7.743595,1.473035,6.2705605395682,-9.4065829829013,0,1.3e-11
0.9987594005062183,0.0,0.0005373505369394,0.0071547858990229,0.0139189257626720,0.0015273679582676,25.0106164350319524,3.0000372517577145,-7.780699,1.473436,6.3072628768964,-9.4643653392403,0,4.3e-11
0.9987615829238382,0.0,0.0005374264438516,0.0071692894871411,0.0139258112312409,0.0015198596946453,25.0079917822156652,3.0000372692874602,-7.814067,1.473917,6.3401498990353,-9.5172872425464,0,1.1e-11
0.9987637976361081,0.0,0.0005375019672729,0.0071839974225781,0.0139328192188272,0.0015122627536531,25.0053145592147814,3.0000372871841483,-7.843343,1.474486,6.3688575498717,-9.5648975398693,0,2.6e-11
0.9987660447908068,0.0,0.0005375768104340,0.0071989110179493,0.0139399512848342,0.0015045802451970,25.0025836919129745,3.0000373054560399,-7.868149,1.475152,6.3929966295673,-9.6067166981427,0,3.5e-11
