x0,y0,z0,xd0,yd0,zd0,Tp,JC,stabilityIndex1,stabilityIndex2,alpha,beta,impactFlag,error
0.9976282808642081,0.0,0.0024575599242482,-0.0000029784501688,0.0081742329477029,0.0000017587626004,9.1413837093145265,3.0000544399832041,2.014494,2.000000,-4.0144923022028,6.0289845746772,1,6.0e-11
0.9976282862552277,0.0,0.0024575606840154,-0.0000095073928631,0.0081742150496041,0.0000056138572951,9.1413737093145269,3.0000544401894036,2.014508,2.000000,-4.0144868525568,6.0289734009669,1,2.6e-10
0.9976282915541345,0.0,0.0024575613976056,-0.0000130871466198,0.0081741972990011,0.0000077272300232,9.1413637093145272,3.0000544403945946,2.014521,1.999960,-4.0144814416444,6.0289623066863,1,3.2e-11
0.9976282968846247,0.0,0.0024575621295598,-0.0000158874819922,0.0081741794865715,0.0000093802934907,9.1413537093145276,3.0000544406001990,2.014534,1.999942,-4.0144760229399,6.0289511962120,1,9.1e-13
0.9976283022121368,0.0,0.0024575628617221,-0.0000182634883245,0.0081741616714492,0.0000107826991540,9.1413437093145262,3.0000544408058141,2.014548,1.999923,-4.0144706020618,6.0289400813598,1,1.7e-12
0.9976283075362399,0.0,0.0024575635938368,-0.0000203641486547,0.0081741438545031,0.0000120224345524,9.1413337093145266,3.0000544410114358,2.014561,1.999904,-4.0144651808279,6.0289289658066,1,3.4e-13
0.9976283128567663,0.0,0.0024575643258069,-0.0000222674949789,0.0081741260360650,0.0000131455858737,9.1413237093145270,3.0000544412170607,2.014574,1.999885,-4.0144597599878,6.0289178510696,1,1.1e-12
0.9976283181737028,0.0,0.0024575650576289,-0.0000240204771919,0.0081741082161382,0.0000141798831998,9.1413137093145274,3.0000544414226891,2.014587,1.999867,-4.0144543392454,6.0289067365534,1,2.2e-12
0.9976283234870640,0.0,0.0024575657893107,-0.0000256539401375,0.0081740903946960,0.0000151435450207,9.1413037093145277,3.0000544416283215,2.014601,1.999848,-4.0144489181140,6.0288956212686,1,4.5e-12
0.9976283287969222,0.0,0.0024575665209052,-0.0000271894491934,0.0081740725715376,0.0000160493092828,9.1412937093145263,3.0000544418339601,2.014614,1.999830,-4.0144434946322,6.0288845012623,1,5.0e-11
0.9976283341030312,0.0,0.0024575672522337,-0.0000286427141385,0.0081740547473280,0.0000169064571598,9.1412837093145267,3.0000544420395991,2.014627,1.999811,-4.0144380729834,6.0288733849799,1,7.0e-11
0.9976283394055805,0.0,0.0024575679834500,-0.0000300257170407,0.0081740369214727,0.0000177220660121,9.1412737093145271,3.0000544422452418,2.014640,1.999793,-4.0144326570757,6.0288622803075,1,1.4e-12
0.9976283922342200,0.0,0.0024575752882651,-0.0000413872142869,0.0081738585772627,0.0000244181410966,9.1411737093145273,3.0000544443019010,2.014769,1.999610,-4.0143784551702,6.0287511482702,1,6.4e-11
0.9976284447010491,0.0,0.0024575825763978,-0.0000502410544498,0.0081736800881591,0.0000296301482660,9.1410737093145276,3.0000544463588996,2.014894,1.999430,-4.0143242737696,6.0286400598210,1,1.4e-12
0.9976284968187124,0.0,0.0024575898521684,-0.0000577526984546,0.0081735014457846,0.0000340466411814,9.1409737093145260,3.0000544484163099,2.015017,1.999253,-4.0142700720597,6.0285289324940,1,4.3e-10
0.9976285485480534,0.0,0.0024575971066024,-0.0000643932208410,0.0081733226507707,0.0000379469369797,9.1408737093145263,3.0000544504740549,2.015136,1.999080,-4.0142159356238,6.0284179391426,1,1.1e-11
0.9976285999246586,0.0,0.0024576043471161,-0.0000704098018355,0.0081731437037699,0.0000414766077177,9.1407737093145265,3.0000544525321975,2.015253,1.998908,-4.0141617847540,6.0283069188260,1,2.2e-12
0.9976286509347642,0.0,0.0024576115706773,-0.0000759507920074,0.0081729646036495,0.0000447237089556,9.1406737093145267,3.0000544545907184,2.015368,1.998740,-4.0141076442835,6.0281959217052,1,2.6e-12
0.9976287015767992,0.0,0.0024576187768590,-0.0000811137214126,0.0081727853496743,0.0000477460100192,9.1405737093145270,3.0000544566496190,2.015480,1.998574,-4.0140535149201,6.0280849492124,1,1.9e-12
0.9976287518492318,0.0,0.0024576259652330,-0.0000859667401215,0.0081726059410948,0.0000505839037003,9.1404737093145272,3.0000544587089002,2.015590,1.998410,-4.0139993966258,6.0279740012963,1,1.4e-12
0.9976288017505712,0.0,0.0024576331353778,-0.0000905596914780,0.0081724263772035,0.0000532669480508,9.1403737093145274,3.0000544607685642,2.015697,1.998248,-4.0139452895811,6.0278630783261,1,1.9e-12
0.9976288512792765,0.0,0.0024576402868648,-0.0000949303369800,0.0081722466572661,0.0000558175509213,9.1402737093145277,3.0000544628286114,2.015803,1.998088,-4.0138911932962,6.0277521793296,1,6.5e-13
0.9976289004338015,0.0,0.0024576474192677,-0.0000991080976631,0.0081720667805425,0.0000582531816742,9.1401737093145261,3.0000544648890446,2.015906,1.997931,-4.0138371080172,6.0276413048179,1,1.3e-12
0.9976289492125965,0.0,0.0024576545321574,-0.0001031164258227,0.0081718867462962,0.0000605877751039,9.1400737093145263,3.0000544669498632,2.016008,1.997775,-4.0137830336920,6.0275304546883,1,3.3e-12
0.9976289976134344,0.0,0.0024576616252600,-0.0001069743994168,0.0081717065520850,0.0000628326873252,9.1399737093145266,3.0000544690110784,2.016107,1.997622,-4.0137289790551,6.0274196465961,1,1.5e-10
0.9976290456367142,0.0,0.0024576686976830,-0.0001106976722745,0.0081715262022331,0.0000649971935281,9.1398737093145268,3.0000544710726662,2.016205,1.997469,-4.0136749169343,6.0273088257043,1,1.1e-12
0.9976290932788771,0.0,0.0024576757494593,-0.0001142994839659,0.0081713456909068,0.0000670892157517,9.1397737093145270,3.0000544731346532,2.016302,1.997319,-4.0136208745115,6.0271980468808,1,1.5e-13
0.9976291405389791,0.0,0.0024576827800030,-0.0001177909591107,0.0081711650190387,0.0000691153699461,9.1396737093145273,3.0000544751970315,2.016396,1.997170,-4.0135668428357,6.0270872920848,1,1.4e-12
0.9976291874154452,0.0,0.0024576897888814,-0.0001211816396734,0.0081709841858853,0.0000710813468303,9.1395737093145275,3.0000544772598032,2.016489,1.997023,-4.0135128207496,6.0269765589789,1,1.3e-11
0.9976292339065735,0.0,0.0024576967756610,-0.0001244797671977,0.0081708031906184,0.0000729920644182,9.1394737093145277,3.0000544793229711,2.016581,1.996878,-4.0134588106556,6.0268658524310,1,5.7e-13
0.9976292800108391,0.0,0.0024577037399159,-0.0001276925180954,0.0081706220325039,0.0000748518099881,9.1393737093145262,3.0000544813865346,2.016671,1.996734,-4.0134048088262,6.0267551649298,1,2.2e-11
0.9976293257265111,0.0,0.0024577106811957,-0.0001308261856959,0.0081704407107698,0.0000766643456248,9.1392737093145264,3.0000544834504961,2.016760,1.996591,-4.0133508201833,6.0266445064183,1,2.3e-12
0.9976293710520038,0.0,0.0024577175990804,-0.0001338863282163,0.0081702592246064,0.0000784329971821,9.1391737093145267,3.0000544855148572,2.016847,1.996450,-4.0132968398469,6.0265338670524,1,3.6e-12
0.9976294159856275,0.0,0.0024577244931274,-0.0001368778808775,0.0081700775732261,0.0000801607203365,9.1390737093145269,3.0000544875796189,2.016933,1.996310,-4.0132428700938,6.0264232514481,1,1.7e-12
0.9976294605257290,0.0,0.0024577313629025,-0.0001398052507321,0.0081698957558422,0.0000818501569248,9.1389737093145271,3.0000544896447834,2.017018,1.996171,-4.0131889104881,6.0263126587254,1,9.9e-13
0.9976295046706022,0.0,0.0024577382079646,-0.0001426723925394,0.0081697137716442,0.0000835036799759,9.1388737093145274,3.0000544917103524,2.017101,1.996033,-4.0131349607610,6.0262020883630,1,1.7e-12
0.9976295484185705,0.0,0.0024577450278796,-0.0001454828711637,0.0081695316198227,0.0000851234305444,9.1387737093145276,3.0000544937763265,2.017184,1.995897,-4.0130810205922,6.0260915397244,1,3.9e-12
0.9976295917679204,0.0,0.0024577518222009,-0.0001482399128871,0.0081693492995875,0.0000867113485361,9.1386737093145261,3.0000544958427087,2.017265,1.995762,-4.0130270904495,6.0259810137485,1,6.3e-12
0.9976296347169328,0.0,0.0024577585904957,-0.0001509464499249,0.0081691668100864,0.0000882691983371,9.1385737093145263,3.0000544979094990,2.017345,1.995628,-4.0129731703619,6.0258705105235,1,4.0e-12
0.9976296772639024,0.0,0.0024577653323153,-0.0001536051552187,0.0081689841505399,0.0000897985909409,9.1384737093145265,3.0000544999767000,2.017424,1.995495,-4.0129192598958,6.0257600291721,1,3.8e-12
0.9976297194070728,0.0,0.0024577720472235,-0.0001562184747643,0.0081688013200888,0.0000913010011475,9.1383737093145267,3.0000545020443132,2.017502,1.995363,-4.0128653588039,6.0256495692039,1,6.8e-12
0.9976297611446924,0.0,0.0024577787347736,-0.0001587886529230,0.0081686183179009,0.0000927777844279,9.1382737093145270,3.0000545041123403,2.017579,1.995233,-4.0128114678867,6.0255391322543,1,5.6e-13
0.9976298024750165,0.0,0.0024577853945228,-0.0001613177550170,0.0081684351431564,0.0000942301891831,9.1381737093145272,3.0000545061807826,2.017655,1.995103,-4.0127575859134,6.0254287158429,1,1.1e-12
0.9976298433962627,0.0,0.0024577920260248,-0.0001638076871219,0.0081682517949990,0.0000956593691353,9.1380737093145274,3.0000545082496424,2.017730,1.994974,-4.0127037136171,6.0253183214473,1,1.8e-12
0.9976298839066557,0.0,0.0024577986288343,-0.0001662602123967,0.0081680682725831,0.0000970663926617,9.1379737093145277,3.0000545103189209,2.017803,1.994846,-4.0126498503910,6.0252079478678,1,1.5e-12
0.9976299240043992,0.0,0.0024578052025042,-0.0001686769657595,0.0081678845750548,0.0000984522516219,9.1378737093145261,3.0000545123886195,2.017877,1.994719,-4.0125959961528,6.0250975949320,1,2.1e-12
0.9976299636877010,0.0,0.0024578117465871,-0.0001710594666336,0.0081677007015575,0.0000998178690967,9.1377737093145264,3.0000545144587409,2.017949,1.994594,-4.0125421513671,6.0249872636057,1,3.0e-12
0.9976300029547129,0.0,0.0024578182606313,-0.0001734091299917,0.0081675166512164,0.0001011641057045,9.1376737093145266,3.0000545165292860,2.018020,1.994468,-4.0124883145914,6.0248769509655,1,2.1e-11
0.9976300418036359,0.0,0.0024578247441864,-0.0001757272762093,0.0081673324231633,0.0001024917658121,9.1375737093145268,3.0000545186002570,2.018090,1.994344,-4.0124344892945,6.0247666640378,1,1.9e-12
0.9976300802326282,0.0,0.0024578311968058,-0.0001780151395865,0.0081671480165323,0.0001038016020092,9.1374737093145271,3.0000545206716556,2.018160,1.994221,-4.0123806698532,6.0246563914549,1,2.3e-11
0.9976301182398435,0.0,0.0024578376180323,-0.0001802738762194,0.0081669634304294,0.0001050943204737,9.1373737093145273,3.0000545227434841,2.018229,1.994098,-4.0123268622774,6.0245461453799,1,1.5e-12
0.9976301558421423,0.0,0.0024578440159874,-0.0001825047145306,0.0081667786517073,0.0001063703600814,9.1372737093145275,3.0000545248158530,2.018296,1.993977,-4.0122730934523,6.0244359799086,1,7.9e-10
0.9976301929814325,0.0,0.0024578503644979,-0.0001847082417464,0.0081665937162282,0.0001076310186226,9.1371737093145260,3.0000545268884364,2.018364,1.993856,-4.0122192709740,6.0243257090326,1,4.8e-12
0.9976302297121223,0.0,0.0024578566888323,-0.0001868858477661,0.0081664085864216,0.0001088762090123,9.1370737093145262,3.0000545289615634,2.018430,1.993735,-4.0121654878036,6.0242155199053,1,1.6e-12
0.9976302660134710,0.0,0.0024578629799517,-0.0001890382932759,0.0081662232735189,0.0001101067131545,9.1369737093145265,3.0000545310351279,2.018496,1.993616,-4.0121117120353,6.0241053482872,1,1.9e-11
0.9976303018836603,0.0,0.0024578692374072,-0.0001911664306797,0.0081660377766631,0.0001113230547425,9.1368737093145267,3.0000545331091311,2.018561,1.993497,-4.0120579473032,6.0239952015346,1,1.9e-12
0.9976303373206971,0.0,0.0024578754607336,-0.0001932710657526,0.0081658520949200,0.0001125257303860,9.1367737093145269,3.0000545351835748,2.018625,1.993379,-4.0120041894639,6.0238850712820,1,7.8e-13
0.9976303723226982,0.0,0.0024578816494748,-0.0001953529609434,0.0081656662273787,0.0001137152108028,9.1366737093145272,3.0000545372584613,2.018688,1.993262,-4.0119504400063,6.0237749605355,1,5.7e-13
0.9976304068877131,0.0,0.0024578878031687,-0.0001974128384186,0.0081654801731107,0.0001148919424411,9.1365737093145274,3.0000545393337918,2.018751,1.993146,-4.0118966986597,6.0236648687649,1,1.7e-12
0.9976304409621884,0.0,0.0024578939131390,-0.0001994514485546,0.0081652939081479,0.0001160567420948,9.1364737093145276,3.0000545414096287,2.018813,1.993030,-4.0118434336114,6.0235557410798,1,7.4e-09
0.9976304746989745,0.0,0.0024579000035702,-0.0002014692451444,0.0081651075006622,0.0001172088349457,9.1363737093145261,3.0000545434857941,2.018875,1.992914,-4.0117892388208,6.0234447391521,1,2.0e-11
0.9976305079285972,0.0,0.0024579060539896,-0.0002034671209870,0.0081649208624475,0.0001183494662335,9.1362737093145263,3.0000545455625725,2.018936,1.992800,-4.0117356801041,6.0233350237281,1,2.5e-09
0.9976305407387290,0.0,0.0024579120582217,-0.0002054453636628,0.0081647340700335,0.0001194795607561,9.1361737093145265,3.0000545476395990,2.018996,1.992686,-4.0116818129438,6.0232246885431,1,1.8e-12
0.9976305730892855,0.0,0.0024579180297304,-0.0002074047681140,0.0081645470679959,0.0001205985160001,9.1360737093145268,3.0000545497171829,2.019056,1.992573,-4.0116281109797,6.0231146893136,1,1.2e-12
0.9976306050330576,0.0,0.0024579239671645,-0.0002093458008327,0.0081643598890793,0.0001217070422344,9.1359737093145270,3.0000545517951962,2.019115,1.992460,-4.0115742828252,6.0230044380844,1,2.2e-09
0.9976306364206853,0.0,0.0024579298643859,-0.0002112690060941,0.0081641724629740,0.0001228048342300,9.1358737093145272,3.0000545538738366,2.019173,1.992348,-4.0115208746081,6.0228950367518,1,2.4e-09
0.9976306674542943,0.0,0.0024579357174781,-0.0002131747447090,0.0081639849035853,0.0001238938001183,9.1357737093145275,3.0000545559527008,2.019231,1.992236,-4.0114670281867,6.0227847539865,1,3.0e-10
0.9976306979772099,0.0,0.0024579415363967,-0.0002150635615905,0.0081637971168736,0.0001249723068564,9.1356737093145277,3.0000545580321574,2.019288,1.992125,-4.0114134666920,6.0226750487487,1,1.5e-09
0.9976307280685075,0.0,0.0024579473103452,-0.0002169358957923,0.0081636091521468,0.0001260421397458,9.1355737093145262,3.0000545601119906,2.019345,1.992015,-4.0113597137369,6.0225649598248,1,2.0e-13
0.9976307576895809,0.0,0.0024579530514659,-0.0002187922265515,0.0081634209715942,0.0001271024237177,9.1354737093145264,3.0000545621924015,2.019401,1.991905,-4.0113061767389,6.0224553092693,1,2.0e-09
0.9976307868684148,0.0,0.0024579587488070,-0.0002206328887415,0.0081632326082851,0.0001281542542340,9.1353737093145266,3.0000545642732050,2.019456,1.991796,-4.0112523944028,6.0223451662590,1,2.3e-10
0.9976308155670688,0.0,0.0024579644017615,-0.0002224582504224,0.0081630440450341,0.0001291975674151,9.1352737093145269,3.0000545663544611,2.019512,1.991687,-4.0111987773548,6.0222353595641,1,2.8e-10
0.9976308437946924,0.0,0.0024579700152278,-0.0002242689072961,0.0081628552589902,0.0001302328258832,9.1351737093145271,3.0000545684363127,2.019566,1.991579,-4.0111452066466,6.0221256489232,1,1.3e-09
0.9976308715850292,0.0,0.0024579755887428,-0.0002260647900216,0.0081626663096894,0.0001312594805733,9.1350737093145273,3.0000545705184680,2.019620,1.991471,-4.0110914649504,6.0220155959081,1,5.0e-10
0.9976308988723963,0.0,0.0024579811182387,-0.0002278466685462,0.0081624771261151,0.0001322785744839,9.1349737093145276,3.0000545726012371,2.019674,1.991364,-4.0110378961099,6.0219058943152,1,4.4e-10
0.9976309256979167,0.0,0.0024579866017399,-0.0002296146408485,0.0081622877535711,0.0001332901877977,9.1348737093145260,3.0000545746844098,2.019727,1.991258,-4.0109842530739,6.0217960456804,1,2.0e-11
0.9976309520521783,0.0,0.0024579920444583,-0.0002313691127477,0.0081620981728036,0.0001342942493559,9.1347737093145263,3.0000545767680964,2.019779,1.991151,-4.0109306439193,6.0216862680600,1,2.4e-12
0.9976309779399778,0.0,0.0024579974485195,-0.0002331103104472,0.0081619083918121,0.0001352906303018,9.1346737093145265,3.0000545788522652,2.019831,1.991046,-4.0108770362930,6.0215764961074,1,2.5e-10
0.9976310033256223,0.0,0.0024580027987171,-0.0002348387029741,0.0081617183905859,0.0001362807690073,9.1345737093145267,3.0000545809369448,2.019883,1.990940,-4.0108234798361,6.0214668301227,1,6.4e-10
0.9976310282499765,0.0,0.0024580081065771,-0.0002365544179144,0.0081615281932068,0.0001372638900826,9.1344737093145270,3.0000545830220817,2.019934,1.990836,-4.0107698499414,6.0213570185919,1,1.6e-12
0.9976310526852356,0.0,0.0024580133723048,-0.0002382577679308,0.0081613377811646,0.0001382400440624,9.1343737093145272,3.0000545851077449,2.019985,1.990731,-4.0107163017142,6.0212473744698,1,6.1e-10
0.9976310766452881,0.0,0.0024580185904844,-0.0002399489946310,0.0081611471689423,0.0001392098299196,9.1342737093145274,3.0000545871938540,2.020035,1.990628,-4.0106626639469,6.0211375522810,1,3.2e-10
0.9976311001042455,0.0,0.0024580237593493,-0.0002416284473578,0.0081609563355607,0.0001401735234552,9.1341737093145277,3.0000545892804973,2.020085,1.990524,-4.0106091100264,6.0210279019697,1,2.2e-12
0.9976311230860893,0.0,0.0024580288860151,-0.0002432962662929,0.0081607652960149,0.0001411307045279,9.1340737093145261,3.0000545913676340,2.020134,1.990421,-4.0105555283373,6.0209181982109,1,2.1e-10
0.9976311455673704,0.0,0.0024580339624418,-0.0002449527387878,0.0081605740415744,0.0001420820213667,9.1339737093145263,3.0000545934552649,2.020183,1.990319,-4.0105019731780,6.0208085506316,1,1.4e-10
0.9976311675600289,0.0,0.0024580389916106,-0.0002465981240852,0.0081603825715706,0.0001430275374479,9.1338737093145266,3.0000545955434177,2.020232,1.990217,-4.0104484028165,6.0206988750008,1,2.9e-10
0.9976311890465182,0.0,0.0024580439676844,-0.0002482326525837,0.0081601908819149,0.0001439676754872,9.1337737093145268,3.0000545976320829,2.020280,1.990115,-4.0103949190505,6.0205893768341,1,8.2e-10
0.9976312100368422,0.0,0.0024580489024947,-0.0002498563363054,0.0081599989868989,0.0001449013830976,9.1336737093145270,3.0000545997212105,2.020327,1.990014,-4.0103413747250,6.0204797588821,1,9.2e-10
0.9976312305471100,0.0,0.0024580537866884,-0.0002514696841617,0.0081598068714135,0.0001458301716536,9.1335737093145273,3.0000546018108931,2.020375,1.989913,-4.0102877630776,6.0203700077735,1,2.8e-10
0.9976312505436905,0.0,0.0024580586178993,-0.0002530727271883,0.0081596145391877,0.0001467537166639,9.1334737093145275,3.0000546039010603,2.020422,1.989813,-4.0102342004132,6.0202603581437,1,6.8e-10
0.9976312700215034,0.0,0.0024580633988354,-0.0002546657341109,0.0081594219762257,0.0001476720870129,9.1333737093145277,3.0000546059917923,2.020468,1.989713,-4.0101807317746,6.0201509008469,1,3.2e-10
0.9976312890020393,0.0,0.0024580681287814,-0.0002562488271973,0.0081592292012160,0.0001485854165472,9.1332737093145262,3.0000546080830057,2.020514,1.989613,-4.0101271849104,6.0200412882838,1,2.1e-12
0.9976313074722430,0.0,0.0024580728082384,-0.0002578222238796,0.0081590362028076,0.0001494937694876,9.1331737093145264,3.0000546101747534,2.020560,1.989514,-4.0100736623763,6.0199317273863,1,6.6e-13
0.9976313254302412,0.0,0.0024580774357601,-0.0002593861006820,0.0081588429813190,0.0001503973274448,9.1330737093145267,3.0000546122670264,2.020605,1.989415,-4.0100201445448,6.0198221785665,1,1.4e-12
0.9976313428790468,0.0,0.0024580820122177,-0.0002609406187129,0.0081586495382115,0.0001512961243818,9.1329737093145269,3.0000546143598221,2.020650,1.989316,-4.0099666076441,6.0197125938086,1,3.6e-10
0.9976313598060181,0.0,0.0024580865341911,-0.0002624859695585,0.0081584558675746,0.0001521904508815,9.1328737093145271,3.0000546164531512,2.020695,1.989218,-4.0099130943609,6.0196030593043,1,4.2e-10
0.9976313762096469,0.0,0.0024580910031956,-0.0002640223155943,0.0081582619666138,0.0001530802903945,9.1327737093145274,3.0000546185470331,2.020739,1.989120,-4.0098596152763,6.0194935963514,1,6.7e-11
0.9976313920928734,0.0,0.0024580954163586,-0.0002655497974389,0.0081580678413488,0.0001539658952145,9.1326737093145276,3.0000546206414285,2.020783,1.989023,-4.0098061155614,6.0193840943390,1,1.0e-12
0.9976314074592226,0.0,0.0024580997778517,-0.0002670685649410,0.0081578734891550,0.0001548470979934,9.1325737093145261,3.0000546227363669,2.020827,1.988926,-4.0097525961428,6.0192745550683,1,3.5e-10
0.9976314222891447,0.0,0.0024581040818366,-0.0002685787959501,0.0081576789025310,0.0001557242985969,9.1324737093145263,3.0000546248318551,2.020870,1.988829,-4.0096991249618,6.0191651156868,1,7.7e-13
0.9976314365950798,0.0,0.0024581083315780,-0.0002700806104639,0.0081574840867546,0.0001565973908328,9.1323737093145265,3.0000546269278852,2.020913,1.988733,-4.0096456350668,6.0190556410519,1,2.1e-13
0.9976314503696375,0.0,0.0024581125253011,-0.0002715741583602,0.0081572890384680,0.0001574665407185,9.1322737093145268,3.0000546290244627,2.020955,1.988637,-4.0095921489179,6.0189461764730,1,1.0e-12
0.9976314636103724,0.0,0.0024581166624893,-0.0002730595772290,0.0081570937564596,0.0001583318434135,9.1321737093145270,3.0000546311215919,2.020998,1.988541,-4.0095386661299,6.0188367211714,1,1.8e-12
0.9976314763147482,0.0,0.0024581207426132,-0.0002745370010020,0.0081568982394768,0.0001591933921432,9.1320737093145272,3.0000546332192748,2.021040,1.988446,-4.0094851867899,6.0187272753158,1,7.8e-12
0.9976314884805324,0.0,0.0024581247651916,-0.0002760065596840,0.0081567024864090,0.0001600512760880,9.1319737093145275,3.0000546353175142,2.021081,1.988351,-4.0094317098685,6.0186178368016,1,1.7e-12
0.9976315001050035,0.0,0.0024581287296649,-0.0002774683804065,0.0081565064959119,0.0001609055854018,9.1318737093145277,3.0000546374163140,2.021122,1.988256,-4.0093782362595,6.0185084074172,1,2.4e-12
0.9976315111857628,0.0,0.0024581326355255,-0.0002789225866298,0.0081563102667886,0.0001617564062435,9.1317737093145261,3.0000546395156764,2.021163,1.988161,-4.0093247656180,6.0183989864758,1,3.6e-12
0.9976315217203018,0.0,0.0024581364822496,-0.0002803692986758,0.0081561137977950,0.0001626038232341,9.1316737093145264,3.0000546416156051,2.021204,1.988067,-4.0092712974327,6.0182895729154,1,1.6e-12
0.9976315317061114,0.0,0.0024581402693129,-0.0002818086338294,0.0081559170876798,0.0001634479192722,9.1315737093145266,3.0000546437161018,2.021244,1.987973,-4.0092178318483,6.0181801670206,1,1.2e-12
0.9976315411479040,0.0,0.0024581439992723,-0.0002832406904337,0.0081557201376901,0.0001642885886500,9.1314737093145268,3.0000546458171744,2.021284,1.987880,-4.0091643576960,6.0180707462130,1,2.4e-10
0.9976315500214354,0.0,0.0024581476623518,-0.0002846656277697,0.0081555229390466,0.0001651264709346,9.1313737093145271,3.0000546479188164,2.021324,1.987787,-4.0091109078647,6.0179613768978,1,1.8e-12
0.9976315583458708,0.0,0.0024581512672726,-0.0002860835066700,0.0081553254979901,0.0001659610835040,9.1312737093145273,3.0000546500210397,2.021364,1.987694,-4.0090574490387,6.0178519917955,1,6.0e-13
0.9976315661114312,0.0,0.0024581548104212,-0.0002874944490840,0.0081551278107442,0.0001667926892774,9.1311737093145275,3.0000546521238443,2.021403,1.987601,-4.0090039922088,6.0177426130634,1,8.5e-13
0.9976315733155465,0.0,0.0024581582912668,-0.0002888985584425,0.0081549298760200,0.0001676213627223,9.1310737093145260,3.0000546542272337,2.021442,1.987509,-4.0089505371989,6.0176332403328,1,1.3e-13
0.9976315799556319,0.0,0.0024581617092763,-0.0002902959356901,0.0081547316925199,0.0001684471768651,9.1309737093145262,3.0000546563312116,2.021480,1.987417,-4.0088970839093,6.0175238733878,1,8.2e-13
0.9976315860291247,0.0,0.0024581650639172,-0.0002916866793437,0.0081545332589558,0.0001692702032868,9.1308737093145265,3.0000546584357801,2.021519,1.987325,-4.0088436321928,6.0174145119201,1,1.7e-12
0.9976315915334137,0.0,0.0024581683546541,-0.0002930708856183,0.0081543345740128,0.0001700905121385,9.1307737093145267,3.0000546605409437,2.021557,1.987233,-4.0087901816283,6.0173051550422,1,6.2e-13
0.9976315964659003,0.0,0.0024581715809502,-0.0002944486484565,0.0081541356363822,0.0001709081722544,9.1306737093145269,3.0000546626467051,2.021595,1.987142,-4.0087367326971,6.0171958037364,1,2.9e-12
0.9976316008281423,0.0,0.0024581747435623,-0.0002958200534183,0.0081539364463672,0.0001717231868291,9.1305737093145272,3.0000546647530650,2.021632,1.987051,-4.0086832443282,6.0170863750511,1,6.4e-10
0.9976316046050038,0.0,0.0024581778380688,-0.0002971852088772,0.0081537369977671,0.0001725358152445,9.1304737093145274,3.0000546668600352,2.021669,1.986960,-4.0086298370827,6.0169771123354,1,4.7e-13
0.9976316078063648,0.0,0.0024581808678125,-0.0002985441837443,0.0081535372941244,0.0001733459293689,9.1303737093145276,3.0000546689676102,2.021706,1.986870,-4.0085763906077,6.0168677726189,1,1.1e-12
0.9976316104254066,0.0,0.0024581838309572,-0.0002998970699117,0.0081533373324716,0.0001741536574158,9.1302737093145261,3.0000546710757972,2.021743,1.986780,-4.0085229445860,6.0167584359985,1,1.6e-12
0.9976316124594863,0.0,0.0024581867269602,-0.0003012439511433,0.0081531371114634,0.0001749590622201,9.1301737093145263,3.0000546731845983,2.021780,1.986690,-4.0084694990148,6.0166491024405,1,1.0e-12
0.9976316139045415,0.0,0.0024581895556605,-0.0003025849067848,0.0081529366290061,0.0001757621703605,9.1300737093145266,3.0000546752940216,2.021816,1.986600,-4.0084160574118,6.0165397790017,1,6.5e-11
0.9976316147620758,0.0,0.0024581923153647,-0.0003039200244915,0.0081527358859505,0.0001765631469852,9.1299737093145268,3.0000546774040604,2.021852,1.986510,-4.0083626084150,6.0164304427692,1,1.3e-13
0.9976316150252460,0.0,0.0024581950066740,-0.0003052493750733,0.0081525348787196,0.0001773619471045,9.1298737093145270,3.0000546795147276,2.021888,1.986421,-4.0083091633369,6.0163211165097,1,2.9e-12
0.9976316146927515,0.0,0.0024581976286586,-0.0003065730376964,0.0081523336066759,0.0001781586639583,9.1297737093145273,3.0000546816260245,2.021923,1.986332,-4.0082557177750,6.0162117913373,1,3.1e-12
0.9976316137618775,0.0,0.0024582001807684,-0.0003078910874000,0.0081521320684285,0.0001789533550601,9.1296737093145275,3.0000546837379529,2.021959,1.986243,-4.0082022713878,6.0161024665193,1,1.6e-12
0.9976316122299366,0.0,0.0024582026624541,-0.0003092035976182,0.0081519302625980,0.0001797460770067,9.1295737093145277,3.0000546858505182,2.021994,1.986155,-4.0081488245428,6.0159931427775,1,5.6e-12
0.9976316100942098,0.0,0.0024582050731632,-0.0003105106402370,0.0081517281877866,0.0001805368854074,9.1294737093145262,3.0000546879637238,2.022029,1.986067,-4.0080953775660,6.0158838207545,1,8.9e-13
0.9976316073519770,0.0,0.0024582074123453,-0.0003118122856437,0.0081515258425952,0.0001813258349291,9.1293737093145264,3.0000546900775724,2.022063,1.985979,-4.0080419292589,6.0157744979787,1,1.8e-12
0.9976316040005081,0.0,0.0024582096794454,-0.0003131086027985,0.0081513232256136,0.0001821129795406,9.1292737093145266,3.0000546921920690,2.022098,1.985891,-4.0079884797381,6.0156651746918,1,9.0e-13
0.9976316000370530,0.0,0.0024582118739079,-0.0003143996592302,0.0081511203354214,0.0001828983722488,9.1291737093145269,3.0000546943072162,2.022132,1.985803,-4.0079350289742,6.0155558507629,1,1.0e-13
0.9976315954588728,0.0,0.0024582139951768,-0.0003156855210899,0.0081509171706012,0.0001836820652890,9.1290737093145271,3.0000546964230188,2.022166,1.985716,-4.0078815769620,6.0154465261882,1,4.0e-12
0.9976315902632112,0.0,0.0024582160426961,-0.0003169662532077,0.0081507137297220,0.0001844641100347,9.1289737093145273,3.0000546985394796,2.022200,1.985628,-4.0078281228016,6.0153371990973,1,1.8e-12
0.9976315844473066,0.0,0.0024582180159065,-0.0003182419191125,0.0081505100113495,0.0001852445571888,9.1288737093145276,3.0000547006566034,2.022233,1.985541,-4.0077746668802,6.0152278702635,1,5.6e-13
0.9976315780083841,0.0,0.0024582199142485,-0.0003195125810802,0.0081503060140381,0.0001860234566403,9.1287737093145260,3.0000547027743929,2.022267,1.985455,-4.0077212090544,6.0151185393330,1,1.3e-12
0.9976315709436704,0.0,0.0024582217371624,-0.0003207783001495,0.0081501017363414,0.0001868008575411,9.1286737093145263,3.0000547048928534,2.022300,1.985368,-4.0076677490073,6.0150092056676,1,2.2e-12
0.9976315632503823,0.0,0.0024582234840854,-0.0003220391361790,0.0081498971768048,0.0001875768084362,9.1285737093145265,3.0000547070119876,2.022333,1.985282,-4.0076142863794,6.0148998684810,1,2.2e-12
0.9976315549257280,0.0,0.0024582251544565,-0.0003232951478754,0.0081496923339630,0.0001883513570445,9.1284737093145267,3.0000547091318004,2.022366,1.985195,-4.0075608210935,6.0147905275961,1,1.0e-12
0.9976315459578945,0.0,0.0024582267480230,-0.0003245464037911,0.0081494871998854,0.0001891245193767,9.1283737093145270,3.0000547112523210,2.022398,1.985109,-4.0075073770386,6.0146812311299,1,4.0e-10
0.9976315363711272,0.0,0.0024582282632829,-0.0003257929274440,0.0081492817924901,0.0001898964355000,9.1282737093145272,3.0000547133734767,2.022430,1.985023,-4.0074538819499,6.0145718333918,1,2.7e-13
0.9976315261355594,0.0,0.0024582297006083,-0.0003270348071745,0.0081490760909011,0.0001906670575486,9.1281737093145274,3.0000547154953487,2.022463,1.984938,-4.0074004076998,6.0144624791925,1,1.7e-12
0.9976315152573937,0.0,0.0024582310591193,-0.0003282720864024,0.0081488701000914,0.0001914364621048,9.1280737093145277,3.0000547176179149,2.022495,1.984852,-4.0073469299621,6.0143531194789,1,1.6e-12
0.9976315037338106,0.0,0.0024582323382497,-0.0003295048184421,0.0081486638185722,0.0001922046936583,9.1279737093145261,3.0000547197411800,2.022526,1.984767,-4.0072934486694,6.0142437540746,1,2.1e-12
0.9976314915619835,0.0,0.0024582335374301,-0.0003307330556749,0.0081484572448421,0.0001929717963414,9.1278737093145264,3.0000547218651472,2.022558,1.984682,-4.0072399634541,6.0141343821929,1,3.5e-13
0.9976314787390714,0.0,0.0024582346560905,-0.0003319568495074,0.0081482503773906,0.0001937378136212,9.1277737093145266,3.0000547239898214,2.022589,1.984597,-4.0071864740982,6.0140250033602,1,2.3e-13
0.9976314652622396,0.0,0.0024582356936607,-0.0003331762504015,0.0081480432147077,0.0001945027884331,9.1276737093145268,3.0000547261152071,2.022621,1.984512,-4.0071329807572,6.0139156178459,1,2.5e-12
0.9976314511286468,0.0,0.0024582366495690,-0.0003343913079398,0.0081478357552724,0.0001952667632853,9.1275737093145271,3.0000547282413077,2.022652,1.984428,-4.0070794823489,6.0138062234355,1,4.3e-12
0.9976314363354425,0.0,0.0024582375232459,-0.0003356020707379,0.0081476279975607,0.0001960297797469,9.1274737093145273,3.0000547303681282,2.022683,1.984343,-4.0070259799039,6.0136968221439,1,7.2e-13
0.9976314208797727,0.0,0.0024582383141160,-0.0003368085866346,0.0081474199400398,0.0001967918794445,9.1273737093145275,3.0000547324956726,2.022713,1.984259,-4.0069724724633,6.0135874120132,1,1.1e-13
0.9976314047505319,0.0,0.0024582390206606,-0.0003380109043076,0.0081472115777871,0.0001975531149357,9.1272737093145260,3.0000547346239523,2.022744,1.984175,-4.0069189774571,6.0134780281399,1,2.7e-10
0.9976313879695939,0.0,0.0024582396451363,-0.0003392090647411,0.0081470029194060,0.0001983134916542,9.1271737093145262,3.0000547367529506,2.022774,1.984091,-4.0068654416103,6.0133685630407,1,9.2e-13
0.9976313705093582,0.0,0.0024582401841401,-0.0003404031183619,0.0081467939532028,0.0001990730842073,9.1270737093145264,3.0000547388826937,2.022805,1.984007,-4.0068119184402,6.0132591246020,1,3.3e-12
0.9976313523752074,0.0,0.0024582406380376,-0.0003415931080191,0.0081465846810058,0.0001998319205867,9.1269737093145267,3.0000547410131784,2.022835,1.983924,-4.0067583887054,6.0131496739867,1,2.3e-13
0.9976313335642675,0.0,0.0024582410062518,-0.0003427790774962,0.0081463751012516,0.0002005900398268,9.1268737093145269,3.0000547431444091,2.022865,1.983840,-4.0067048534366,6.0130402131925,1,1.9e-12
0.9976313140736627,0.0,0.0024582412882068,-0.0003439610698055,0.0081461652123732,0.0002013474803897,9.1267737093145271,3.0000547452763904,2.022895,1.983757,-4.0066513117990,6.0129307405181,1,3.0e-12
0.9976312939005081,0.0,0.0024582414833219,-0.0003451391272507,0.0081459550127960,0.0002021042805317,9.1266737093145274,3.0000547474091257,2.022924,1.983674,-4.0065977634542,6.0128212552124,1,1.6e-12
0.9976312730419374,0.0,0.0024582415910225,-0.0003463132913980,0.0081457445009471,0.0002028604778157,9.1265737093145276,3.0000547495426217,2.022954,1.983590,-4.0065442086329,6.0127117576914,1,1.6e-12
0.9976312514950594,0.0,0.0024582416107264,-0.0003474836031468,0.0081455336752390,0.0002036161096831,9.1264737093145261,3.0000547516768816,2.022983,1.983508,-4.0064906465368,6.0126022463123,1,1.0e-12
0.9976312292569839,0.0,0.0024582415418525,-0.0003486501027153,0.0081453225340792,0.0002043712131268,9.1263737093145263,3.0000547538119107,2.023012,1.983425,-4.0064370775100,6.0124927217001,1,1.5e-13
0.9976312063248456,0.0,0.0024582413838264,-0.0003498128296094,0.0081451110758832,0.0002051258244029,9.1262737093145265,3.0000547559477138,2.023041,1.983342,-4.0063835010215,6.0123831827352,1,3.8e-13
0.9976311826957515,0.0,0.0024582411360593,-0.0003509718227455,0.0081448992990526,0.0002058799800622,9.1261737093145268,3.0000547580842949,2.023070,1.983260,-4.0063299168917,6.0122736290025,1,1.7e-12
0.9976311583667882,0.0,0.0024582407979795,-0.0003521271203994,0.0081446872019571,0.0002066337153953,9.1260737093145270,3.0000547602216594,2.023099,1.983177,-4.0062763247469,6.0121640596890,1,2.0e-12
0.9976311333350986,0.0,0.0024582403689987,-0.0003532787601895,0.0081444747830127,0.0002073870662081,9.1259737093145272,3.0000547623598108,2.023128,1.983095,-4.0062227244716,6.0120544745132,1,2.2e-12
0.9976311075977946,0.0,0.0024582398485374,-0.0003544267791462,0.0081442620406024,0.0002081400674460,9.1258737093145275,3.0000547644987563,2.023156,1.983013,-4.0061691156166,6.0119448725023,1,1.6e-12
0.9976310811538325,0.0,0.0024582392365473,-0.0003555712093842,0.0081440489741865,0.0002088927268279,9.1257737093145277,3.0000547666384958,2.023185,1.982931,-4.0061154897282,6.0118352365557,1,1.3e-10
0.9976310539947373,0.0,0.0024582385308406,-0.0003567120997945,0.0081438355788690,0.0002096451598054,9.1256737093145261,3.0000547687790435,2.023213,1.982849,-4.0060618716158,6.0117256166753,1,1.1e-12
0.9976310261232244,0.0,0.0024582377324423,-0.0003578494726323,0.0081436218562985,0.0002103973192799,9.1255737093145264,3.0000547709203955,2.023241,1.982767,-4.0060082358811,6.0116159615245,1,8.3e-13
0.9976309975345454,0.0,0.0024582368402329,-0.0003589833669809,0.0081434078037521,0.0002111492660521,9.1254737093145266,3.0000547730625602,2.023269,1.982685,-4.0059545906661,6.0115062875141,1,1.4e-12
0.9976309682258090,0.0,0.0024582358536277,-0.0003601138170706,0.0081431934195847,0.0002119010336570,9.1253737093145268,3.0000547752055424,2.023297,1.982604,-4.0059009357541,6.0113965941310,1,8.8e-13
0.9976309381941363,0.0,0.0024582347720468,-0.0003612408565451,0.0081429787021557,0.0002126526549902,9.1252737093145271,3.0000547773493462,2.023325,1.982522,-4.0058472706866,6.0112868803574,1,4.8e-13
0.9976309074366468,0.0,0.0024582335949039,-0.0003623645185742,0.0081427636498175,0.0002134041630147,9.1251737093145273,3.0000547794939778,2.023353,1.982441,-4.0057935954723,6.0111771461774,1,5.7e-13
0.9976308759504712,0.0,0.0024582323216178,-0.0003634848357889,0.0081425482609225,0.0002141555901448,9.1250737093145275,3.0000547816394416,2.023380,1.982360,-4.0057399096489,6.0110673906009,1,2.2e-13
0.9976308437327233,0.0,0.0024582309516040,-0.0003646018403534,0.0081423325338078,0.0002149069686198,9.1249737093145260,3.0000547837857430,2.023408,1.982279,-4.0056862131505,6.0109576134083,1,1.5e-12
0.9976308107805351,0.0,0.0024582294842785,-0.0003657155639308,0.0081421164668155,0.0002156583304089,9.1248737093145262,3.0000547859328872,2.023435,1.982198,-4.0056325052355,6.0108478130481,1,9.9e-13
0.9976307770910569,0.0,0.0024582279190624,-0.0003668260376777,0.0081419000582909,0.0002164097069722,9.1247737093145265,3.0000547880808788,2.023462,1.982117,-4.0055787860748,6.0107379897948,1,1.3e-12
0.9976307426614073,0.0,0.0024582262553673,-0.0003679332923535,0.0081416833065564,0.0002171611299190,9.1246737093145267,3.0000547902297243,2.023489,1.982036,-4.0055250553444,6.0106281429266,1,3.2e-12
0.9976307074887442,0.0,0.0024582244926146,-0.0003690373582070,0.0081414662099471,0.0002179126302080,9.1245737093145269,3.0000547923794274,2.023516,1.981955,-4.0054713124129,6.0105182711069,1,1.4e-12
0.9976306715702065,0.0,0.0024582226302187,-0.0003701382650622,0.0081412487667862,0.0002186642387827,9.1244737093145272,3.0000547945299942,2.023543,1.981874,-4.0054175570962,6.0104083738807,1,2.4e-13
0.9976306349029540,0.0,0.0024582206675994,-0.0003712360422875,0.0081410309753989,0.0002194159861320,9.1243737093145274,3.0000547966814302,2.023570,1.981794,-4.0053637895446,6.0102984514950,1,1.7e-12
0.9976305974841388,0.0,0.0024582186041736,-0.0003723307188454,0.0081408128340999,0.0002201679026300,9.1242737093145276,3.0000547988337396,2.023597,1.981713,-4.0053100089412,6.0101885022081,1,1.6e-12
0.9976305593109367,0.0,0.0024582164393601,-0.0003734223232652,0.0081405943412100,0.0002209200183844,9.1241737093145261,3.0000548009869297,2.023624,1.981633,-4.0052562150386,6.0100785254738,1,2.9e-13
0.9976305203805218,0.0,0.0024582141725777,-0.0003745108836609,0.0081403754950438,0.0002216723632199,9.1240737093145263,3.0000548031410039,2.023650,1.981552,-4.0052024079684,6.0099685214663,1,1.6e-12
0.9976304806900638,0.0,0.0024582118032478,-0.0003755964277541,0.0081401562939036,0.0002224249666315,9.1239737093145266,3.0000548052959695,2.023677,1.981472,-4.0051485868102,6.0098584882530,1,1.8e-13
0.9976304402367606,0.0,0.0024582093307897,-0.0003766789828485,0.0081399367361047,0.0002231778579919,9.1238737093145268,3.0000548074518307,2.023703,1.981392,-4.0050947520319,6.0097484267058,1,2.2e-12
0.9976303990178151,0.0,0.0024582067546221,-0.0003777585758951,0.0081397168199548,0.0002239310665904,9.1237737093145270,3.0000548096085931,2.023729,1.981311,-4.0050409024621,6.0096383343884,1,1.3e-12
0.9976303570304205,0.0,0.0024582040741679,-0.0003788352334503,0.0081394965437478,0.0002246846212138,9.1236737093145273,3.0000548117662631,2.023756,1.981231,-4.0049870382167,6.0095282114353,1,1.6e-13
0.9976303142717993,0.0,0.0024582012888484,-0.0003799089816732,0.0081392759057923,0.0002254385505414,9.1235737093145275,3.0000548139248449,2.023782,1.981151,-4.0049331590929,6.0094180573751,1,1.1e-12
0.9976302707391818,0.0,0.0024581983980887,-0.0003809798463807,0.0081390549043875,0.0002261928829783,9.1234737093145277,3.0000548160843450,2.023808,1.981071,-4.0048792644923,6.0093078709265,1,1.2e-12
0.9976302264298001,0.0,0.0024581954013119,-0.0003820478530406,0.0081388335378269,0.0002269476467966,9.1233737093145262,3.0000548182447697,2.023834,1.980991,-4.0048253539853,6.0091976511101,1,2.9e-12
0.9976301813409043,0.0,0.0024581922979389,-0.0003831130267581,0.0081386118044105,0.0002277028701731,9.1232737093145264,3.0000548204061230,2.023860,1.980911,-4.0047714279082,6.0090873985572,1,3.3e-13
0.9976301354697458,0.0,0.0024581890874000,-0.0003841753922745,0.0081383897024281,0.0002284585806760,9.1231737093145266,3.0000548225684120,2.023886,1.980831,-4.0047174854555,6.0089771115245,1,1.7e-13
0.9976300888136046,0.0,0.0024581857691204,-0.0003852349740211,0.0081381672301765,0.0002292148060290,9.1230737093145269,3.0000548247316421,2.023912,1.980752,-4.0046635264340,6.0088667895702,1,1.8e-12
0.9976300413697559,0.0,0.0024581823425269,-0.0003862917960909,0.0081379443859439,0.0002299715736584,9.1229737093145271,3.0000548268958185,2.023938,1.980672,-4.0046095502277,6.0087564313336,1,1.6e-12
0.9976299931355074,0.0,0.0024581788070509,-0.0003873458822315,0.0081377211680268,0.0002307289106691,9.1228737093145273,3.0000548290609474,2.023963,1.980592,-4.0045555565492,6.0086460361641,1,8.4e-13
0.9976299441096508,0.0,0.0024581751621804,-0.0003883972556203,0.0081374975754293,0.0002314868475969,9.1227737093145276,3.0000548312270321,2.023989,1.980512,-4.0045015421726,6.0085355974591,1,4.6e-11
0.9976298942850401,0.0,0.0024581714071706,-0.0003894459402017,0.0081372736042868,0.0002322454007095,9.1226737093145260,3.0000548333940857,2.024015,1.980433,-4.0044475161104,6.0084251333217,1,1.1e-12
0.9976298436634814,0.0,0.0024581675416278,-0.0003904919579954,0.0081370492550416,0.0002330046072883,9.1225737093145263,3.0000548355621071,2.024040,1.980353,-4.0043934686747,6.0083146240880,1,2.8e-12
0.9976297922408581,0.0,0.0024581635649345,-0.0003915353317638,0.0081368245252721,0.0002337644899726,9.1224737093145265,3.0000548377311054,2.024066,1.980274,-4.0043394021688,6.0082040743424,1,1.0e-12
0.9976297400145112,0.0,0.0024581594765196,-0.0003925760837608,0.0081365994132538,0.0002345250752429,9.1223737093145267,3.0000548399010842,2.024091,1.980194,-4.0042853168312,6.0080934844544,1,3.0e-12
0.9976296869818509,0.0,0.0024581552758241,-0.0003936142358953,0.0081363739172884,0.0002352863890328,9.1222737093145270,3.0000548420720516,2.024117,1.980115,-4.0042312117421,6.0079828524822,1,9.8e-13
0.9976296331402782,0.0,0.0024581509622881,-0.0003946498097977,0.0081361480356653,0.0002360484571111,9.1221737093145272,3.0000548442440134,2.024142,1.980035,-4.0041770870714,6.0078721786677,1,1.6e-12
0.9976295784872135,0.0,0.0024581465353519,-0.0003956828268473,0.0081359217666718,0.0002368113052174,9.1220737093145274,3.0000548464169743,2.024167,1.979956,-4.0041229421503,6.0077614615666,1,1.3e-13
0.9976295230200873,0.0,0.0024581419944558,-0.0003967133081337,0.0081356951085963,0.0002375749589086,9.1219737093145277,3.0000548485909415,2.024193,1.979876,-4.0040687769844,6.0076507010923,1,2.9e-12
0.9976294667363785,0.0,0.0024581373390473,-0.0003977412744749,0.0081354680597379,0.0002383394434737,9.1218737093145261,3.0000548507659208,2.024218,1.979797,-4.0040145902932,6.0075398945471,1,5.6e-13
0.9976294096335637,0.0,0.0024581325685736,-0.0003987667463946,0.0081352406183929,0.0002391047839377,9.1217737093145264,3.0000548529419180,2.024243,1.979717,-4.0039603826111,6.0074290429325,1,1.0e-12
0.9976293517091217,0.0,0.0024581276824789,-0.0003997897442013,0.0081350127828461,0.0002398710054304,9.1216737093145266,3.0000548551189397,2.024268,1.979638,-4.0039061535020,6.0073181452521,1,7.1e-13
0.9976292929605920,0.0,0.0024581226802192,-0.0004008102879169,0.0081347845514018,0.0002406381325756,9.1215737093145268,3.0000548572969921,2.024294,1.979558,-4.0038519020190,6.0072071994886,1,6.5e-13
0.9976292333855079,0.0,0.0024581175612435,-0.0004018283973162,0.0081345559223584,0.0002414061901049,9.1214737093145271,3.0000548594760810,2.024319,1.979479,-4.0037976282351,6.0070962056998,1,5.3e-13
0.9976291729814352,0.0,0.0024581123250100,-0.0004028440919296,0.0081343268940148,0.0002421752023681,9.1213737093145273,3.0000548616562135,2.024344,1.979399,-4.0037433315836,6.0069851626230,1,6.1e-13
0.9976291117459700,0.0,0.0024581069709750,-0.0004038573910297,0.0081340974646834,0.0002429451936812,9.1212737093145275,3.0000548638373945,2.024369,1.979320,-4.0036890118833,6.0068740697940,1,1.8e-12
0.9976290496767199,0.0,0.0024581014985999,-0.0004048683136636,0.0081338676326671,0.0002437161881045,9.1211737093145260,3.0000548660196320,2.024394,1.979240,-4.0036346683767,6.0067629255742,1,1.3e-12
0.9976289867713117,0.0,0.0024580959073452,-0.0004058768786478,0.0081336373962722,0.0002444882096407,9.1210737093145262,3.0000548682029295,2.024419,1.979161,-4.0035803008561,6.0066517294131,1,1.9e-12
0.9976289230274126,0.0,0.0024580901966775,-0.0004068831045417,0.0081334067538167,0.0002452612819956,9.1209737093145264,3.0000548703872969,2.024444,1.979082,-4.0035259090057,6.0065404806001,1,2.7e-12
0.9976288584427108,0.0,0.0024580843660650,-0.0004078870096922,0.0081331757036188,0.0002460354287707,9.1208737093145267,3.0000548725727381,2.024469,1.979002,-4.0034714922279,6.0064291778090,1,2.4e-12
0.9976287930149218,0.0,0.0024580784149784,-0.0004088886122260,0.0081329442440002,0.0002468106734238,9.1207737093145269,3.0000548747592601,2.024494,1.978923,-4.0034170500644,6.0063178199830,1,2.1e-13
0.9976287267417517,0.0,0.0024580723428858,-0.0004098879300824,0.0081327123732664,0.0002475870394118,9.1206737093145271,3.0000548769468693,2.024520,1.978843,-4.0033625825199,6.0062064070240,1,1.7e-12
0.9976286596210068,0.0,0.0024580661492722,-0.0004108849808656,0.0081324800897736,0.0002483645494718,9.1205737093145274,3.0000548791355723,2.024545,1.978764,-4.0033080886741,6.0060949369711,1,1.2e-12
0.9976285916504661,0.0,0.0024580598336128,-0.0004118797821054,0.0081322473918402,0.0002491432267986,9.1204737093145276,3.0000548813253753,2.024570,1.978684,-4.0032535682957,6.0059834092296,1,5.9e-14
0.9976285228279224,0.0,0.0024580533953880,-0.0004128723510774,0.0081320142777884,0.0002499230941918,9.1203737093145261,3.0000548835162859,2.024595,1.978604,-4.0031990213931,6.0058718236957,1,2.4e-12
0.9976284531513441,0.0,0.0024580468340929,-0.0004138627047267,0.0081317807460312,0.0002507041740798,9.1202737093145263,3.0000548857083089,2.024620,1.978525,-4.0031444465148,6.0057601773405,1,2.1e-12
0.9976283826185042,0.0,0.0024580401492086,-0.0004148508600371,0.0081315467948421,0.0002514864891340,9.1201737093145265,3.0000548879014515,2.024645,1.978445,-4.0030898444941,6.0056484717179,1,2.6e-12
0.9976283112273282,0.0,0.0024580333402259,-0.0004158368335541,0.0081313124226053,0.0002522700615129,9.1200737093145268,3.0000548900957198,2.024670,1.978365,-4.0030352138861,6.0055367037880,1,1.5e-12
0.9976282389758049,0.0,0.0024580264066485,-0.0004168206417862,0.0081310776276822,0.0002530549133668,9.1199737093145270,3.0000548922911214,2.024695,1.978286,-4.0029805545053,6.0054248730209,1,8.2e-13
0.9976281658618881,0.0,0.0024580193479690,-0.0004178023009988,0.0081308424084326,0.0002538410668474,9.1198737093145272,3.0000548944876626,2.024720,1.978206,-4.0029258663076,6.0053129792499,1,1.9e-12
0.9976280918848590,0.0,0.0024580121638042,-0.0004187818251374,0.0081306067642161,0.0002546285394498,9.1197737093145275,3.0000548966853446,2.024745,1.978126,-4.0028711273388,6.0052009780585,1,3.4e-10
0.9976280170390088,0.0,0.0024580048533329,-0.0004197592363929,0.0081303706904770,0.0002554173653863,9.1196737093145277,3.0000548988841884,2.024770,1.978046,-4.0028164004764,6.0050889961346,1,1.2e-12
0.9976279413261614,0.0,0.0024579974163963,-0.0004207345441275,0.0081301341885336,0.0002562075533943,9.1195737093145262,3.0000549010841873,2.024795,1.977966,-4.0027616222515,6.0049769053358,1,2.5e-12
0.9976278647432203,0.0,0.0024579898523897,-0.0004217077660418,0.0081298972558135,0.0002569991297802,9.1194737093145264,3.0000549032853518,2.024821,1.977886,-4.0027068126783,6.0048647459153,1,9.8e-14
0.9976277872883063,0.0,0.0024579821608430,-0.0004226789173871,0.0081296598907095,0.0002577921149343,9.1193737093145266,3.0000549054876884,2.024846,1.977806,-4.0026519722517,6.0047525186924,1,2.2e-12
0.9976277089596602,0.0,0.0024579743412802,-0.0004236480133330,0.0081294220916529,0.0002585865300401,9.1192737093145269,3.0000549076912044,2.024871,1.977726,-4.0025970996636,6.0046402209565,1,6.2e-13
0.9976276297554305,0.0,0.0024579663932146,-0.0004246150689218,0.0081291838570235,0.0002593823963763,9.1191737093145271,3.0000549098959062,2.024896,1.977646,-4.0025421947793,6.0045278522862,1,1.1e-12
0.9976275496739596,0.0,0.0024579583161936,-0.0004255800989025,0.0081289451852845,0.0002601797341284,9.1190737093145273,3.0000549121018008,2.024922,1.977566,-4.0024872573653,6.0044154120494,1,1.9e-12
0.9976274687134987,0.0,0.0024579501097392,-0.0004265431179859,0.0081287060748442,0.0002609785643342,9.1189737093145276,3.0000549143088948,2.024947,1.977485,-4.0024322865667,6.0043028984129,1,2.6e-12
0.9976273868662301,0.0,0.0024579417725828,-0.0004275041439207,0.0081284665210497,0.0002617789309969,9.1188737093145260,3.0000549165172012,2.024972,1.977405,-4.0023772717067,6.0041902896373,1,2.2e-10
0.9976273041492798,0.0,0.0024579333067408,-0.0004284631810021,0.0081282265317739,0.0002625807821234,9.1187737093145262,3.0000549187267067,2.024998,1.977324,-4.0023222427104,6.0040776461097,1,3.1e-13
0.9976272205422738,0.0,0.0024579247092792,-0.0004294202534680,0.0081279860960306,0.0002633842103876,9.1186737093145265,3.0000549209374383,2.025023,1.977244,-4.0022671692460,6.0039649063584,1,1.2e-12
0.9976271360499711,0.0,0.0024579159805827,-0.0004303753719500,0.0081277452154541,0.0002641892114560,9.1185737093145267,3.0000549231493974,2.025049,1.977163,-4.0022120605914,6.0038520890016,1,2.6e-12
0.9976270506708877,0.0,0.0024579071202082,-0.0004313285503090,0.0081275038885289,0.0002649958052068,9.1184737093145269,3.0000549253625892,2.025074,1.977083,-4.0021569159984,6.0037391923816,1,6.3e-13
0.9976269644036286,0.0,0.0024578981277314,-0.0004322798021737,0.0081272621137754,0.0002658040108195,9.1183737093145272,3.0000549275770201,2.025100,1.977002,-4.0021017352828,6.0036262160250,1,1.0e-12
0.9976268772467152,0.0,0.0024578890027071,-0.0004332291411388,0.0081270198896618,0.0002666138481229,9.1182737093145274,3.0000549297926979,2.025126,1.976921,-4.0020465178859,6.0035131586140,1,1.1e-12
0.9976267891988722,0.0,0.0024578797447192,-0.0004341765805708,0.0081267772147415,0.0002674253362231,9.1181737093145276,3.0000549320096299,2.025151,1.976840,-4.0019912630423,6.0034000184769,1,5.5e-14
0.9976267002587919,0.0,0.0024578703533456,-0.0004351221337147,0.0081265340875445,0.0002682384942908,9.1180737093145261,3.0000549342278213,2.025177,1.976759,-4.0019359707964,6.0032867955465,1,8.0e-13
0.9976266104252172,0.0,0.0024578608281736,-0.0004360658136533,0.0081262905066150,0.0002690533411579,9.1179737093145263,3.0000549364472806,2.025203,1.976678,-4.0018806404189,6.0031734882100,1,3.4e-12
0.9976265196969526,0.0,0.0024578511687931,-0.0004370076333520,0.0081260464705141,0.0002698698956937,9.1178737093145266,3.0000549386680140,2.025229,1.976596,-4.0018252706383,6.0030600937746,1,1.0e-12
0.9976264280728296,0.0,0.0024578413748020,-0.0004379476056083,0.0081258019778081,0.0002706881763760,9.1177737093145268,3.0000549408900272,2.025255,1.976515,-4.0017698621995,6.0029466135743,1,1.5e-12
0.9976263355517596,0.0,0.0024578314458014,-0.0004388857431115,0.0081255570270884,0.0002715082017939,9.1176737093145270,3.0000549431133292,2.025281,1.976433,-4.0017144136550,6.0028330445389,1,6.0e-13
0.9976262421326898,0.0,0.0024578213814013,-0.0004398220583823,0.0081253116169560,0.0002723299901263,9.1175737093145273,3.0000549453379248,2.025307,1.976352,-4.0016589248788,6.0027193862837,1,1.3e-12
0.9976261478190765,0.0,0.0024578111826228,-0.0004407565591172,0.0081250657479152,0.0002731535115522,9.1174737093145275,3.0000549475638190,2.025333,1.976270,-4.0016033768991,6.0026056003540,1,2.9e-10
0.9976260525965724,0.0,0.0024578008448680,-0.0004416892716777,0.0081248194129105,0.0002739789275585,9.1173737093145277,3.0000549497910276,2.025359,1.976188,-4.0015478239620,6.0024917960202,1,7.4e-13
0.9976259564777062,0.0,0.0024577903719740,-0.0004426201941775,0.0081245726162763,0.0002748061128617,9.1172737093145262,3.0000549520195481,2.025386,1.976106,-4.0014922112238,6.0023778625292,1,3.2e-12
0.9976258594571339,0.0,0.0024577797621769,-0.0004435493432306,0.0081243253547664,0.0002756351322659,9.1171737093145264,3.0000549542493902,2.025412,1.976024,-4.0014365555464,6.0022638337285,1,1.8e-12
0.9976257615405191,0.0,0.0024577690162133,-0.0004444767277638,0.0081240776299840,0.0002764659782105,9.1170737093145267,3.0000549564805525,2.025439,1.975942,-4.0013808097606,6.0021496143074,1,7.5e-10
0.9976256627078193,0.0,0.0024577581304264,-0.0004454023684806,0.0081238294318475,0.0002772987435592,9.1169737093145269,3.0000549587130672,2.025465,1.975860,-4.0013251142490,6.0020354872300,1,7.2e-12
