x0,y0,z0,xd0,yd0,zd0,Tp,JC,stabilityIndex1,stabilityIndex2,alpha,beta,impactFlag,error
1.0032022387910389,0.0,0.0000000000000000,0.0000000000000000,0.0027179510741986,0.0000000000000000,7.7889282722395414,3.0001411446382384,2.000642,0.099845,-2.1004866924207,2.1997538674956,0,1.6e-11
1.0032165353748594,0.0,0.0000000000000000,0.0000000000000000,0.0026723143143753,0.0000000000000000,7.7939282722395413,3.0001411379995693,2.003303,0.119408,-2.1227108716288,2.2392110672125,0,1.2e-11
1.0032272019773627,0.0,0.0000000000000000,0.0000000000000000,0.0026387939758329,0.0000000000000000,7.7989282722395412,3.0001411313770547,2.008069,0.138965,-2.1470341485688,2.2790516157868,0,1.7e-11
1.0032361177900004,0.0,0.0000000000000000,0.0000000000000000,0.0026111281546600,0.0000000000000000,7.8039282722395411,3.0001411247701664,2.014987,0.158513,-2.1734999866398,2.3194022413697,0,8.6e-12
1.0032439442878109,0.0,0.0000000000000000,0.0000000000000000,0.0025871110672068,0.0000000000000000,7.8089282722395410,3.0001411181783793,2.024103,0.178051,-2.2021537703116,2.3603934075632,0,2.1e-11
1.0032510070255551,0.0,0.0000000000000000,0.0000000000000000,0.0025656563620835,0.0000000000000000,7.8139282722395418,3.0001411116011658,2.035467,0.197576,-2.2330428544804,2.4021594648814,0,1.8e-11
1.0032574949124249,0.0,0.0000000000000000,0.0000000000000000,0.0025461332431182,0.0000000000000000,7.8189282722395417,3.0001411050379980,2.049130,0.217087,-2.2662166525838,2.4448388139311,0,1.3e-11
1.0032635291846621,0.0,0.0000000000000000,0.0000000000000000,0.0025281366188219,0.0000000000000000,7.8239282722395416,3.0001410984883483,2.065146,0.236581,-2.3017267175691,2.4885740749634,0,2.0e-11
1.0032691931755080,0.0,0.0000000000000000,0.0000000000000000,0.0025113878649112,0.0000000000000000,7.8289282722395415,3.0001410919516887,2.083570,0.256057,-2.3396267802512,2.5335122514415,0,1.9e-11
1.0032745471002060,0.0,0.0000000000000000,0.0000000000000000,0.0024956855243862,0.0000000000000000,7.8339282722395414,3.0001410854274879,2.104460,0.275512,-2.3799728764848,2.5798049250398,0,2.1e-11
1.0032796361589997,0.0,0.0000000000000000,0.0000000000000000,0.0024808782806727,0.0000000000000000,7.8389282722395413,3.0001410789152181,2.127878,0.294946,-2.4228233989910,2.6276084340671,0,2.3e-11
1.0032844953158164,0.0,0.0000000000000000,0.0000000000000000,0.0024668490140659,0.0000000000000000,7.8439282722395411,3.0001410724143462,2.153884,0.314355,-2.4682391884993,2.6770840720364,0,1.8e-11
1.0032891522821312,0.0,0.0000000000000000,0.0000000000000000,0.0024535048435594,0.0000000000000000,7.8489282722395410,3.0001410659243413,2.182546,0.333738,-2.5162836336578,2.7283982958642,0,2.2e-11
1.0032936294670061,0.0,0.0000000000000000,0.0000000000000000,0.0024407706170060,0.0000000000000000,7.8539282722395418,3.0001410594446711,2.213930,0.353093,-2.5670227451343,2.7817229291580,0,1.4e-11
1.0032979453002633,0.0,0.0000000000000000,0.0000000000000000,0.0024285844926778,0.0000000000000000,7.8589282722395417,3.0001410529748007,2.248107,0.372418,-2.6205252700384,2.8372353929304,0,1.7e-11
1.0033021151587733,0.0,0.0000000000000000,0.0000000000000000,0.0024168948452405,0.0000000000000000,7.8639282722395416,3.0001410465141949,2.285152,0.391711,-2.6768627771131,2.8951189284516,0,1.6e-11
1.0033061520324722,0.0,0.0000000000000000,0.0000000000000000,0.0024056580404543,0.0000000000000000,7.8689282722395415,3.0001410400623176,2.325140,0.410970,-2.7361097678116,2.9555628375252,0,2.1e-11
1.0033100670142032,0.0,0.0000000000000000,0.0000000000000000,0.0023948367980269,0.0000000000000000,7.8739282722395414,3.0001410336186316,2.368150,0.430193,-2.7983437728223,3.0187627276759,0,1.6e-11
1.0033138696673178,0.0,0.0000000000000000,0.0000000000000000,0.0023843989626726,0.0000000000000000,7.8789282722395413,3.0001410271825972,2.414266,0.449379,-2.8636454799107,3.0849207768823,0,1.5e-11
1.0033175683063027,0.0,0.0000000000000000,0.0000000000000000,0.0023743165656527,0.0000000000000000,7.8839282722395412,3.0001410207536741,2.463574,0.468525,-2.9320988337926,3.1542459950902,0,1.8e-11
1.0033211702144107,0.0,0.0000000000000000,0.0000000000000000,0.0023645650967757,0.0000000000000000,7.8889282722395411,3.0001410143313203,2.516162,0.487629,-3.0037911601560,3.2269545022911,0,1.8e-11
1.0033246818147477,0.0,0.0000000000000000,0.0000000000000000,0.0023551229319265,0.0000000000000000,7.8939282722395419,3.0001410079149919,2.572123,0.506690,-3.0788132954047,3.3032698236104,0,2.5e-11
1.0033281088064205,0.0,0.0000000000000000,0.0000000000000000,0.0023459708773600,0.0000000000000000,7.8989282722395417,3.0001410015041445,2.631554,0.525706,-3.1572597001761,3.3834231780303,0,1.7e-11
1.0033314562741387,0.0,0.0000000000000000,0.0000000000000000,0.0023370918027549,0.0000000000000000,7.9039282722395416,3.0001409950982292,2.694555,0.544674,-3.2392286218314,3.4676538134298,0,3.4e-11
1.0033347287772909,0.0,0.0000000000000000,0.0000000000000000,0.0023284703428813,0.0000000000000000,7.9089282722395415,3.0001409886966970,2.761229,0.563593,-3.3248221863444,3.5562092907873,0,2.1e-11
1.0033379304230641,0.0,0.0000000000000000,0.0000000000000000,0.0023200926526553,0.0000000000000000,7.9139282722395414,3.0001409822989977,2.831686,0.582461,-3.4141465980860,3.6493458699255,0,2.0e-11
1.0033410649269006,0.0,0.0000000000000000,0.0000000000000000,0.0023119462045353,0.0000000000000000,7.9189282722395413,3.0001409759045781,2.906037,0.601276,-3.5073122445080,3.7473288188682,0,2.0e-11
1.0033441356629349,0.0,0.0000000000000000,0.0000000000000000,0.0023040196194547,0.0000000000000000,7.9239282722395412,3.0001409695128824,2.984398,0.620035,-3.6044338717622,3.8504327968789,0,1.6e-11
1.0033471457063592,0.0,0.0000000000000000,0.0000000000000000,0.0022963025247747,0.0000000000000000,7.9289282722395411,3.0001409631233531,3.066892,0.638739,-3.7056307417231,3.9589422241744,0,1.3e-11
1.0033500978692000,0.0,0.0000000000000000,0.0000000000000000,0.0022887854342715,0.0000000000000000,7.9339282722395410,3.0001409567354300,3.153644,0.657383,-3.8110268028204,4.0731516818995,0,2.2e-11
1.0033529947307813,0.0,0.0000000000000000,0.0000000000000000,0.0022814596459442,0.0000000000000000,7.9389282722395418,3.0001409503485514,3.244784,0.675967,-3.9207508447544,4.1933662937035,0,1.7e-11
1.0033558386637693,0.0,0.0000000000000000,0.0000000000000000,0.0022743171545972,0.0000000000000000,7.9439282722395417,3.0001409439621516,3.340448,0.694488,-4.0349367082623,4.3199021811331,0,1.9e-11
1.0033586318565511,0.0,0.0000000000000000,0.0000000000000000,0.0022673505767090,0.0000000000000000,7.9489282722395416,3.0001409375756642,3.440778,0.712945,-4.1537234460491,4.4530868730519,0,2.1e-11
1.0033613763326066,0.0,0.0000000000000000,0.0000000000000000,0.0022605530853879,0.0000000000000000,7.9539282722395415,3.0001409311885183,3.545919,0.731336,-4.2772555351308,4.5932597813617,0,2.8e-11
1.0033640739672833,0.0,0.0000000000000000,0.0000000000000000,0.0022539183540122,0.0000000000000000,7.9589282722395414,3.0001409248001409,3.656024,0.749659,-4.4056830505576,4.7407726324728,0,1.5e-11
1.0033667265024766,0.0,0.0000000000000000,0.0000000000000000,0.0022474405069085,0.0000000000000000,7.9639282722395413,3.0001409184099570,3.771249,0.767913,-4.5391619162010,4.8959900156903,0,1.3e-11
1.0033693355594169,0.0,0.0000000000000000,0.0000000000000000,0.0022411140763639,0.0000000000000000,7.9689282722395411,3.0001409120173874,3.891760,0.786094,-4.6778540806112,5.0592898346073,0,5.0e-12
1.0033719026499872,0.0,0.0000000000000000,0.0000000000000000,0.0022349339645866,0.0000000000000000,7.9739282722395410,3.0001409056218495,4.017726,0.804202,-4.8219277706131,5.2310638673539,0,2.4e-11
1.0033744291866056,0.0,0.0000000000000000,0.0000000000000000,0.0022288954104465,0.0000000000000000,7.9789282722395418,3.0001408992227598,4.149323,0.822235,-4.9715576931082,5.4117182710907,0,1.6e-11
1.0033769164910782,0.0,0.0000000000000000,0.0000000000000000,0.0022229939597101,0.0000000000000000,7.9839282722395417,3.0001408928195286,4.286735,0.840191,-5.1269253186320,5.6016742071617,0,1.7e-11
1.0033793658023920,0.0,0.0000000000000000,0.0000000000000000,0.0022172254388089,0.0000000000000000,7.9889282722395416,3.0001408864115651,4.430152,0.858067,-5.2882190921788,5.8013683577000,0,1.2e-11
1.0033817782836723,0.0,0.0000000000000000,0.0000000000000000,0.0022115859314135,0.0000000000000000,7.9939282722395415,3.0001408799982747,4.579771,0.875863,-5.4556347247005,6.0112535910011,0,1.8e-11
1.0033841550284033,0.0,0.0000000000000000,0.0000000000000000,0.0022060717574893,0.0000000000000000,7.9989282722395414,3.0001408735790580,4.735799,0.893577,-5.6293754464321,6.2317995649963,0,2.2e-11
1.0033864970660016,0.0,0.0000000000000000,0.0000000000000000,0.0022006794545223,0.0000000000000000,8.0039282722395413,3.0001408671533127,4.898446,0.911206,-5.8096522811342,6.4634933438922,0,1.3e-11
1.0033888053668256,0.0,0.0000000000000000,0.0000000000000000,0.0021954057606443,0.0000000000000000,8.0089282722395421,3.0001408607204332,5.067935,0.928749,-5.9966843697249,6.7068401655236,0,1.5e-11
1.0033910808466560,0.0,0.0000000000000000,0.0000000000000000,0.0021902475995157,0.0000000000000000,8.0139282722395411,3.0001408542798100,5.244495,0.946204,-6.1906992323325,6.9623640413744,0,9.7e-12
1.0033933243708018,0.0,0.0000000000000000,0.0000000000000000,0.0021852020665047,0.0000000000000000,8.0189282722395419,3.0001408478308291,5.428363,0.963570,-6.3919331125436,7.2306085520368,0,8.9e-12
1.0033955367577452,0.0,0.0000000000000000,0.0000000000000000,0.0021802664163748,0.0000000000000000,8.0239282722395409,3.0001408413728727,5.619787,0.980845,-6.6006312830161,7.5121375488221,0,7.9e-12
1.0033977187824936,0.0,0.0000000000000000,0.0000000000000000,0.0021754380519847,0.0000000000000000,8.0289282722395416,3.0001408349053178,5.819022,0.998026,-6.8170484010906,7.8075359922765,0,1.2e-11
1.0033998711796119,0.0,0.0000000000000000,0.0000000000000000,0.0021707145140548,0.0000000000000000,8.0339282722395406,3.0001408284275399,6.026336,1.015113,-7.0414488417574,8.1174106904646,0,1.4e-11
1.0034019946459789,0.0,0.0000000000000000,0.0000000000000000,0.0021660934718609,0.0000000000000000,8.0389282722395414,3.0001408219389072,6.242004,1.032103,-7.2741070706284,8.4423911632071,0,1.4e-11
1.0034040898433085,0.0,0.0000000000000000,0.0000000000000000,0.0021615727147218,0.0000000000000000,8.0439282722395422,3.0001408154387859,6.466313,1.048995,-7.5153080280392,8.7831305411892,0,2.3e-11
1.0034061574004389,0.0,0.0000000000000000,0.0000000000000000,0.0021571501442612,0.0000000000000000,8.0489282722395412,3.0001408089265347,6.699560,1.065787,-7.7653475045276,9.1403064070597,0,1.7e-11
1.0034081979154679,0.0,0.0000000000000000,0.0000000000000000,0.0021528237672064,0.0000000000000000,8.0539282722395420,3.0001408024015106,6.942054,1.082478,-8.0245325637160,9.5146217481003,0,1.9e-11
1.0034102119576518,0.0,0.0000000000000000,0.0000000000000000,0.0021485916889523,0.0000000000000000,8.0589282722395410,3.0001407958630644,7.194116,1.099066,-8.2931819507088,9.9068059135397,0,1.2e-11
1.0034122000692096,0.0,0.0000000000000000,0.0000000000000000,0.0021444521074774,0.0000000000000000,8.0639282722395418,3.0001407893105410,7.456078,1.115548,-8.5716265448537,10.3176156197898,0,1.5e-11
1.0034141627669282,0.0,0.0000000000000000,0.0000000000000000,0.0021404033079005,0.0000000000000000,8.0689282722395408,3.0001407827432840,7.728285,1.131925,-8.8602097961594,10.7478359654733,0,1.1e-11
1.0034161005437023,0.0,0.0000000000000000,0.0000000000000000,0.0021364436572869,0.0000000000000000,8.0739282722395416,3.0001407761606269,8.011096,1.148193,-9.1592882136384,11.1982814779089,0,2.7e-11
1.0034180138698856,0.0,0.0000000000000000,0.0000000000000000,0.0021325716000604,0.0000000000000000,8.0789282722395406,3.0001407695619018,8.304881,1.164351,-9.4692318331669,11.6697972339085,0,2.4e-11
1.0034199031946058,0.0,0.0000000000000000,0.0000000000000000,0.0021287856535601,0.0000000000000000,8.0839282722395414,3.0001407629464336,8.610027,1.180398,-9.7904247510206,12.1632600203098,0,2.1e-11
1.0034217689469380,0.0,0.0000000000000000,0.0000000000000000,0.0021250844040671,0.0000000000000000,8.0889282722395421,3.0001407563135425,8.926933,1.196332,-10.1232656335935,12.6795795031299,0,2.6e-11
1.0034236115370083,0.0,0.0000000000000000,0.0000000000000000,0.0021214665030631,0.0000000000000000,8.0939282722395411,3.0001407496625432,9.256016,1.212152,-10.4681682529379,13.2196993228559,0,9.2e-12
1.0034254313570212,0.0,0.0000000000000000,0.0000000000000000,0.0021179306637521,0.0000000000000000,8.0989282722395419,3.0001407429927442,9.597706,1.227856,-10.8255620942084,13.7845986410595,0,2.4e-11
1.0034272287822019,0.0,0.0000000000000000,0.0000000000000000,0.0021144756578640,0.0000000000000000,8.1039282722395409,3.0001407363034489,9.952451,1.243442,-11.1958928878550,14.3752931103946,0,2.9e-11
1.0034290041716778,0.0,0.0000000000000000,0.0000000000000000,0.0021111003126640,0.0000000000000000,8.1089282722395417,3.0001407295939542,10.320715,1.258909,-11.5796232569031,14.9928364438691,0,2.5e-11
1.0034307578693138,0.0,0.0000000000000000,0.0000000000000000,0.0021078035081253,0.0000000000000000,8.1139282722395407,3.0001407228635513,10.702979,1.274255,-11.9772333428934,15.6383217323233,0,2.4e-11
1.0034324902044651,0.0,0.0000000000000000,0.0000000000000000,0.0021045841743704,0.0000000000000000,8.1189282722395415,3.0001407161115257,11.099743,1.289479,-12.3892214531012,16.3128828921254,0,2.2e-11
1.0034342014927038,0.0,0.0000000000000000,0.0000000000000000,0.0021014412892062,0.0000000000000000,8.1239282722395423,3.0001407093371557,11.511526,1.304579,-12.8161047444285,17.0176961386086,0,1.5e-11
1.0034358920364830,0.0,0.0000000000000000,0.0000000000000000,0.0020983738758696,0.0000000000000000,8.1289282722395413,3.0001407025397149,11.938866,1.319554,-13.2584199348519,17.7539815758236,0,2.1e-11
1.0034375621257563,0.0,0.0000000000000000,0.0000000000000000,0.0020953810009200,0.0000000000000000,8.1339282722395421,3.0001406957184682,12.382321,1.334403,-13.7167240206626,18.5230046732653,0,1.3e-11
1.0034392120385809,0.0,0.0000000000000000,0.0000000000000000,0.0020924617721988,0.0000000000000000,8.1389282722395411,3.0001406888726754,12.842472,1.349123,-14.1915950562780,19.3260780500637,0,1.8e-11
1.0034408420416461,0.0,0.0000000000000000,0.0000000000000000,0.0020896153370196,0.0000000000000000,8.1439282722395419,3.0001406820015899,13.319919,1.363714,-14.6836329169927,20.1645630292054,0,1.8e-11
1.0034424523908068,0.0,0.0000000000000000,0.0000000000000000,0.0020868408803698,0.0000000000000000,8.1489282722395409,3.0001406751044581,13.815286,1.378174,-15.1934601381100,21.0398715001343,0,2.7e-11
1.0034440433315519,0.0,0.0000000000000000,0.0000000000000000,0.0020841376233022,0.0000000000000000,8.1539282722395416,3.0001406681805181,14.329221,1.392502,-15.7217227390805,21.9534676319592,0,1.9e-11
1.0034456150994688,0.0,0.0000000000000000,0.0000000000000000,0.0020815048213624,0.0000000000000000,8.1589282722395406,3.0001406612290022,14.862395,1.406696,-16.2690911211169,22.9068698454554,0,1.4e-11
1.0034471679206760,0.0,0.0000000000000000,0.0000000000000000,0.0020789417631227,0.0000000000000000,8.1639282722395414,3.0001406542491367,15.415506,1.420755,-16.8362609748749,23.9016526234304,0,2.4e-11
1.0034487020122020,0.0,0.0000000000000000,0.0000000000000000,0.0020764477688687,0.0000000000000000,8.1689282722395422,3.0001406472401384,15.989277,1.434677,-17.4239541981637,24.9394485570489,0,2.5e-11
1.0034502175823987,0.0,0.0000000000000000,0.0000000000000000,0.0020740221892195,0.0000000000000000,8.1739282722395412,3.0001406402012178,16.584458,1.448462,-18.0329199111957,26.0219503545082,0,1.5e-11
1.0034517148312707,0.0,0.0000000000000000,0.0000000000000000,0.0020716644039828,0.0000000000000000,8.1789282722395420,3.0001406331315774,17.201828,1.462107,-18.6639354459250,27.1509130854453,0,2.0e-11
1.0034531939508293,0.0,0.0000000000000000,0.0000000000000000,0.0020693738209562,0.0000000000000000,8.1839282722395410,3.0001406260304133,17.842195,1.475612,-19.3178074002517,28.3281561594184,0,1.2e-11
1.0034546551254073,0.0,0.0000000000000000,0.0000000000000000,0.0020671498748535,0.0000000000000000,8.1889282722395418,3.0001406188969124,18.506398,1.488975,-19.9953727477704,29.5555657215361,0,2.2e-11
1.0034560985319607,0.0,0.0000000000000000,0.0000000000000000,0.0020649920262729,0.0000000000000000,8.1939282722395408,3.0001406117302549,19.195305,1.502195,-20.6974999411542,30.8350968759541,0,2.9e-11
1.0034575243403530,0.0,0.0000000000000000,0.0000000000000000,0.0020628997607236,0.0000000000000000,8.1989282722395416,3.0001406045296126,19.909819,1.515271,-21.4250900823104,32.1687762380546,0,2.4e-11
1.0034589327136296,0.0,0.0000000000000000,0.0000000000000000,0.0020608725876879,0.0000000000000000,8.2039282722395406,3.0001405972941488,20.650876,1.528202,-22.1790781759615,33.5587041323547,0,2.2e-11
1.0034603238082724,0.0,0.0000000000000000,0.0000000000000000,0.0020589100397557,0.0000000000000000,8.2089282722395414,3.0001405900230198,21.419449,1.540985,-22.9604343518459,35.0070573851601,0,4.0e-11
1.0034616977744395,0.0,0.0000000000000000,0.0000000000000000,0.0020570116717942,0.0000000000000000,8.2139282722395421,3.0001405827153715,22.216544,1.553621,-23.7701651526657,36.5160917981781,0,2.3e-11
1.0034630547562013,0.0,0.0000000000000000,0.0000000000000000,0.0020551770601439,0.0000000000000000,8.2189282722395411,3.0001405753703434,23.043207,1.566108,-24.6093149418850,38.0881448965123,0,9.6e-12
1.0034643948917625,0.0,0.0000000000000000,0.0000000000000000,0.0020534058018615,0.0000000000000000,8.2239282722395419,3.0001405679870659,23.900523,1.578444,-25.4789672549050,39.7256387426542,0,2.8e-11
1.0034657183136564,0.0,0.0000000000000000,0.0000000000000000,0.0020516975140427,0.0000000000000000,8.2289282722395409,3.0001405605646609,24.789617,1.590629,-26.3802462699442,41.4310825474255,0,8.7e-12
1.0034670251489628,0.0,0.0000000000000000,0.0000000000000000,0.0020500518330825,0.0000000000000000,8.2339282722395417,3.0001405531022400,25.711657,1.602661,-27.3143183090346,43.2070760706069,0,2.9e-11
1.0034683155194766,0.0,0.0000000000000000,0.0000000000000000,0.0020484684140874,0.0000000000000000,8.2389282722395407,3.0001405455989083,26.667854,1.614540,-28.2823933862092,45.0563121621118,0,1.9e-11
1.0034695895419066,0.0,0.0000000000000000,0.0000000000000000,0.0020469469301990,0.0000000000000000,8.2439282722395415,3.0001405380537602,27.659463,1.626264,-29.2857268402942,46.9815801824743,0,2.3e-11
1.0034708473280312,0.0,0.0000000000000000,0.0000000000000000,0.0020454870720476,0.0000000000000000,8.2489282722395423,3.0001405304658815,28.687789,1.637832,-30.3256209813519,48.9857691217820,0,1.5e-11
1.0034720889848716,0.0,0.0000000000000000,0.0000000000000000,0.0020440885471616,0.0000000000000000,8.2539282722395413,3.0001405228343501,29.754184,1.649243,-31.4034268466205,51.0718707961908,0,2.9e-11
1.0034733146148545,0.0,0.0000000000000000,0.0000000000000000,0.0020427510794117,0.0000000000000000,8.2589282722395421,3.0001405151582308,30.860050,1.660496,-32.5205459908695,53.2429835744674,0,2.8e-11
1.0034745243159335,0.0,0.0000000000000000,0.0000000000000000,0.0020414744085624,0.0000000000000000,8.2639282722395411,3.0001405074365834,32.006842,1.671590,-33.6784323041762,55.5023152783859,0,4.2e-11
1.0034757181817631,0.0,0.0000000000000000,0.0000000000000000,0.0020402582897050,0.0000000000000000,8.2689282722395419,3.0001404996684560,33.196070,1.682524,-34.8785939694053,57.8531873478033,0,4.6e-11
1.0034768963018181,0.0,0.0000000000000000,0.0000000000000000,0.0020391024928114,0.0000000000000000,8.2739282722395409,3.0001404918528864,34.429298,1.693297,-36.1225954869851,60.2990380917962,0,2.6e-11
1.0034780587615337,0.0,0.0000000000000000,0.0000000000000000,0.0020380068022735,0.0000000000000000,8.2789282722395416,3.0001404839889041,35.708151,1.703909,-37.4120596429116,62.8434268781269,0,2.2e-11
1.0034792056424215,0.0,0.0000000000000000,0.0000000000000000,0.0020369710164767,0.0000000000000000,8.2839282722395406,3.0001404760755284,37.034313,1.714357,-38.7486697553456,65.4900375581240,0,3.6e-11
1.0034803370221956,0.0,0.0000000000000000,0.0000000000000000,0.0020359949473709,0.0000000000000000,8.2889282722395414,3.0001404681117676,38.409530,1.724642,-40.1341717476334,68.2426828790445,0,2.7e-11
1.0034814529748870,0.0,0.0000000000000000,0.0000000000000000,0.0020350784200674,0.0000000000000000,8.2939282722395422,3.0001404600966213,39.835615,1.734762,-41.5703766184339,71.1053081182085,0,3.1e-11
1.0034825535709517,0.0,0.0000000000000000,0.0000000000000000,0.0020342212724568,0.0000000000000000,8.2989282722395412,3.0001404520290782,41.314446,1.744716,-43.0591626298766,74.0819956708569,0,2.9e-11
1.0034836388773822,0.0,0.0000000000000000,0.0000000000000000,0.0020334233548199,0.0000000000000000,8.3039282722395420,3.0001404439081170,42.847973,1.754505,-44.6024778537442,77.1769692590501,0,3.4e-11
1.0034847089578061,0.0,0.0000000000000000,0.0000000000000000,0.0020326845294790,0.0000000000000000,8.3089282722395410,3.0001404357327064,44.438217,1.764126,-46.2023426943526,80.3945981196240,0,4.0e-11
1.0034857638725843,0.0,0.0000000000000000,0.0000000000000000,0.0020320046704467,0.0000000000000000,8.3139282722395418,3.0001404275018029,46.087274,1.773579,-47.8608524773442,83.7394019667736,0,3.2e-11
1.0034868036789106,0.0,0.0000000000000000,0.0000000000000000,0.0020313836630798,0.0000000000000000,8.3189282722395408,3.0001404192143548,47.797318,1.782863,-49.5801802308576,87.2160550878734,0,2.0e-11
1.0034878284308983,0.0,0.0000000000000000,0.0000000000000000,0.0020308214037630,0.0000000000000000,8.3239282722395416,3.0001404108692982,49.570602,1.791977,-51.3625794162880,90.8293915286931,0,1.4e-11
1.0034888381796729,0.0,0.0000000000000000,0.0000000000000000,0.0020303177995812,0.0000000000000000,8.3289282722395406,3.0001404024655596,51.409465,1.800921,-53.2103869165480,94.5844097026663,0,3.2e-11
1.0034898329734518,0.0,0.0000000000000000,0.0000000000000000,0.0020298727680322,0.0000000000000000,8.3339282722395414,3.0001403940020537,53.316331,1.809695,-55.1260259061283,98.4862776178472,0,2.2e-11
1.0034908128576348,0.0,0.0000000000000000,0.0000000000000000,0.0020294862367057,0.0000000000000000,8.3389282722395421,3.0001403854776854,55.293713,1.818296,-57.1120091773550,102.5403374934585,0,2.7e-11
1.0034917778748786,0.0,0.0000000000000000,0.0000000000000000,0.0020291581430051,0.0000000000000000,8.3439282722395411,3.0001403768913470,57.344217,1.826725,-59.1709420666599,106.7521117602821,0,3.3e-11
1.0034927280651735,0.0,0.0000000000000000,0.0000000000000000,0.0020288884338754,0.0000000000000000,8.3489282722395419,3.0001403682419223,59.470545,1.834981,-61.3055260470771,111.1273074489986,0,8.1e-12
1.0034936634659266,0.0,0.0000000000000000,0.0000000000000000,0.0020286770655008,0.0000000000000000,8.3539282722395409,3.0001403595282818,61.675499,1.843063,-63.5185620409135,115.6718224199444,0,3.3e-11
1.0034945841120229,0.0,0.0000000000000000,0.0000000000000000,0.0020285240030754,0.0000000000000000,8.3589282722395417,3.0001403507492856,63.961983,1.850971,-65.8129538622493,120.3917505882296,0,2.2e-11
1.0034954900359061,0.0,0.0000000000000000,0.0000000000000000,0.0020284292205084,0.0000000000000000,8.3639282722395407,3.0001403419037826,66.333009,1.858703,-68.1917121428077,125.2933874918385,0,1.6e-11
1.0034963812676438,0.0,0.0000000000000000,0.0000000000000000,0.0020283927001854,0.0000000000000000,8.3689282722395415,3.0001403329906102,68.791697,1.866261,-70.6579578639429,130.3832365309595,0,6.6e-11
1.0034972578349908,0.0,0.0000000000000000,0.0000000000000000,0.0020284144327276,0.0000000000000000,8.3739282722395423,3.0001403240085964,71.341285,1.873642,-73.2149264710685,135.6680140999238,0,4.3e-11
1.0034981197634629,0.0,0.0000000000000000,0.0000000000000000,0.0020284944167222,0.0000000000000000,8.3789282722395413,3.0001403149565551,73.985125,1.880846,-75.8659717558519,141.1546567556243,0,2.9e-11
1.0034989670763945,0.0,0.0000000000000000,0.0000000000000000,0.0020286326585000,0.0000000000000000,8.3839282722395421,3.0001403058332894,76.726696,1.887874,-78.6145702137652,146.8503263769107,0,4.1e-11
1.0034997997950008,0.0,0.0000000000000000,0.0000000000000000,0.0020288291719010,0.0000000000000000,8.3889282722395411,3.0001402966375923,79.569601,1.894724,-81.4643251350555,152.7624170452664,0,2.3e-11
1.0035006179384438,0.0,0.0000000000000000,0.0000000000000000,0.0020290839780294,0.0000000000000000,8.3939282722395419,3.0001402873682443,82.517576,1.901396,-84.4189714002188,158.8985609208139,0,6.7e-11
1.0035014215238827,0.0,0.0000000000000000,0.0000000000000000,0.0020293971050499,0.0000000000000000,8.3989282722395409,3.0001402780240154,85.574491,1.907889,-87.4823796530494,165.2666352917354,0,3.2e-11
1.0035022105665439,0.0,0.0000000000000000,0.0000000000000000,0.0020297685879290,0.0000000000000000,8.4039282722395416,3.0001402686036629,88.744358,1.914204,-90.6585613859518,171.8747691033245,0,7.4e-11
1.0035029850797668,0.0,0.0000000000000000,0.0000000000000000,0.0020301984682473,0.0000000000000000,8.4089282722395406,3.0001402591059332,92.031335,1.920339,-93.9516737798572,178.7313490300212,0,1.5e-11
1.0035037450750697,0.0,0.0000000000000000,0.0000000000000000,0.0020306867939525,0.0000000000000000,8.4139282722395414,3.0001402495295615,95.439730,1.926294,-97.3660246627014,185.8450272449691,0,2.1e-11
1.0035044905621995,0.0,0.0000000000000000,0.0000000000000000,0.0020312336191573,0.0000000000000000,8.4189282722395422,3.0001402398732702,98.974008,1.932070,-100.9060778660173,193.2247279465382,0,4.2e-11
1.0035052215491826,0.0,0.0000000000000000,0.0000000000000000,0.0020318390039347,0.0000000000000000,8.4239282722395412,3.0001402301357722,102.638793,1.937666,-104.5764584770822,200.8796540744197,0,6.8e-12
1.0035059380423896,0.0,0.0000000000000000,0.0000000000000000,0.0020325030140731,0.0000000000000000,8.4289282722395420,3.0001402203157670,106.438878,1.943080,-108.3819584828866,208.8192953138605,0,5.8e-11
1.0035066400465735,0.0,0.0000000000000000,0.0000000000000000,0.0020332257209060,0.0000000000000000,8.4339282722395410,3.0001402104119439,110.379228,1.948314,-112.3275425102214,217.0534344287098,0,1.0e-11
1.0035073275649373,0.0,0.0000000000000000,0.0000000000000000,0.0020340072010573,0.0000000000000000,8.4389282722395418,3.0001402004229805,114.464987,1.953367,-116.4183538132323,225.5921549356763,0,4.6e-12
1.0035080005991723,0.0,0.0000000000000000,0.0000000000000000,0.0020348475362721,0.0000000000000000,8.4439282722395408,3.0001401903475418,118.701481,1.958239,-120.6597200599358,234.4458491974710,0,6.7e-11
1.0035086591495130,0.0,0.0000000000000000,0.0000000000000000,0.0020357468131922,0.0000000000000000,8.4489282722395416,3.0001401801842840,123.094231,1.962929,-125.0571601319463,243.6252245740689,0,1.2e-10
1.0035093032147897,0.0,0.0000000000000000,0.0000000000000000,0.0020367051231459,0.0000000000000000,8.4539282722395406,3.0001401699318500,127.648953,1.967437,-129.6163899619580,253.1413124633245,0,7.7e-11
1.0035099327924784,0.0,0.0000000000000000,0.0000000000000000,0.0020377225619400,0.0000000000000000,8.4589282722395414,3.0001401595888715,132.371566,1.971764,-134.3433298694846,263.0054746956612,0,3.7e-11
1.0035105478787494,0.0,0.0000000000000000,0.0000000000000000,0.0020387992296547,0.0000000000000000,8.4639282722395421,3.0001401491539696,137.268202,1.975909,-139.2441108702000,273.2294126059078,0,9.6e-11
1.0035111484685109,0.0,0.0000000000000000,0.0000000000000000,0.0020399352304528,0.0000000000000000,8.4689282722395411,3.0001401386257553,142.345211,1.979871,-144.3250821254953,283.8251731735363,0,6.2e-11
1.0035117345554672,0.0,0.0000000000000000,0.0000000000000000,0.0020411306723460,0.0000000000000000,8.4739282722395419,3.0001401280028266,147.609167,1.983652,-149.5928182442831,294.8051582777098,0,8.4e-11
1.0035123061321607,0.0,0.0000000000000000,0.0000000000000000,0.0020423856670067,0.0000000000000000,8.4789282722395409,3.0001401172837725,153.066876,1.987250,-155.0541261778389,306.1821323822187,0,9.7e-11
1.0035128631900228,0.0,0.0000000000000000,0.0000000000000000,0.0020437003295539,0.0000000000000000,8.4839282722395417,3.0001401064671702,158.725388,1.990666,-160.7160539531829,317.9692294398938,0,9.1e-11
1.0035134057194204,0.0,0.0000000000000000,0.0000000000000000,0.0020450747783461,0.0000000000000000,8.4889282722395407,3.0001400955515862,164.591998,1.993900,-166.5858975986852,330.1799623019797,0,8.8e-12
1.0035139337097090,0.0,0.0000000000000000,0.0000000000000000,0.0020465091347601,0.0000000000000000,8.4939282722395415,3.0001400845355772,170.674259,1.996952,-172.6712103124378,342.8282292660770,0,1.3e-10
1.0035144471492705,0.0,0.0000000000000000,0.0000000000000000,0.0020480035230128,0.0000000000000000,8.4989282722395423,3.0001400734176893,176.979989,1.999821,-178.9798099444126,355.9283229963512,0,9.4e-11
1.0035149460255723,0.0,0.0000000000000000,0.0000000000000000,0.0020495580699133,0.0000000000000000,8.5039282722395413,3.0001400621964587,183.517280,2.002509,-185.5197881865952,369.4949382340492,0,1.3e-10
1.0035154303252074,0.0,0.0000000000000000,0.0000000000000000,0.0020511729046751,0.0000000000000000,8.5089282722395421,3.0001400508704110,190.294505,2.005014,-192.2995194535386,383.5431796438133,0,4.9e-11
1.0035159000339482,0.0,0.0000000000000000,0.0000000000000000,0.0020528481586848,0.0000000000000000,8.5139282722395411,3.0001400394380626,197.320332,2.007338,-199.3276696994691,398.0885700338549,0,4.1e-11
1.0035163551367912,0.0,0.0000000000000000,0.0000000000000000,0.0020545839652985,0.0000000000000000,8.5189282722395419,3.0001400278979204,204.603726,2.009480,-206.6132061290969,413.1470574695995,0,1.5e-10
1.0035167956180011,0.0,0.0000000000000000,0.0000000000000000,0.0020563804596327,0.0000000000000000,8.5239282722395409,3.0001400162484813,212.153967,2.011440,-214.1654069217926,428.7350234852238,0,2.6e-11
1.0035172214611714,0.0,0.0000000000000000,0.0000000000000000,0.0020582377783136,0.0000000000000000,8.5289282722395416,3.0001400044882334,219.980651,2.013219,-221.9938702746590,444.8692925116375,0,1.0e-10
1.0035176326492579,0.0,0.0000000000000000,0.0000000000000000,0.0020601560593001,0.0000000000000000,8.5339282722395406,3.0001399926156571,228.093709,2.014817,-230.1085260254727,461.5671353862053,0,3.9e-11
1.0035180291646388,0.0,0.0000000000000000,0.0000000000000000,0.0020621354416249,0.0000000000000000,8.5389282722395414,3.0001399806292217,236.503410,2.016234,-238.5196447541582,478.8462817664404,0,6.3e-11
1.0035184109891577,0.0,0.0000000000000000,0.0000000000000000,0.0020641760651908,0.0000000000000000,8.5439282722395422,3.0001399685273897,245.220379,2.017471,-247.2378492198512,496.7249236186763,0,1.1e-10
1.0035187781041734,0.0,0.0000000000000000,0.0000000000000000,0.0020662780705411,0.0000000000000000,8.5489282722395412,3.0001399563086166,254.255598,2.018527,-256.2741250838772,515.2217247994377,0,1.5e-10
1.0035191304906117,0.0,0.0000000000000000,0.0000000000000000,0.0020684415986222,0.0000000000000000,8.5539282722395420,3.0001399439713476,263.620430,2.019403,-265.6398323756535,534.3558271215225,0,3.8e-11
1.0035194681290109,0.0,0.0000000000000000,0.0000000000000000,0.0020706667905680,0.0000000000000000,8.5589282722395410,3.0001399315140227,273.326617,2.020099,-275.3467165610971,554.1468580331348,0,1.4e-10
1.0035197909995750,0.0,0.0000000000000000,0.0000000000000000,0.0020729537874564,0.0000000000000000,8.5639282722395418,3.0001399189350737,283.386305,2.020616,-285.4069209880619,574.6149361307835,0,1.2e-10
1.0035200990822235,0.0,0.0000000000000000,0.0000000000000000,0.0020753027300765,0.0000000000000000,8.5689282722395408,3.0001399062329259,293.812044,2.020954,-295.8329985430640,595.7806790715404,0,1.1e-10
1.0035203923566387,0.0,0.0000000000000000,0.0000000000000000,0.0020777137587003,0.0000000000000000,8.5739282722395416,3.0001398934059993,304.616811,2.021114,-306.6379242308453,617.6652086687100,0,2.7e-11
1.0035206708023223,0.0,0.0000000000000000,0.0000000000000000,0.0020801870128229,0.0000000000000000,8.5789282722395406,3.0001398804527062,315.814013,2.021095,-317.8351082799415,640.2901570425311,0,1.5e-10
1.0035209343986384,0.0,0.0000000000000000,0.0000000000000000,0.0020827226309540,0.0000000000000000,8.5839282722395414,3.0001398673714541,327.417509,2.020899,-329.4384081736393,663.6776727387696,0,1.5e-10
1.0035211831248723,0.0,0.0000000000000000,0.0000000000000000,0.0020853207503435,0.0000000000000000,8.5889282722395421,3.0001398541606457,339.441617,2.020525,-341.4621423418205,687.8504264846633,0,1.8e-10
1.0035214169602780,0.0,0.0000000000000000,0.0000000000000000,0.0020879815067547,0.0000000000000000,8.5939282722395411,3.0001398408186790,351.901130,2.019975,-353.9211051297696,712.8316130415624,0,8.3e-11
1.0035216358841337,0.0,0.0000000000000000,0.0000000000000000,0.0020907050342018,0.0000000000000000,8.5989282722395419,3.0001398273439479,364.811329,2.019249,-366.8305780299841,738.6449612841679,0,1.1e-10
1.0035218398757906,0.0,0.0000000000000000,0.0000000000000000,0.0020934914647149,0.0000000000000000,8.6039282722395409,3.0001398137348421,378.187999,2.018347,-380.2063463687944,765.3147318769188,0,2.1e-11
1.0035220289147264,0.0,0.0000000000000000,0.0000000000000000,0.0020963409280825,0.0000000000000000,8.6089282722395417,3.0001397999897477,392.047442,2.017270,-394.0647126182569,792.8657268114766,0,1.7e-10
1.0035222029806017,0.0,0.0000000000000000,0.0000000000000000,0.0020992535515919,0.0000000000000000,8.6139282722395407,3.0001397861070505,406.406492,2.016019,-408.4225108748225,821.3232886306942,0,1.9e-10
1.0035223620533094,0.0,0.0000000000000000,0.0000000000000000,0.0021022294597798,0.0000000000000000,8.6189282722395415,3.0001397720851304,421.282529,2.014594,-423.2971233084822,850.7133042221394,0,1.6e-10
1.0035225061130308,0.0,0.0000000000000000,0.0000000000000000,0.0021052687741724,0.0000000000000000,8.6239282722395423,3.0001397579223696,436.693498,2.012996,-438.7064942498943,881.0622076802683,0,1.5e-10
1.0035226351402893,0.0,0.0000000000000000,0.0000000000000000,0.0021083716130260,0.0000000000000000,8.6289282722395413,3.0001397436171469,452.657922,2.011225,-454.6691467807264,912.3969811015995,0,1.4e-10
1.0035227491160048,0.0,0.0000000000000000,0.0000000000000000,0.0021115380910623,0.0000000000000000,8.6339282722395421,3.0001397291678407,469.194916,2.009283,-471.2041985945880,944.7451556298620,0,1.3e-10
1.0035228480215488,0.0,0.0000000000000000,0.0000000000000000,0.0021147683192103,0.0000000000000000,8.6389282722395411,3.0001397145728315,486.324209,2.007169,-488.3313778733738,978.1348110951658,0,2.3e-10
1.0035229318387962,0.0,0.0000000000000000,0.0000000000000000,0.0021180624043461,0.0000000000000000,8.6439282722395419,3.0001396998304983,504.066156,2.004885,-506.0710408277171,1012.5945756477013,0,1.2e-10
1.0035230005501876,0.0,0.0000000000000000,0.0000000000000000,0.0021214204490106,0.0000000000000000,8.6489282722395409,3.0001396849392230,522.441756,2.002431,-524.4441873174634,1048.1536267687625,0,2.5e-10
1.0035230541387770,0.0,0.0000000000000000,0.0000000000000000,0.0021248425511649,0.0000000000000000,8.6539282722395416,3.0001396698973903,541.472671,1.999809,-543.4724799003718,1084.8416858945275,0,1.9e-10
1.0035230925882936,0.0,0.0000000000000000,0.0000000000000000,0.0021283288038988,0.0000000000000000,8.6589282722395406,3.0001396547033861,561.181242,1.997018,-563.1782594715269,1122.6890167359088,0,4.4e-10
1.0035231158831910,0.0,0.0000000000000000,0.0000000000000000,0.0021318792951922,0.0000000000000000,8.6639282722395414,3.0001396393556004,581.590504,1.994060,-583.5845645317125,1161.7264223462553,0,2.0e-10
1.0035231240087137,0.0,0.0000000000000000,0.0000000000000000,0.0021354941076122,0.0000000000000000,8.6689282722395422,3.0001396238524296,602.724213,1.990936,-604.7151488829061,1201.9852395672933,0,4.8e-10
1.0035231169509393,0.0,0.0000000000000000,0.0000000000000000,0.0021391733180753,0.0000000000000000,8.6739282722395412,3.0001396081922720,624.606853,1.987646,-626.5944995057687,1243.4973335521645,0,3.3e-10
1.0035230946968476,0.0,0.0000000000000000,0.0000000000000000,0.0021429169975538,0.0000000000000000,8.6789282722395420,3.0001395923735341,647.263665,1.984192,-649.2478563085305,1286.2950913239620,0,1.3e-11
1.0035230572343725,0.0,0.0000000000000000,0.0000000000000000,0.0021467252108093,0.0000000000000000,8.6839282722395410,3.0001395763946284,670.720657,1.980573,-672.7012300145658,1330.4114118244033,0,3.3e-10
1.0035230045524519,0.0,0.0000000000000000,0.0000000000000000,0.0021505980161508,0.0000000000000000,8.6889282722395418,3.0001395602539751,695.004629,1.976792,-696.9814209587315,1375.8797046466498,0,1.7e-10
1.0035229366410934,0.0,0.0000000000000000,0.0000000000000000,0.0021545354651278,0.0000000000000000,8.6939282722395408,3.0001395439500014,720.143192,1.972849,-722.1160413445309,1422.7338677287917,0,1.5e-11
1.0035228534914251,0.0,0.0000000000000000,0.0000000000000000,0.0021585376022904,0.0000000000000000,8.6989282722395416,3.0001395274811453,746.164786,1.968745,-748.1335314906090,1471.0082861856208,0,2.1e-10
1.0035227550957533,0.0,0.0000000000000000,0.0000000000000000,0.0021626044649059,0.0000000000000000,8.7039282722395406,3.0001395108458553,773.098701,1.964481,-775.0631818372882,1520.7378154230537,0,2.3e-10
1.0035226414476179,0.0,0.0000000000000000,0.0000000000000000,0.0021667360827066,0.0000000000000000,8.7089282722395414,3.0001394940425890,800.975095,1.960058,-802.9351530399422,1571.9577704726835,0,2.0e-10
1.0035225125418479,0.0,0.0000000000000000,0.0000000000000000,0.0021709324776172,0.0000000000000000,8.7139282722395421,3.0001394770698164,829.825018,1.955477,-831.7804949939029,1624.7039050981402,0,2.0e-10
1.0035223683746171,0.0,0.0000000000000000,0.0000000000000000,0.0021751936634991,0.0000000000000000,8.7189282722395411,3.0001394599260203,859.680431,1.950739,-861.6311700859709,1679.0124005209072,0,3.1e-11
1.0035222089434990,0.0,0.0000000000000000,0.0000000000000000,0.0021795196458859,0.0000000000000000,8.7239282722395419,3.0001394426096981,890.574226,1.945845,-892.5200719149726,1734.9198472468997,0,3.7e-11
1.0035220342475215,0.0,0.0000000000000000,0.0000000000000000,0.0021839104217333,0.0000000000000000,8.7289282722395409,3.0001394251193605,922.540249,1.940797,-924.4810454095477,1792.4632205006783,0,1.4e-10
1.0035218442872194,0.0,0.0000000000000000,0.0000000000000000,0.0021883659791654,0.0000000000000000,8.7339282722395417,3.0001394074535339,955.613316,1.935594,-957.5489106783790,1851.6798653462320,0,1.2e-10
1.0035216390646904,0.0,0.0000000000000000,0.0000000000000000,0.0021928862972226,0.0000000000000000,8.7389282722395407,3.0001393896107622,989.829245,1.930239,-991.7594847462926,1912.6074678018922,0,1.8e-10
1.0035214185836467,0.0,0.0000000000000000,0.0000000000000000,0.0021974713456144,0.0000000000000000,8.7439282722395415,3.0001393715896056,1025.224866,1.924733,-1027.1495989236225,1975.2840367020108,0,2.2e-10
1.0035211828494681,0.0,0.0000000000000000,0.0000000000000000,0.0022021210844782,0.0000000000000000,8.7489282722395423,3.0001393533886431,1061.838048,1.919076,-1063.7571240612888,2039.7478736113990,0,5.5e-10
1.0035209318692486,0.0,0.0000000000000000,0.0000000000000000,0.0022068354641603,0.0000000000000000,8.7539282722395413,3.0001393350064736,1099.707724,1.913270,-1101.6209941195257,2106.0375428894768,0,3.0e-11
1.0035206656518603,0.0,0.0000000000000000,0.0000000000000000,0.0022116144249350,0.0000000000000000,8.7589282722395421,3.0001393164417163,1138.873907,1.907315,-1140.7812225177231,2174.1918468764052,0,2.6e-10
1.0035203842079856,0.0,0.0000000000000000,0.0000000000000000,0.0022164578968435,0.0000000000000000,8.7639282722395411,3.0001392976930106,1179.377712,1.901214,-1181.2789267559301,2244.2497936135624,0,3.9e-10
1.0035200875501782,0.0,0.0000000000000000,0.0000000000000000,0.0022213657994228,0.0000000000000000,8.7689282722395419,3.0001392787590211,1221.261387,1.894967,-1223.1563547822145,2316.2505568693159,0,3.5e-11
1.0035197756929100,0.0,0.0000000000000000,0.0000000000000000,0.0022263380415075,0.0000000000000000,8.7739282722395409,3.0001392596384320,1264.568325,1.888576,-1266.4569015005452,2390.2334501106525,0,4.8e-10
1.0035194486526104,0.0,0.0000000000000000,0.0000000000000000,0.0022313745210307,0.0000000000000000,8.7789282722395416,3.0001392403299563,1309.343089,1.882041,-1311.2251301032297,2466.2378808213398,0,3.6e-10
1.0035191064477207,0.0,0.0000000000000000,0.0000000000000000,0.0022364751248077,0.0000000000000000,8.7839282722395406,3.0001392208323292,1355.631438,1.875365,-1357.5068025738294,2544.3033153732540,0,5.0e-10
1.0035187490987323,0.0,0.0000000000000000,0.0000000000000000,0.0022416397283505,0.0000000000000000,8.7889282722395414,3.0001392011443135,1403.480347,1.868547,-1405.3488936937038,2624.4692399316700,0,2.7e-10
1.0035183766282332,0.0,0.0000000000000000,0.0000000000000000,0.0022468681956777,0.0000000000000000,8.7939282722395422,3.0001391812647005,1452.938027,1.861590,-1454.7996172516027,2706.7751050593797,0,3.5e-10
1.0035179890609469,0.0,0.0000000000000000,0.0000000000000000,0.0022521603791413,0.0000000000000000,8.7989282722395412,3.0001391611923092,1504.053951,1.854495,-1505.9084463228769,2791.2602921435609,0,1.8e-10
1.0035175864237746,0.0,0.0000000000000000,0.0000000000000000,0.0022575161192502,0.0000000000000000,8.8039282722395420,3.0001391409259877,1556.878877,1.847263,-1558.7261398811315,2877.9640629049391,0,1.7e-10
1.0035171687458317,0.0,0.0000000000000000,0.0000000000000000,0.0022629352445177,0.0000000000000000,8.8089282722395410,3.0001391204646151,1611.464866,1.839895,-1613.3047605834004,2966.9254975193180,0,3.1e-10
1.0035167360584891,0.0,0.0000000000000000,0.0000000000000000,0.0022684175712896,0.0000000000000000,8.8139282722395418,3.0001390998071034,1667.865301,1.832392,-1669.6976932819452,3058.1834593818057,0,1.7e-09
1.0035162883953916,0.0,0.0000000000000000,0.0000000000000000,0.0022739629036832,0.0000000000000000,8.8189282722395408,3.0001390789523961,1726.134927,1.824757,-1727.9596838228340,3151.7765339971520,0,8.9e-10
1.0035158257925205,0.0,0.0000000000000000,0.0000000000000000,0.0022795710333067,0.0000000000000000,8.8239282722395416,3.0001390578994691,1786.329850,1.816990,-1788.1468401842974,3247.7429564730264,0,4.8e-10
1.0035153482882018,0.0,0.0000000000000000,0.0000000000000000,0.0022852417392672,0.0000000000000000,8.8289282722395406,3.0001390366473348,1848.507576,1.809092,-1850.3166684198698,3346.1205666726455,0,1.2e-09
1.0035148559231355,0.0,0.0000000000000000,0.0000000000000000,0.0022909747880395,0.0000000000000000,8.8339282722395414,3.0001390151950407,1912.727020,1.801066,-1914.5280859457296,3446.9467610283755,0,3.8e-10
1.0035143487404401,0.0,0.0000000000000000,0.0000000000000000,0.0022967699333021,0.0000000000000000,8.8389282722395421,3.0001389935416705,1979.048541,1.792911,-1980.8414517778608,3550.2583822964225,0,3.6e-10
1.0035138267856591,0.0,0.0000000000000000,0.0000000000000000,0.0023026269159350,0.0000000000000000,8.8439282722395411,3.0001389716863440,2047.533950,1.784631,-2049.3185803629012,3656.0917051429860,0,3.0e-11
1.0035132901067974,0.0,0.0000000000000000,0.0000000000000000,0.0023085454638763,0.0000000000000000,8.8489282722395419,3.0001389496282225,2118.246542,1.776225,-2120.0227671041348,3764.4823318268172,0,4.4e-10
1.0035127387543314,0.0,0.0000000000000000,0.0000000000000000,0.0023145252921121,0.0000000000000000,8.8539282722395409,3.0001389273665029,2191.251111,1.767696,-2193.0188066456672,3875.4651254769415,0,3.6e-10
1.0035121727812368,0.0,0.0000000000000000,0.0000000000000000,0.0023205661025874,0.0000000000000000,8.8589282722395417,3.0001389049004241,2266.613977,1.759044,-2268.3730207543140,3989.0741569665261,0,9.5e-10
1.0035115922429974,0.0,0.0000000000000000,0.0000000000000000,0.0023266675841899,0.0000000000000000,8.8639282722395407,3.0001388822292667,2344.402995,1.750272,-2346.1532671102209,4105.3425918114372,0,5.5e-10
1.0035109971976250,0.0,0.0000000000000000,0.0000000000000000,0.0023328294127130,0.0000000000000000,8.8689282722395415,3.0001388593523508,2424.687585,1.741380,-2426.4289647253581,4224.3026633299887,0,3.6e-10
1.0035103877056655,0.0,0.0000000000000000,0.0000000000000000,0.0023390512508586,0.0000000000000000,8.8739282722395423,3.0001388362690404,2507.538756,1.732370,-2509.2711264580553,4345.9855202003382,0,5.5e-10
1.0035097638302117,0.0,0.0000000000000000,0.0000000000000000,0.0023453327482135,0.0000000000000000,8.8789282722395413,3.0001388129787423,2593.029114,1.723244,-2594.7523575026271,4470.4211679077707,0,7.5e-10
1.0035091256369024,0.0,0.0000000000000000,0.0000000000000000,0.0023516735413152,0.0000000000000000,8.8839282722395421,3.0001387894809080,2681.232892,1.714002,-2682.9468937948996,4597.6384790646844,0,4.5e-10
1.0035084731939374,0.0,0.0000000000000000,0.0000000000000000,0.0023580732536118,0.0000000000000000,8.8889282722395411,3.0001387657750329,2772.225956,1.704646,-2773.9306019224628,4727.6649194718339,0,5.0e-10
1.0035078065720702,0.0,0.0000000000000000,0.0000000000000000,0.0023645314955493,0.0000000000000000,8.8939282722395419,3.0001387418606575,2866.085843,1.695178,-2867.7810216537773,4860.5266070007347,0,2.4e-10
1.0035071258446067,0.0,0.0000000000000000,0.0000000000000000,0.0023710478646285,0.0000000000000000,8.8989282722395409,3.0001387177373688,2962.891762,1.685599,-2964.5773609849521,4996.2481567617506,0,1.3e-09
1.0035064310873996,0.0,0.0000000000000000,0.0000000000000000,0.0023776219454772,0.0000000000000000,8.9039282722395416,3.0001386934048004,3062.724630,1.675911,-3064.4005405142047,5134.8525891276076,0,4.6e-11
1.0035057223788513,0.0,0.0000000000000000,0.0000000000000000,0.0023842533098900,0.0000000000000000,8.9089282722395424,3.0001386688626344,3165.667066,1.666114,-3167.3331801826521,5276.3612440237775,0,5.0e-10
1.0035049997998913,0.0,0.0000000000000000,0.0000000000000000,0.0023909415169879,0.0000000000000000,8.9139282722395414,3.0001386441105971,3271.803440,1.656210,-3273.4596496090362,5420.7936603100970,0,9.1e-10
1.0035042634339704,0.0,0.0000000000000000,0.0000000000000000,0.0023976861132969,0.0000000000000000,8.9189282722395422,3.0001386191484660,3381.219853,1.646201,-3382.8660537768274,5568.1674837404862,0,6.5e-10
1.0035035133670418,0.0,0.0000000000000000,0.0000000000000000,0.0024044866328977,0.0000000000000000,8.9239282722395412,3.0001385939760663,3494.004182,1.636088,-3495.6402697477388,5718.4983701165766,0,1.1e-09
1.0035027496875488,0.0,0.0000000000000000,0.0000000000000000,0.0024113425975272,0.0000000000000000,8.9289282722395420,3.0001385685932718,3610.246102,1.625872,-3611.8719748432395,5871.7998502049595,0,1.7e-10
1.0035019724864012,0.0,0.0000000000000000,0.0000000000000000,0.0024182535167637,0.0000000000000000,8.9339282722395410,3.0001385430000056,3730.037066,1.615556,-3731.6526219144334,6028.0832492504269,0,3.9e-10
1.0035011818569477,0.0,0.0000000000000000,0.0000000000000000,0.0024252188881984,0.0000000000000000,8.9389282722395418,3.0001385171962407,3853.470360,1.605140,-3855.0754999751634,6187.3575837155804,0,6.0e-10
1.0035003778949552,0.0,0.0000000000000000,0.0000000000000000,0.0024322381975988,0.0000000000000000,8.9439282722395408,3.0001384911820010,3980.641097,1.594625,-3982.2357223558406,6349.6293548615649,0,1.9e-10
1.0034995606985777,0.0,0.0000000000000000,0.0000000000000000,0.0024393109191200,0.0000000000000000,8.9489282722395416,3.0001384649573577,4111.646240,1.584013,-4113.2302533029351,6514.9025758598000,0,2.3e-10
1.0034987303683260,0.0,0.0000000000000000,0.0000000000000000,0.0024464365154918,0.0000000000000000,8.9539282722395406,3.0001384385224359,4246.584602,1.573306,-4248.1579081500486,6683.1785544697195,0,2.7e-10
1.0034978870070339,0.0,0.0000000000000000,0.0000000000000000,0.0024536144382559,0.0000000000000000,8.9589282722395414,3.0001384118774075,4385.556896,1.562505,-4387.1194015485271,6854.4557745177299,0,4.4e-10
1.0034970307198177,0.0,0.0000000000000000,0.0000000000000000,0.0024608441280003,0.0000000000000000,8.9639282722395421,3.0001383850224972,4528.665695,1.551612,-4530.2173070092194,7028.7298455610871,0,5.2e-10
1.0034961616140441,0.0,0.0000000000000000,0.0000000000000000,0.0024681250145930,0.0000000000000000,8.9689282722395411,3.0001383579579803,4676.015521,1.540626,-4677.5561473394046,7205.9932222198695,0,5.4e-10
1.0034952797992795,0.0,0.0000000000000000,0.0000000000000000,0.0024754565174544,0.0000000000000000,8.9739282722395419,3.0001383306841802,4827.712757,1.529552,-4829.2423086932858,7386.2353728897870,0,4.3e-11
1.0034943853872589,0.0,0.0000000000000000,0.0000000000000000,0.0024828380457948,0.0000000000000000,8.9789282722395409,3.0001383032014748,4983.865772,1.518388,-4985.3841600718051,7569.4423182997853,0,7.1e-10
1.0034934784918259,0.0,0.0000000000000000,0.0000000000000000,0.0024902689989379,0.0000000000000000,8.9839282722395417,3.0001382755102872,5144.584834,1.507137,-5146.0919719062194,7755.5966512579471,0,3.3e-10
1.0034925592288944,0.0,0.0000000000000000,0.0000000000000000,0.0024977487665664,0.0000000000000000,8.9889282722395407,3.0001382476110954,5309.982206,1.495801,-5311.4780072350040,7944.6775151435286,0,1.2e-10
1.0034916277163872,0.0,0.0000000000000000,0.0000000000000000,0.0025052767290891,0.0000000000000000,8.9939282722395415,3.0001382195044228,5480.172090,1.484380,-5481.6564700860408,8136.6601818688214,0,3.5e-10
1.0034906840742006,0.0,0.0000000000000000,0.0000000000000000,0.0025128522578436,0.0000000000000000,8.9989282722395423,3.0001381911908473,5655.270688,1.472877,-5656.7435645169135,8331.5162487141788,0,6.9e-10
1.0034897284241306,0.0,0.0000000000000000,0.0000000000000000,0.0025204747155255,0.0000000000000000,9.0039282722395413,3.0001381626709924,5835.396179,1.461291,-5836.8574698036846,8529.2134693861008,0,8.7e-10
1.0034887608898291,0.0,0.0000000000000000,0.0000000000000000,0.0025281434564392,0.0000000000000000,9.0089282722395421,3.0001381339455317,6020.668767,1.449626,-6022.1183923836952,8729.7150384970009,0,1.2e-09
1.0034877815967373,0.0,0.0000000000000000,0.0000000000000000,0.0025358578268902,0.0000000000000000,9.0139282722395411,3.0001381050151870,6211.210655,1.437881,-6212.6485354664892,8932.9805063158274,0,6.7e-11
1.0034867906720295,0.0,0.0000000000000000,0.0000000000000000,0.0025436171655032,0.0000000000000000,9.0189282722395419,3.0001380758807290,6407.146071,1.426058,-6408.5721294247724,9138.9646195769310,0,9.9e-10
1.0034857882445523,0.0,0.0000000000000000,0.0000000000000000,0.0025514208035464,0.0000000000000000,9.0239282722395409,3.0001380465429763,6608.601291,1.414160,-6610.0154502563255,9347.6178917065263,0,9.6e-10
1.0034847744447601,0.0,0.0000000000000000,0.0000000000000000,0.0025592680653251,0.0000000000000000,9.0289282722395416,3.0001380170027931,6815.704625,1.402186,-6817.1068107159626,9558.8858884498477,0,9.8e-10
1.0034837494046442,0.0,0.0000000000000000,0.0000000000000000,0.0025671582685577,0.0000000000000000,9.0339282722395424,3.0001379872610907,7028.586462,1.390139,-7029.9766009012756,9772.7096947543323,0,1.8e-09
1.0034827132576800,0.0,0.0000000000000000,0.0000000000000000,0.0025750907246819,0.0000000000000000,9.0389282722395414,3.0001379573188274,7247.379250,1.378019,-7248.7572684138304,9989.0250277295709,0,5.8e-10
1.0034816661387427,0.0,0.0000000000000000,0.0000000000000000,0.0025830647393054,0.0000000000000000,9.0439282722395422,3.0001379271770046,7472.217513,1.365828,-7473.5833412792790,10207.7634137831628,0,5.7e-11
1.0034806081840486,0.0,0.0000000000000000,0.0000000000000000,0.0025910796125396,0.0000000000000000,9.0489282722395412,3.0001378968366703,7703.237849,1.353567,-7704.5914158893147,10428.8500075042248,0,6.7e-10
1.0034795395310878,0.0,0.0000000000000000,0.0000000000000000,0.0025991346393706,0.0000000000000000,9.0539282722395420,3.0001378662989140,7940.579009,1.341238,-7941.9202467180285,10652.2055266872048,0,1.9e-09
1.0034784603185440,0.0,0.0000000000000000,0.0000000000000000,0.0026072291100862,0.0000000000000000,9.0589282722395410,3.0001378355648702,8184.381808,1.328841,-8185.7106495896714,10877.7445631027222,0,3.1e-09
1.0034773706862370,0.0,0.0000000000000000,0.0000000000000000,0.0026153623106010,0.0000000000000000,9.0639282722395418,3.0001378046357141,8434.789182,1.316379,-8436.1055605455458,11105.3765415698290,0,5.8e-10
1.0034762707750324,0.0,0.0000000000000000,0.0000000000000000,0.0026235335229242,0.0000000000000000,9.0689282722395408,3.0001377735126642,8691.946212,1.303851,-8693.2500633023046,11335.0046333000064,0,1.2e-09
1.0034751607267867,0.0,0.0000000000000000,0.0000000000000000,0.0026317420254721,0.0000000000000000,9.0739282722395416,3.0001377421969764,8956.000126,1.291260,-8957.2913862118476,11566.5265434831381,0,1.9e-09
1.0034740406842622,0.0,0.0000000000000000,0.0000000000000000,0.0026399870935134,0.0000000000000000,9.0789282722395406,3.0001377106899474,9227.100337,1.278607,-9228.3789442101279,11799.8336287587881,0,2.0e-10
1.0034729107910636,0.0,0.0000000000000000,0.0000000000000000,0.0026482679995122,0.0000000000000000,9.0839282722395414,3.0001376789929139,9505.398326,1.265892,-9506.6642179373757,12034.8107236847281,0,2.8e-09
1.0034717711915504,0.0,0.0000000000000000,0.0000000000000000,0.0026565840135835,0.0000000000000000,9.0889282722395421,3.0001376471072478,9791.047839,1.253118,-9792.3009573692871,12271.3372456207871,0,7.9e-10
1.0034706220307819,0.0,0.0000000000000000,0.0000000000000000,0.0026649344037865,0.0000000000000000,9.0939282722395411,3.0001376150343595,10084.204783,1.240285,-10085.4450673114770,12509.2847299426794,0,4.2e-10
1.0034694634544292,0.0,0.0000000000000000,0.0000000000000000,0.0026733184365959,0.0000000000000000,9.0989282722395419,3.0001375827756931,10385.027219,1.227394,-10386.2546128520935,12748.5192162618041,0,3.1e-09
1.0034682956087013,0.0,0.0000000000000000,0.0000000000000000,0.0026817353772683,0.0000000000000000,9.1039282722395409,3.0001375503327288,10693.675517,1.214447,-10694.8899632421599,12988.8990543410182,0,1.1e-09
1.0034671186402890,0.0,0.0000000000000000,0.0000000000000000,0.0026901844901579,0.0000000000000000,9.1089282722395417,3.0001375177069787,11010.312128,1.201444,-11011.5135727042980,13230.2763741686940,0,2.9e-09
1.0034659326962647,0.0,0.0000000000000000,0.0000000000000000,0.0026986650392124,0.0000000000000000,9.1139282722395407,3.0001374848999878,11335.101867,1.188388,-11336.2902547634822,13472.4956580400467,0,2.0e-10
1.0034647379240400,0.0,0.0000000000000000,0.0000000000000000,0.0027071762882069,0.0000000000000000,9.1189282722395415,3.0001374519133330,11668.211707,1.175278,-11669.3869848012164,13715.3942780792713,0,6.6e-09
1.0034635344712630,0.0,0.0000000000000000,0.0000000000000000,0.0027157175012570,0.0000000000000000,9.1239282722395423,3.0001374187486203,12009.810966,1.162117,-12010.9730827381609,13958.8028365671635,0,2.2e-10
1.0034623224857795,0.0,0.0000000000000000,0.0000000000000000,0.0027242879430400,0.0000000000000000,9.1289282722395413,3.0001373854074846,12360.071145,1.148905,-12361.2200492170577,14202.5431836843491,0,2.2e-09
1.0034611021155315,0.0,0.0000000000000000,0.0000000000000000,0.0027328868792886,0.0000000000000000,9.1339282722395421,3.0001373518915901,12719.166035,1.135643,-12720.3016779284790,14446.4299187958241,0,2.4e-09
1.0034598735085130,0.0,0.0000000000000000,0.0000000000000000,0.0027415135770197,0.0000000000000000,9.1389282722395411,3.0001373182026247,13087.271741,1.122333,-13088.3940739608533,14690.2703408002853,0,4.2e-09
1.0034586368126759,0.0,0.0000000000000000,0.0000000000000000,0.0027501673050144,0.0000000000000000,9.1439282722395419,3.0001372843423058,13464.566849,1.108975,-13465.6758236217102,14933.8636831790209,0,3.2e-09
1.0034573921758922,0.0,0.0000000000000000,0.0000000000000000,0.0027588473340086,0.0000000000000000,9.1489282722395409,3.0001372503123704,13851.231966,1.095570,-13852.3275363170960,15177.0003850013018,0,2.9e-10
1.0034561397458581,0.0,0.0000000000000000,0.0000000000000000,0.0027675529371630,0.0000000000000000,9.1539282722395416,3.0001372161145823,14247.450336,1.082121,-14248.5324572768386,15419.4621637910604,0,8.8e-10
1.0034548796700469,0.0,0.0000000000000000,0.0000000000000000,0.0027762833903033,0.0000000000000000,9.1589282722395424,3.0001371817507247,14653.407323,1.068627,-14654.4759499256834,15661.0248170793056,0,1.5e-09
1.0034536120956334,0.0,0.0000000000000000,0.0000000000000000,0.0027850379722916,0.0000000000000000,9.1639282722395414,3.0001371472226048,15069.290903,1.055090,-15070.3459923077389,15901.4523178189993,0,5.6e-10
1.0034523371694415,0.0,0.0000000000000000,0.0000000000000000,0.0027938159652834,0.0000000000000000,9.1689282722395422,3.0001371125320460,15495.291211,1.041510,-15496.3327212943841,16140.5030403137207,0,2.1e-10
1.0034510550378730,0.0,0.0000000000000000,0.0000000000000000,0.0028026166550791,0.0000000000000000,9.1739282722395412,3.0001370776808898,15931.601064,1.027889,-15932.6289536009335,16377.9228749424219,0,4.2e-09
1.0034497658468566,0.0,0.0000000000000000,0.0000000000000000,0.0028114393313682,0.0000000000000000,9.1789282722395420,3.0001370426709992,16378.415424,1.014228,-16379.4296519190866,16613.4522237777710,0,3.6e-09
1.0034484697417703,0.0,0.0000000000000000,0.0000000000000000,0.0028202832881068,0.0000000000000000,9.1839282722395410,3.0001370075042493,16835.931987,1.000528,-16836.9325153452701,16846.8201985359192,0,3.7e-09
1.0034471668674068,0.0,0.0000000000000000,0.0000000000000000,0.0028291478236843,0.0000000000000000,9.1889282722395418,3.0001369721825304,17304.350758,0.986789,-17305.3375474530440,17077.7485100328922,0,9.0e-11
1.0034458573679017,0.0,0.0000000000000000,0.0000000000000000,0.0028380322412616,0.0000000000000000,9.1939282722395408,3.0001369367077482,17783.874272,0.973013,-17784.8472848461861,17305.9467946887016,0,1.3e-09
1.0034445413866877,0.0,0.0000000000000000,0.0000000000000000,0.0028469358489979,0.0000000000000000,9.1989282722395416,3.0001369010818202,18274.707504,0.959201,-18275.6667049210228,17531.1163326799870,0,5.9e-10
1.0034432190664342,0.0,0.0000000000000000,0.0000000000000000,0.0028558579603278,0.0000000000000000,9.2039282722395406,3.0001368653066738,18777.058224,0.945353,-18778.0035768490925,17752.9494320154190,0,2.6e-09
1.0034418905490048,0.0,0.0000000000000000,0.0000000000000000,0.0028647978941629,0.0000000000000000,9.2089282722395414,3.0001368293842501,19291.136401,0.931471,-19292.0678715005270,17971.1290609240532,0,7.0e-09
1.0034405559753945,0.0,0.0000000000000000,0.0000000000000000,0.0028737549751847,0.0000000000000000,9.2139282722395421,3.0001367933164960,19817.154995,0.917555,-19818.0725501284651,18185.3247360885143,0,5.4e-09
1.0034392154856957,0.0,0.0000000000000000,0.0000000000000000,0.0028827285340009,0.0000000000000000,9.2189282722395411,3.0001367571053685,20355.329367,0.903606,-20356.2329732726939,18395.2001972198486,0,1.1e-09
1.0034378692190473,0.0,0.0000000000000000,0.0000000000000000,0.0028917179073784,0.0000000000000000,9.2239282722395419,3.0001367207528307,20905.877426,0.889626,-20906.7670512408476,18600.4046945571899,0,5.6e-09
1.0034365173135886,0.0,0.0000000000000000,0.0000000000000000,0.0029007224384568,0.0000000000000000,9.2289282722395409,3.0001366842608514,21469.019886,0.875614,-21469.8955008059274,18800.5812756717205,0,2.6e-09
1.0034351599064133,0.0,0.0000000000000000,0.0000000000000000,0.0029097414769471,0.0000000000000000,9.2339282722395417,3.0001366476314062,22044.980129,0.861573,-22045.8417022859503,18995.3588972687721,0,6.5e-11
1.0034337971335359,0.0,0.0000000000000000,0.0000000000000000,0.0029187743792879,0.0000000000000000,9.2389282722395407,3.0001366108664720,22633.984303,0.847502,-22634.8318050311645,19184.3577538132668,0,1.4e-11
1.0034324291298449,0.0,0.0000000000000000,0.0000000000000000,0.0029278205088534,0.0000000000000000,9.2439282722395415,3.0001365739680290,23236.261387,0.833404,-23237.0947909108763,19367.1842010021210,0,7.8e-09
1.0034310560290789,0.0,0.0000000000000000,0.0000000000000000,0.0029368792360503,0.0000000000000000,9.2489282722395423,3.0001365369380628,23852.042703,0.819277,-23852.8619798806612,19543.4384408593178,0,5.9e-09
1.0034296779637655,0.0,0.0000000000000000,0.0000000000000000,0.0029459499385939,0.0000000000000000,9.2539282722395413,3.0001364997785545,24481.563121,0.805125,-24482.3682457130235,19712.7087886333466,0,1.3e-09
1.0034282950652185,0.0,0.0000000000000000,0.0000000000000000,0.0029550320015032,0.0000000000000000,9.2589282722395421,3.0001364624914886,25125.059745,0.790946,-25125.8506908071577,19874.5630452632904,0,1.1e-09
1.0034269074634830,0.0,0.0000000000000000,0.0000000000000000,0.0029641248173441,0.0000000000000000,9.2639282722395411,3.0001364250788480,25782.772828,0.776742,-25783.5495706948459,20028.5717376470566,0,4.1e-09
1.0034255152873104,0.0,0.0000000000000000,0.0000000000000000,0.0029732277863367,0.0000000000000000,9.2689282722395419,3.0001363875426130,26454.945460,0.762515,-26455.7079747864482,20174.2817457318306,0,9.5e-09
1.0034241186641344,0.0,0.0000000000000000,0.0000000000000000,0.0029823403164354,0.0000000000000000,9.2739282722395409,3.0001363498847629,27141.823876,0.748264,-27142.5721394317043,20311.2399351000786,0,4.3e-09
