x0,y0,z0,xd0,yd0,zd0,Tp,JC,stabilityIndex1,stabilityIndex2,alpha,beta,impactFlag,error
1.0021541928319451,0.0,-0.0031467692147386,0.0000000000000000,0.0034431767820866,0.0000000000000000,32.6231775898296661,3.0000910357254913,2242107.978826,-24209.945796,-2217898.0330299939960,-54281312634.8212890625000,0,1.6e-08
1.0021544325592948,0.0,-0.0031463526168967,0.0000000000000000,0.0034433784271325,0.0000000000000000,32.6221775898296684,3.0000910454807102,1920444.975843,-36815.946743,-1883629.0291012413800,-70702999950.0969238281250,0,2.3e-08
1.0021546622816322,0.0,-0.0031459811871943,0.0000000000000000,0.0034435049066206,0.0000000000000000,32.6211775898296636,3.0000910545154627,1596396.626249,-54596.758649,-1541799.8675997192040,-87158081309.6079101562500,0,4.0e-09
1.0021548854003610,0.0,-0.0031456396418243,0.0000000000000000,0.0034435816175265,0.0000000000000000,32.6201775898296660,3.0000910630736510,1273876.336366,-81462.516915,-1192413.8194518622477,-103773172595.9649658203125,0,6.5e-08
1.0021551037438106,0.0,-0.0031453197578047,0.0000000000000000,0.0034436222270225,0.0000000000000000,32.6191775898296683,3.0000910712864797,961203.073538,-125470.147201,-835732.9263371961424,-120602291124.4355468750000,0,1.2e-08
1.0021553184289118,0.0,-0.0031450165070902,0.0000000000000000,0.0034436350939537,0.0000000000000000,32.6181775898296635,3.0000910792341666,675793.366862,-203715.911207,-472077.4556551889982,-137669861515.9483032226562,0,9.1e-09
1.0021555301970675,0.0,-0.0031447265490881,0.0000000000000000,0.0034436257731175,0.0000000000000000,32.6171775898296659,3.0000910869699995,447841.614920,-346073.669219,-101767.9457004359283,-154986190902.0826110839844,0,2.2e-08
1.0021557395701022,0.0,-0.0031444475304272,0.0000000000000000,0.0034435981786215,0.0000000000000000,32.6161775898296682,3.0000910945315127,-574991.922179,300098.808267,274893.1139118311694,-172554390607.2472229003906,0,7.3e-09
1.0021559469316941,0.0,-0.0031441777191764,0.0000000000000000,0.0034435551916456,0.0000000000000000,32.6151775898296634,3.0000911019463268,-875157.412095,217530.800638,657626.6114578845445,-190373692534.5491333007812,0,6.0e-08
1.0021561525736684,0.0,-0.0031439157968150,0.0000000000000000,0.0034434990061362,0.0000000000000000,32.6141775898296657,3.0000911092354650,-1217391.923472,171219.164475,1046172.7589935633587,-208440827976.7930908203125,0,1.6e-07
1.0021563567240828,0.0,-0.0031436607319966,0.0000000000000000,0.0034434313385787,0.0000000000000000,32.6131775898296681,3.0000911164153705,-1583496.490353,143196.940014,1440299.5503386154305,-226751851940.6766357421875,0,1.6e-08
1.0021565595651489,0.0,-0.0031434116999344,0.0000000000000000,0.0034433535619968,0.0000000000000000,32.6121775898296633,3.0000911234991903,-1964644.452717,124857.960987,1839786.4917330064345,-245301500423.3137207031250,0,1.5e-07
1.0021567612451634,0.0,-0.0031431680287381,0.0000000000000000,0.0034432667951395,0.0000000000000000,32.6111775898296656,3.0000911304976334,-2356496.355963,112066.453799,2244429.9021621267311,-264084190004.8793945312500,0,7.7e-08
1.0021569618867203,0.0,-0.0031429291624512,0.0000000000000000,0.0034431719639304,0.0000000000000000,32.6101775898296680,3.0000911374195596,-2756739.007089,102691.853290,2654047.1537939049304,-283094637685.0517578125000,0,1.9e-07
1.0021571615925338,0.0,-0.0031426946348363,0.0000000000000000,0.0034430698450473,0.0000000000000000,32.6091775898296632,3.0000911442723983,-3164015.945491,95551.723098,3068464.2223886339925,-302327175512.6621093750000,0,2.1e-07
1.0021573604496670,0.0,-0.0031424640503231,0.0000000000000000,0.0034429610976025,0.0000000000000000,32.6081775898296655,3.0000911510624508,-3577462.112645,89945.344108,3487516.7685210360214,-321776060809.4472656250000,0,7.1e-07
1.0021575585326716,0.0,-0.0031422370698665,0.0000000000000000,0.0034428462866553,0.0000000000000000,32.6071775898296679,3.0000911577951190,-3996489.681029,85433.969025,3911055.7119731032290,-341435975736.7402343750000,0,1.4e-06
1.0021577559059665,0.0,-0.0031420134002421,0.0000000000000000,0.0034427259010038,0.0000000000000000,32.6061775898296631,3.0000911644750716,-4420677.469791,81730.031053,4338947.4387262174860,-361302106931.1210937500000,0,5.1e-07
1.0021579526256519,0.0,-0.0031417927858190,0.0000000000000000,0.0034426003668958,0.0000000000000000,32.6051775898296654,3.0000911711063805,-4849686.149053,78637.787663,4771048.3613892514259,-381368589621.1425781250000,0,3.2e-08
1.0021581487409466,0.0,-0.0031415750021351,0.0000000000000000,0.0034424700586776,0.0000000000000000,32.6041775898296677,3.0000911776926187,-5283255.596128,76019.528497,5207236.0676507744938,-401630599244.1289062500000,0,8.4e-07
1.0021583442952962,0.0,-0.0031413598508323,0.0000000000000000,0.0034423353072626,0.0000000000000000,32.6031775898296630,3.0000911842369455,-5721156.757260,73775.745380,5647381.0118803521618,-422082604200.0019531250000,0,2.5e-08
1.0021585393272940,0.0,-0.0031411471555793,0.0000000000000000,0.0034421964068576,0.0000000000000000,32.6021775898296653,3.0000911907421668,-6163215.709418,71832.735458,6091382.9739635456353,-442720643604.5625000000000,0,1.4e-07
1.0021587338713878,0.0,-0.0031409367588032,0.0000000000000000,0.0034420536204542,0.0000000000000000,32.6011775898296676,3.0000911972107898,-6609262.905320,70134.859325,6539128.0459933215752,-463539724116.7070312500000,0,9.1e-08
1.0021589279584828,0.0,-0.0031407285189961,0.0000000000000000,0.0034419071842865,0.0000000000000000,32.6001775898296628,3.0000912036450673,-7059140.999604,68639.330237,6990501.6692586671561,-484534711015.3359375000000,0,4.7e-06
1.0021591216164316,0.0,-0.0031405223085449,0.0000000000000000,0.0034417573114251,0.0000000000000000,32.5991775898296652,3.0000912100470289,-7512760.350456,67312.623329,7445447.7271171202883,-505703607702.7617187500000,0,4.4e-07
1.0021593148704289,0.0,-0.0031403180118345,0.0000000000000000,0.0034416041949857,0.0000000000000000,32.5981775898296675,3.0000912164185145,-7969961.005449,66128.300354,7903832.7050962308422,-527039975163.9101562500000,0,7.3e-08
1.0021595077433636,0.0,-0.0031401155237738,0.0000000000000000,0.0034414480105237,0.0000000000000000,32.5971775898296627,3.0000912227611956,-8430638.687423,65065.075080,8365573.6123182531446,-548540139372.9531250000000,0,1.1e-06
1.0021597002560927,0.0,-0.0031399147484893,0.0000000000000000,0.0034412889182472,0.0000000000000000,32.5961775898296651,3.0000912290765966,-8894701.903565,64105.662293,8830596.2412741258740,-570200756406.9140625000000,0,1.1e-07
1.0021598924276911,0.0,-0.0031397155982170,0.0000000000000000,0.0034411270648438,0.0000000000000000,32.5951775898296674,3.0000912353661127,-9362038.276008,63235.933627,9298802.3423294499516,-592017231514.6953125000000,0,2.2e-06
1.0021600842756517,0.0,-0.0031395179923927,0.0000000000000000,0.0034409625849988,0.0000000000000000,32.5941775898296626,3.0000912416310248,-9832577.690890,62444.135866,9770133.5550355296582,-613986817124.0156250000000,0,5.3e-07
1.0021602758160630,0.0,-0.0031393218568348,0.0000000000000000,0.0034407956027668,0.0000000000000000,32.5931775898296650,3.0000912478725126,-10306213.898375,61720.532143,10244493.3662286661565,-636105006215.1015625000000,0,1.1e-07
1.0021604670637636,0.0,-0.0031391271230681,0.0000000000000000,0.0034406262326792,0.0000000000000000,32.5921775898296673,3.0000912540916640,-10782874.060032,61056.883516,10721817.1765176132321,-658368685435.7500000000000,0,5.6e-08
1.0021606580324713,0.0,-0.0031389337277206,0.0000000000000000,0.0034404545807593,0.0000000000000000,32.5911775898296696,3.0000912602894854,-11262477.597181,60446.237713,11202031.3594332821667,-680774398460.1093750000000,0,1.4e-06
1.0021608487348939,0.0,-0.0031387416120191,0.0000000000000000,0.0034402807453712,0.0000000000000000,32.5901775898296648,3.0000912664669115,-11744952.311482,59882.642456,11685069.6690278965980,-703318779907.5781250000000,0,7.3e-08
1.0021610391828384,0.0,-0.0031385507213115,0.0000000000000000,0.0034401048179900,0.0000000000000000,32.5891775898296672,3.0000912726248106,-12230224.182961,59361.026299,12170863.1566591113806,-725998659399.7343750000000,0,1.2e-07
1.0021612293872892,0.0,-0.0031383610046963,0.0000000000000000,0.0034399268838430,0.0000000000000000,32.5881775898296695,3.0000912787639908,-12718224.993914,58876.992997,12659348.0009161792696,-748810843914.4843750000000,0,6.5e-08
1.0021614193584896,0.0,-0.0031381724146597,0.0000000000000000,0.0034397470225040,0.0000000000000000,32.5871775898296647,3.0000912848852059,-13208887.764209,58426.734271,13150461.0299629662186,-771752175079.6562500000000,0,1.0e-06
1.0021616091060064,0.0,-0.0031379849067709,0.0000000000000000,0.0034395653084049,0.0000000000000000,32.5861775898296671,3.0000912909891633,-13702150.457086,58006.950845,13644143.5062388367951,-794819968067.0000000000000,0,1.0e-07
1.0021617986387943,0.0,-0.0031377984394083,0.0000000000000000,0.0034393818112846,0.0000000000000000,32.5851775898296694,3.0000912970765214,-14197950.049573,57614.730950,14140335.3186054434627,-818011072386.5468750000000,0,7.1e-07
1.0021619879652464,0.0,-0.0031376129735184,0.0000000000000000,0.0034391965965989,0.0000000000000000,32.5841775898296646,3.0000913031479013,-14696223.974347,57247.522792,14638976.4515573587269,-841322416887.6250000000000,0,1.2e-07
1.0021621770932421,0.0,-0.0031374284723956,0.0000000000000000,0.0034390097258833,0.0000000000000000,32.5831775898296669,3.0000913092038854,-15196920.431153,56903.093085,15140017.3380476571620,-864751778200.2343750000000,0,8.1e-07
1.0021623660301886,0.0,-0.0031372449014955,0.0000000000000000,0.0034388212570678,0.0000000000000000,32.5821775898296693,3.0000913152450219,-15699974.783041,56579.433665,15643395.3493839018047,-888295681644.2656250000000,0,3.5e-07
1.0021625547830628,0.0,-0.0031370622282522,0.0000000000000000,0.0034386312447746,0.0000000000000000,32.5811775898296645,3.0000913212718276,-16205340.057044,56274.791712,16149065.2653408236802,-911952136194.7187500000000,0,3.4e-07
1.0021627433584417,0.0,-0.0031368804219301,0.0000000000000000,0.0034384397405720,0.0000000000000000,32.5801775898296668,3.0000913272847893,-16712962.161959,55987.587172,16656974.5747864115983,-935718425962.8281250000000,0,5.4e-08
1.0021629317625349,0.0,-0.0031366994534809,0.0000000000000000,0.0034382467932091,0.0000000000000000,32.5791775898296692,3.0000913332843679,-17222783.253124,55716.402907,17167066.8502333648503,-959591530628.7187500000000,0,6.8e-07
1.0021631200012118,0.0,-0.0031365192954148,0.0000000000000000,0.0034380524488334,0.0000000000000000,32.5781775898296644,3.0000913392710005,-17734761.942908,55459.985377,17679301.9575393311679,-983569637861.0000000000000,0,3.7e-07
1.0021633080800276,0.0,-0.0031363399216876,0.0000000000000000,0.0034378567511752,0.0000000000000000,32.5771775898296667,3.0000913452450972,-18248847.570449,55217.193789,18193630.3766530193388,-1007650152848.9062500000000,0,2.9e-07
1.0021634960042469,0.0,-0.0031361613075960,0.0000000000000000,0.0034376597417226,0.0000000000000000,32.5761775898296690,3.0000913512070522,-18764985.978210,54986.995969,18709998.9822390973568,-1031830208377.1250000000000,0,8.4e-08
1.0021636837788590,0.0,-0.0031359834296860,0.0000000000000000,0.0034374614598875,0.0000000000000000,32.5751775898296643,3.0000913571572365,-19283139.485846,54768.475733,19228371.0100919976830,-1056108157383.7812500000000,0,8.6e-07
1.0021638714086083,0.0,-0.0031358062656544,0.0000000000000000,0.0034372619431374,0.0000000000000000,32.5741775898296666,3.0000913630960033,-19803247.963939,54560.773594,19748687.1903536394238,-1080480528414.5625000000000,0,3.7e-07
1.0021640588979983,0.0,-0.0031356297942936,0.0000000000000000,0.0034370612271250,0.0000000000000000,32.5731775898296689,3.0000913690236883,-20325207.130326,54363.085072,20270844.0455240122974,-1104940958855.6562500000000,0,1.1e-05
1.0021642462513152,0.0,-0.0031354539953822,0.0000000000000000,0.0034368593458570,0.0000000000000000,32.5721775898296642,3.0000913749406122,-20849201.722057,54174.898043,20795026.8240040391684,-1129503377764.1562500000000,0,3.8e-07
1.0021644334726421,0.0,-0.0031352788496683,0.0000000000000000,0.0034366563317024,0.0000000000000000,32.5711775898296665,3.0000913808470799,-21374944.229955,53995.380045,21320948.8499174863100,-1154148236987.2500000000000,0,2.8e-07
1.0021646205658692,0.0,-0.0031351043387658,0.0000000000000000,0.0034364522155953,0.0000000000000000,32.5701775898296688,3.0000913867433825,-21902486.444963,53824.026898,21848662.4180686436594,-1178880019464.3750000000000,0,1.3e-07
1.0021648075347080,0.0,-0.0031349304451192,0.0000000000000000,0.0034362470270779,0.0000000000000000,32.5691775898296640,3.0000913926297974,-22431780.636444,53660.302352,22378120.3340951353312,-1203696131181.9687500000000,0,1.2e-07
1.0021649943827022,0.0,-0.0031347571519487,0.0000000000000000,0.0034360407943926,0.0000000000000000,32.5681775898296664,3.0000913985065902,-22962785.337292,53503.719072,22909281.6182293370366,-1228594415583.1875000000000,0,3.8e-07
1.0021651811132382,0.0,-0.0031345844432031,0.0000000000000000,0.0034358335445646,0.0000000000000000,32.5671775898296687,3.0000914043740159,-23495471.209901,53353.837134,23442117.3727630637586,-1253573544411.0000000000000,0,1.5e-07
1.0021653677295528,0.0,-0.0031344123035157,0.0000000000000000,0.0034356253034742,0.0000000000000000,32.5661775898296639,3.0000914102323173,-24029790.594864,53210.237000,23976580.3578557856381,-1278630852814.7500000000000,0,3.7e-07
1.0021655542347447,0.0,-0.0031342407181647,0.0000000000000000,0.0034354160959213,0.0000000000000000,32.5651775898296663,3.0000914160817262,-24565697.233532,53072.534454,24512624.6990893259645,-1303763812541.1875000000000,0,4.5e-07
1.0021657406317810,0.0,-0.0031340696730370,0.0000000000000000,0.0034352059456896,0.0000000000000000,32.5641775898296686,3.0000914219224675,-25103205.706672,52940.413776,25050265.2928339131176,-1328974098775.3750000000000,0,2.5e-06
1.0021659269235061,0.0,-0.0031338991545860,0.0000000000000000,0.0034349948756080,0.0000000000000000,32.5631775898296638,3.0000914277547541,-25642196.920869,52813.491191,25589383.4296463578939,-1354253942003.6250000000000,0,1.3e-06
1.0021661131126454,0.0,-0.0031337291498144,0.0000000000000000,0.0034347829075942,0.0000000000000000,32.5621775898296661,3.0000914335787909,-26182668.340329,52691.494515,26129976.8458263389766,-1379603924909.0625000000000,0,5.3e-07
1.0021662992018163,0.0,-0.0031335596462315,0.0000000000000000,0.0034345700627129,0.0000000000000000,32.5611775898296685,3.0000914393947777,-26724623.520089,52574.166354,26672049.3537360765040,-1405024802675.1250000000000,0,1.0e-08
1.0021664851935308,0.0,-0.0031333906318298,0.0000000000000000,0.0034343563612208,0.0000000000000000,32.5601775898296637,3.0000914452029028,-27267983.893583,52461.222830,27215522.6707701906562,-1430511778702.7500000000000,0,6.6e-07
1.0021666710902031,0.0,-0.0031332220950588,0.0000000000000000,0.0034341418226087,0.0000000000000000,32.5591775898296660,3.0000914510033478,-27812761.559507,52352.446456,27760409.1130329519510,-1456066110842.4375000000000,0,7.3e-07
1.0021668568941535,0.0,-0.0031330540248029,0.0000000000000000,0.0034339264656382,0.0000000000000000,32.5581775898296684,3.0000914567962904,-28358865.147265,52247.584733,28306617.5625273175538,-1481682209837.5000000000000,0,1.5e-07
1.0021670426076146,0.0,-0.0031328864103561,0.0000000000000000,0.0034337103083869,0.0000000000000000,32.5571775898296636,3.0000914625818980,-28906294.175350,52146.444644,28854147.7307114042342,-1507360468929.2500000000000,0,2.0e-07
1.0021672282327341,0.0,-0.0031327192414023,0.0000000000000000,0.0034334933682776,0.0000000000000000,32.5561775898296659,3.0000914683603344,-29455032.481590,52048.838960,29402983.6426150873303,-1533100242644.4375000000000,0,6.1e-07
1.0021674137715810,0.0,-0.0031325525079970,0.0000000000000000,0.0034332756621102,0.0000000000000000,32.5551775898296682,3.0000914741317564,-30005011.435585,51954.568920,29953056.8666563183069,-1558897434822.5625000000000,0,3.1e-07
1.0021675992261598,0.0,-0.0031323862005328,0.0000000000000000,0.0034330572060879,0.0000000000000000,32.5541775898296635,3.0000914798963159,-30556036.650668,51863.382594,30504173.2683478631079,-1584739411026.0000000000000,0,1.1e-05
1.0021677845983510,0.0,-0.0031322203097936,0.0000000000000000,0.0034328380159050,0.0000000000000000,32.5531775898296658,3.0000914856541572,-31108570.854729,51775.363453,31056795.4913615584373,-1610657559840.6875000000000,0,3.4e-06
1.0021679698900592,0.0,-0.0031320548267899,0.0000000000000000,0.0034326181066185,0.0000000000000000,32.5521775898296681,3.0000914914054233,-31662334.351783,51690.235824,31610644.1157844029367,-1636633534892.3750000000000,0,6.9e-06
1.0021681551030479,0.0,-0.0031318897429051,0.0000000000000000,0.0034323974928664,0.0000000000000000,32.5511775898296634,3.0000914971502501,-32216924.226965,51607.691660,32165316.5353020094335,-1662641091817.5625000000000,0,7.6e-08
1.0021683402390449,0.0,-0.0031317250497926,0.0000000000000000,0.0034321761887661,0.0000000000000000,32.5501775898296657,3.0000915028887687,-32772476.802368,51527.685228,32720949.1174837350845,-1688689857555.8125000000000,0,1.4e-05
1.0021685252997132,0.0,-0.0031315607393752,0.0000000000000000,0.0034319542080024,0.0000000000000000,32.5491775898296680,3.0000915086211077,-33329652.140312,51450.373575,33278201.7667411603034,-1714823053605.0625000000000,0,1.4e-07
1.0021687378848660,0.0,-0.0031313723724741,0.0000000000000000,0.0034316982838935,0.0000000000000000,32.5480283662783023,3.0000915152013725,-33970950.700503,51364.295254,33919586.4052646160126,-1744893941318.6250000000000,0,6.1e-07
1.0021689521708381,0.0,-0.0031311829030772,0.0000000000000000,0.0034314393286921,0.0000000000000000,32.5468694280681490,3.0000915218293431,-34619060.087185,51280.481323,34567779.6058601140976,-1775282064279.8750000000000,0,7.7e-08
1.0021691681787042,0.0,-0.0031309923134629,0.0000000000000000,0.0034311773141787,0.0000000000000000,32.5457006608046910,3.0000915285056529,-35273993.566478,51198.822931,35222794.7435484305024,-1805986950637.0000000000000,0,5.7e-08
1.0021693859295262,0.0,-0.0031308005860345,0.0000000000000000,0.0034309122118625,0.0000000000000000,32.5445219499388969,3.0000915352309332,-35935818.106915,51119.235786,35884698.8711407780647,-1837011558542.3750000000000,0,4.7e-07
1.0021696054444660,0.0,-0.0031306077032178,0.0000000000000000,0.0034306439928498,0.0000000000000000,32.5433331802279113,3.0000915420058192,-36604599.383370,51041.640385,36553557.7430015429854,-1868358797541.6250000000000,0,6.6e-07
1.0021698267447903,0.0,-0.0031304136474530,0.0000000000000000,0.0034303726278461,0.0000000000000000,32.5421342357110532,3.0000915488309459,-37280437.942308,50965.973336,37229471.9689404517412,-1900033807279.2500000000000,0,1.2e-06
1.0021700498518757,0.0,-0.0031302184011875,0.0000000000000000,0.0034300980871561,0.0000000000000000,32.5409249996864389,3.0000915557069505,-37963260.574093,50892.111897,37912368.4621958881617,-1932030505109.0000000000000,0,3.6e-10
1.0021702747872296,0.0,-0.0031300219468554,0.0000000000000000,0.0034298203406661,0.0000000000000000,32.5397053546888699,3.0000915626344740,-38653231.018823,50820.022415,38602410.9964054301381,-1964358066898.8750000000000,0,1.1e-07
1.0021705015724309,0.0,-0.0031298242669259,0.0000000000000000,0.0034295393579187,0.0000000000000000,32.5384751824646443,3.0000915696141561,-39350333.319410,50749.610577,39299583.7088621929288,-1997014090908.1250000000000,0,1.1e-06
1.0021707302292326,0.0,-0.0031296253438109,0.0000000000000000,0.0034292551079974,0.0000000000000000,32.5372343639537576,3.0000915766466441,-40054683.773121,50680.831731,40004002.9414229989052,-2030004687017.8750000000000,0,1.3e-06
1.0021709607794995,0.0,-0.0031294251599187,0.0000000000000000,0.0034289675596051,0.0000000000000000,32.5359827792658010,3.0000915837325843,-40766364.311343,50613.630434,40715750.6808959543705,-2063333697914.1250000000000,0,5.0e-07
1.0021711932452291,0.0,-0.0031292236976314,0.0000000000000000,0.0034286766810418,0.0000000000000000,32.5347203076595548,3.0000915908726276,-41485284.408113,50547.898887,41434736.5092437192798,-2096993960820.8750000000000,0,7.0e-07
1.0021714276485574,0.0,-0.0031290209392991,0.0000000000000000,0.0034283824402077,0.0000000000000000,32.5334468275222477,3.0000915980674270,-42211608.947939,50483.614955,42161125.3330095112324,-2130994611688.3750000000000,0,9.6e-07
1.0021716640117613,0.0,-0.0031288168672355,0.0000000000000000,0.0034280848045984,0.0000000000000000,32.5321622163491924,3.0000916053176390,-42945409.352970,50420.728657,42894988.6243039220572,-2165338832416.8750000000000,0,3.4e-07
1.0021719023572644,0.0,-0.0031286114637103,0.0000000000000000,0.0034277837413065,0.0000000000000000,32.5308663507237412,3.0000916126239243,-43686623.939958,50359.150413,43636264.7895570993423,-2200021265514.8750000000000,0,4.6e-07
1.0021721427076400,0.0,-0.0031284047109459,0.0000000000000000,0.0034274792170190,0.0000000000000000,32.5295591062974907,3.0000916199869465,-44435422.679491,50298.865221,44385123.8142585232854,-2235051336888.8750000000000,0,4.8e-07
1.0021723850856150,0.0,-0.0031281965911107,0.0000000000000000,0.0034271711980163,0.0000000000000000,32.5282403577707697,3.0000916274073712,-45191750.991625,50239.791870,45141511.1997565701604,-2270424163988.3750000000000,0,6.7e-08
1.0021726295140754,0.0,-0.0031279870863146,0.0000000000000000,0.0034268596501717,0.0000000000000000,32.5269099788733769,3.0000916348858704,-45955721.996578,50181.901051,45905540.0955301523209,-2306145493782.5000000000000,0,1.3e-07
1.0021728760160675,0.0,-0.0031277761786039,0.0000000000000000,0.0034265445389492,0.0000000000000000,32.5255678423455237,3.0000916424231190,-46727333.844194,50125.132664,46677208.7115586474538,-2342213806632.7500000000000,0,1.1e-06
1.0021731246148040,0.0,-0.0031275638499569,0.0000000000000000,0.0034262258294014,0.0000000000000000,32.5242138199189554,3.0000916500197943,-47506704.574737,50069.461644,47456635.1131205409765,-2378635121215.5000000000000,0,1.1e-06
1.0021733753336670,0.0,-0.0031273500822788,0.0000000000000000,0.0034259034861675,0.0000000000000000,32.5228477822983066,3.0000916576765806,-48293842.774322,50014.834520,48243827.9398283958435,-2415408553409.2500000000000,0,1.0e-06
1.0021736281962110,0.0,-0.0031271348573970,0.0000000000000000,0.0034255774734750,0.0000000000000000,32.5214695991425913,3.0000916653941641,-49088901.121757,49961.237736,49038939.8839764222503,-2452542261317.2500000000000,0,1.7e-06
1.0021738832261819,0.0,-0.0031269181570446,0.0000000000000000,0.0034252477551122,0.0000000000000000,32.5200791390473896,3.0000916731732374,-49891687.188450,49908.568298,49841778.6201249361038,-2490022678891.5000000000000,0,1.1e-06
1.0021741404474609,0.0,-0.0031266999629070,0.0000000000000000,0.0034249142945097,0.0000000000000000,32.5186762695244482,3.0000916810144949,-50702369.301628,49856.821134,50652512.4804862886667,-2527858957721.5000000000000,0,2.8e-07
1.0021743998841590,0.0,-0.0031264802565382,0.0000000000000000,0.0034245770546175,0.0000000000000000,32.5172608569867165,3.0000916889186389,-51521056.754432,49805.975196,51471250.7792117521167,-2566056476024.5000000000000,0,9.5e-07
1.0021746615605591,0.0,-0.0031262590194116,0.0000000000000000,0.0034242359979813,0.0000000000000000,32.5158327667283302,3.0000916968863733,-52347676.569656,49755.965274,52297920.6043739616871,-2604609177987.0000000000000,0,2.9e-07
1.0021749255011341,0.0,-0.0031260362329019,0.0000000000000000,0.0034238910867232,0.0000000000000000,32.5143918629072175,3.0000917049184097,-53182320.053019,49706.769408,53132613.2836227267981,-2643521318812.2500000000000,0,4.6e-07
1.0021751917305515,0.0,-0.0031258118782796,0.0000000000000000,0.0034235422825375,0.0000000000000000,32.5129380085272146,3.0000917130154625,-54025081.004407,49658.366814,53975422.6375950351357,-2682797289572.0000000000000,0,7.5e-08
1.0021754602736761,0.0,-0.0031255859367087,0.0000000000000000,0.0034231895466878,0.0000000000000000,32.5114710654203449,3.0000917211782530,-54875986.925334,49610.720537,54826376.2047687992454,-2722437253116.0000000000000,0,1.1e-06
1.0021757311555743,0.0,-0.0031253583892419,0.0000000000000000,0.0034228328400047,0.0000000000000000,32.5099908942290909,3.0000917294075045,-55734925.967827,49563.764491,55685362.2033406123519,-2762432744315.7500000000000,0,1.7e-07
1.0021760044015158,0.0,-0.0031251292168169,0.0000000000000000,0.0034224721228854,0.0000000000000000,32.5084973543887514,3.0000917377039502,-56602162.789565,49517.520151,56552645.2693870216608,-2802798738029.0000000000000,0,1.0e-06
1.0021762800369789,0.0,-0.0031248984002528,0.0000000000000000,0.0034221073552858,0.0000000000000000,32.5069903041098129,3.0000917460683256,-57477539.826805,49471.913990,57428067.9128004014492,-2843523907572.0000000000000,0,6.3e-07
1.0021765580876527,0.0,-0.0031246659202458,0.0000000000000000,0.0034217384967231,0.0000000000000000,32.5054696003603496,3.0000917545013723,-58361070.361977,49426.912555,58311643.4494666755199,-2884607518846.2500000000000,0,1.7e-06
1.0021768385794403,0.0,-0.0031244317573655,0.0000000000000000,0.0034213655062716,0.0000000000000000,32.5039350988484657,3.0000917630038377,-59253074.703111,49382.550079,59203692.1530385613441,-2926067928460.7500000000000,0,2.3e-07
1.0021771215384629,0.0,-0.0031241958920520,0.0000000000000000,0.0034209883425565,0.0000000000000000,32.5023866540047024,3.0000917715764750,-60153278.098901,49338.732732,60103939.3661968111992,-2967886509445.5000000000000,0,1.0e-06
1.0021774069910625,0.0,-0.0031239583046111,0.0000000000000000,0.0034206069637548,0.0000000000000000,32.5008241189645020,3.0000917802200435,-61062037.753402,49295.502495,61012742.2508497685194,-3010083837897.7500000000000,0,2.2e-06
1.0021776949638053,0.0,-0.0031237189752121,0.0000000000000000,0.0034202213275898,0.0000000000000000,32.4992473455506143,3.0000917889353071,-61978941.781870,49252.741262,61929689.0405792295933,-3052632785052.2500000000000,0,1.1e-06
1.0021779854834851,0.0,-0.0031234778838822,0.0000000000000000,0.0034198313913308,0.0000000000000000,32.4976561842555114,3.0000917977230386,-62904254.636667,49210.473076,62855044.1635853350163,-3095548129501.0000000000000,0,2.0e-07
1.0021782785771423,0.0,-0.0031232350104912,0.0000000000000000,0.0034194371117645,0.0000000000000000,32.4960504842243196,3.0000918065840136,-63838031.973927,49168.679325,63788863.2945992648602,-3138831723045.0000000000000,0,7.0e-08
1.0021785742720015,0.0,-0.0031229903348027,0.0000000000000000,0.0034190384452843,0.0000000000000000,32.4944300932351595,3.0000918155190166,-64780297.734157,49127.334964,64731170.3991760164499,-3182483386948.0000000000000,0,6.5e-07
1.0021788725955765,0.0,-0.0031227438363853,0.0000000000000000,0.0034186353477468,0.0000000000000000,32.4927948576843164,3.0000918245288366,-65730801.751748,49086.363817,65681715.3880006745458,-3226486044194.0000000000000,0,2.7e-06
1.0021791735756032,0.0,-0.0031224954946669,0.0000000000000000,0.0034182277745660,0.0000000000000000,32.4911446225667575,3.0000918336142699,-66690089.237215,49045.843678,66641043.3935617879033,-3270871689939.5000000000000,0,9.7e-07
1.0021794772400618,0.0,-0.0031222452889174,0.0000000000000000,0.0034178156806818,0.0000000000000000,32.4894792314587733,3.0000918427761194,-67657832.872885,49005.684829,67608827.1880607753992,-3315618433696.0000000000000,0,1.5e-07
1.0021797836171795,0.0,-0.0031219931982441,0.0000000000000000,0.0034173990205592,0.0000000000000000,32.4877985265001641,3.0000918520151951,-68634129.398395,48965.880005,68585163.5183604806662,-3360730546394.5000000000000,0,1.1e-06
1.0021800927354336,0.0,-0.0031217392015889,0.0000000000000000,0.0034169777481832,0.0000000000000000,32.4861023483763631,3.0000918613323133,-69618817.334216,48926.375459,69569890.9587536156178,-3406196396168.0000000000000,0,1.5e-07
1.0021804046235547,0.0,-0.0031214832777245,0.0000000000000000,0.0034165518170586,0.0000000000000000,32.4843905363004950,3.0000918707282960,-70612143.669053,48887.192234,70563256.4768043607473,-3452029442673.5000000000000,0,5.9e-07
1.0021807193105308,0.0,-0.0031212254052510,0.0000000000000000,0.0034161211802017,0.0000000000000000,32.4826629279953494,3.0000918802039744,-71614081.822575,48848.302249,71565233.5202773064375,-3498226317653.0000000000000,0,1.8e-06
1.0021810368256092,0.0,-0.0031209655625924,0.0000000000000000,0.0034156857901392,0.0000000000000000,32.4809193596752834,3.0000918897601849,-72624455.527890,48809.652332,72575645.8755267709494,-3544774427351.0000000000000,0,1.2e-06
1.0021813571983011,0.0,-0.0031207037279932,0.0000000000000000,0.0034152455989050,0.0000000000000000,32.4791596660280746,3.0000918993977725,-73643442.999025,48771.252594,73594671.7463996261358,-3591682962720.5000000000000,0,1.2e-06
1.0021816804583841,0.0,-0.0031204398795151,0.0000000000000000,0.0034148005580353,0.0000000000000000,32.4773836801966382,3.0000919091175886,-74670976.344129,48733.070552,74622243.2735534310341,-3638945960130.0000000000000,0,8.9e-07
1.0021820066359055,0.0,-0.0031201739950329,0.0000000000000000,0.0034143506185662,0.0000000000000000,32.4755912337606958,3.0000919189204915,-75706981.835843,48695.073717,75658286.7621469050646,-3686557059854.0000000000000,0,7.8e-07
1.0021823357611859,0.0,-0.0031199060522318,0.0000000000000000,0.0034138957310276,0.0000000000000000,32.4737821567182934,3.0000919288073495,-76751726.225247,48657.287413,76703068.9378343671560,-3734530802290.5000000000000,0,4.9e-08
1.0021826678648222,0.0,-0.0031196360286035,0.0000000000000000,0.0034134358454414,0.0000000000000000,32.4719562774672994,3.0000919387790352,-77804877.435905,48619.638167,77756257.7977741062641,-3782844985719.5000000000000,0,1.4e-06
1.0021830029776917,0.0,-0.0031193639014426,0.0000000000000000,0.0034129709113175,0.0000000000000000,32.4701134227867314,3.0000919488364302,-78866746.871589,48582.158163,78818164.7134396433830,-3831516769186.5000000000000,0,5.9e-07
1.0021833411309535,0.0,-0.0031190896478435,0.0000000000000000,0.0034125008776486,0.0000000000000000,32.4682534178179836,3.0000919589804247,-79937124.018460,48544.795971,79888579.2224952280521,-3880531375540.5000000000000,0,2.6e-07
1.0021836823560697,0.0,-0.0031188132446844,0.0000000000000000,0.0034120256928864,0.0000000000000000,32.4663760860463881,3.0000919692119159,-81015941.536514,48507.525237,80967434.0113048702478,-3929882826443.0000000000000,0,1.0e-06
1.0021840266847437,0.0,-0.0031185346686741,0.0000000000000000,0.0034115453050238,0.0000000000000000,32.4644812492806594,3.0000919795318093,-82103388.019124,48470.358388,82054917.6607469022274,-3979580641331.0000000000000,0,3.6e-07
1.0021843741490222,0.0,-0.0031182538962702,0.0000000000000000,0.0034110596614565,0.0000000000000000,32.4625687276359329,3.0000919899410188,-83199150.370819,48433.232466,83150717.1384017169476,-4029603786850.0000000000000,0,1.9e-06
1.0021847247812308,0.0,-0.0031179709037301,0.0000000000000000,0.0034105687090722,0.0000000000000000,32.4606383395132383,3.0000920004404645,-84303797.316733,48396.216505,84255401.1001833230257,-4079984830875.5000000000000,0,1.7e-06
1.0021850786139954,0.0,-0.0031176856670927,0.0000000000000000,0.0034100723942207,0.0000000000000000,32.4586899015803922,3.0000920110310774,-85416393.825835,48359.158791,85368034.6670629084110,-4130664950722.5000000000000,0,7.4e-07
1.0021854356802444,0.0,-0.0031173981621752,0.0000000000000000,0.0034095706627127,0.0000000000000000,32.4567232287525371,3.0000920217137965,-86537608.946780,48322.143432,86489286.8033664822578,-4181682750243.0000000000000,0,6.8e-07
1.0021857960132132,0.0,-0.0031171083645690,0.0000000000000000,0.0034090634598141,0.0000000000000000,32.4547381341724659,3.0000920324895683,-87667197.461732,48285.120282,87618912.3414696305990,-4233021172551.5000000000000,0,7.1e-07
1.0021861596464476,0.0,-0.0031168162496371,0.0000000000000000,0.0034085507302399,0.0000000000000000,32.4527344291908619,3.0000920433593472,-88805150.510387,48248.076113,88756902.4342857301235,-4284677660013.0000000000000,0,5.1e-07
1.0021865266138241,0.0,-0.0031165217924955,0.0000000000000000,0.0034080324181297,0.0000000000000000,32.4507119233468089,3.0000920543240999,-89951613.736564,48211.017221,89903402.7192920446396,-4336658803463.0000000000000,0,2.0e-06
1.0021868969494772,0.0,-0.0031162249680710,0.0000000000000000,0.0034075084671467,0.0000000000000000,32.4486704243459911,3.0000920653847971,-91105743.583578,48173.817737,91057569.7658935338259,-4388911481375.0000000000000,0,2.0e-06
1.0021872706879289,0.0,-0.0031159257509961,0.0000000000000000,0.0034069788202992,0.0000000000000000,32.4466097380430085,3.0000920765424213,-92268611.647646,48136.610112,92220475.0375411659479,-4441498183724.5000000000000,0,3.2e-07
1.0021876478640004,0.0,-0.0031156241156801,0.0000000000000000,0.0034064434200650,0.0000000000000000,32.4445296684194133,3.0000920877979635,-93439436.449723,48099.279224,93391337.1705185323954,-4494369542470.0000000000000,0,7.6e-07
1.0021880285128399,0.0,-0.0031153200362843,0.0000000000000000,0.0034059022083497,0.0000000000000000,32.4424300175635025,3.0000920991524245,-94618281.562829,48061.822461,94570219.7404224574566,-4547527044929.5000000000000,0,2.0e-06
1.0021884126699268,0.0,-0.0031150134867181,0.0000000000000000,0.0034053551264878,0.0000000000000000,32.4403105856496836,3.0000921106068139,-95805426.205890,48024.264826,95757401.9410818815231,-4600985158172.0000000000000,0,6.8e-07
1.0021888003710953,0.0,-0.0031147044406202,0.0000000000000000,0.0034048021152021,0.0000000000000000,32.4381711709180323,3.0000921221621497,-97000191.524296,47986.510686,96952205.0136880427599,-4654700719632.0000000000000,0,2.9e-06
1.0021891916524623,0.0,-0.0031143928714134,0.0000000000000000,0.0034042431147126,0.0000000000000000,32.4360115696517255,3.0000921338194613,-98203268.748785,47948.636930,98155320.1118849664927,-4708712875591.0000000000000,0,1.1e-06
1.0021895865505379,0.0,-0.0031140787522169,0.0000000000000000,0.0034036780645794,0.0000000000000000,32.4338315761577505,3.0000921455797842,-99414056.613022,47910.558638,99366146.0544001758099,-4762982987156.0000000000000,0,6.3e-07
1.0021899851021616,0.0,-0.0031137620558947,0.0000000000000000,0.0034031069037902,0.0000000000000000,32.4316309827445366,3.0000921574441684,-100632615.050619,47872.275033,100584742.7755864113569,-4817512224948.0000000000000,0,1.3e-08
1.0021903873445226,0.0,-0.0031134427550393,0.0000000000000000,0.0034025295707380,0.0000000000000000,32.4294095797005895,3.0000921694136697,-101858764.183155,47833.755005,101810930.4281560927629,-4872287170515.0000000000000,0,2.0e-07
1.0021907933151630,0.0,-0.0031131208219682,0.0000000000000000,0.0034019460032119,0.0000000000000000,32.4271671552727412,3.0000921814893564,-103092515.946535,47794.992607,103044720.9539349377155,-4927306036822.0000000000000,0,2.3e-07
1.0021912030519813,0.0,-0.0031127962287187,0.0000000000000000,0.0034013561383967,0.0000000000000000,32.4249034956442870,3.0000921936723044,-104334097.679557,47756.004957,104286341.6745263636112,-4982579693610.0000000000000,0,2.8e-06
1.0021916165932359,0.0,-0.0031124689470450,0.0000000000000000,0.0034007599128656,0.0000000000000000,32.4226183849128375,3.0000922059636022,-105582532.075632,47716.671881,105534815.4037285596132,-5038047041792.0000000000000,0,8.4e-07
1.0021920339775501,0.0,-0.0031121389484131,0.0000000000000000,0.0034001572625773,0.0000000000000000,32.4203116050680364,3.0000922183643484,-106838286.024185,47677.039808,106790608.9843962490559,-5093733213667.0000000000000,0,7.9e-07
1.0021924552439141,0.0,-0.0031118062039970,0.0000000000000000,0.0033995481228707,0.0000000000000000,32.4179829359690999,3.0000922308756488,-108101487.018936,47637.115831,108053849.9031078368425,-5149643058275.0000000000000,0,1.2e-07
1.0021928804316904,0.0,-0.0031114706846741,0.0000000000000000,0.0033989324284603,0.0000000000000000,32.4156321553221147,3.0000922434986230,-109371811.101697,47596.855436,109324214.2462356388569,-5205754284590.0000000000000,0,9.6e-07
1.0021933095806161,0.0,-0.0031111323610215,0.0000000000000000,0.0033983101134324,0.0000000000000000,32.4132590386571522,3.0000922562344008,-110649083.710509,47556.232513,110601527.4779420942068,-5262053558211.0000000000000,0,2.0e-06
1.0021937427308081,0.0,-0.0031107912033106,0.0000000000000000,0.0033976811112384,0.0000000000000000,32.4108633593052105,3.0000922690841216,-111932647.577506,47515.170460,111885132.4070847183466,-5318498825383.0000000000000,0,1.4e-06
1.0021941799227663,0.0,-0.0031104471815034,0.0000000000000000,0.0033970453546941,0.0000000000000000,32.4084448883748948,3.0000922820489357,-113223505.196633,47473.769550,113176031.4270803779364,-5375146593692.0000000000000,0,1.4e-07
1.0021946211973776,0.0,-0.0031101002652479,0.0000000000000000,0.0033964027759695,0.0000000000000000,32.4060033947289270,3.0000922951300053,-114520737.344561,47431.925564,114473305.4189936667681,-5431939089661.0000000000000,0,1.8e-07
1.0021950665959198,0.0,-0.0031097504238735,0.0000000000000000,0.0033957533065892,0.0000000000000000,32.4035386449604559,3.0000923083285036,-115823989.127470,47389.596200,115776599.5313449203968,-5488852066284.0000000000000,0,2.9e-06
1.0021955161600655,0.0,-0.0031093976263858,0.0000000000000000,0.0033950968774268,0.0000000000000000,32.4010504033691049,3.0000923216456137,-117134229.524923,47346.874157,117086882.6507742255926,-5545939623868.0000000000000,0,2.8e-07
1.0021959699318861,0.0,-0.0031090418414634,0.0000000000000000,0.0033944334186967,0.0000000000000000,32.3985384319368350,3.0000923350825315,-118450716.193949,47303.676531,118403412.5173297822475,-5603154374035.0000000000000,0,3.3e-06
1.0021964279538560,0.0,-0.0031086830374511,0.0000000000000000,0.0033937628599539,0.0000000000000000,32.3960024903035801,3.0000923486404636,-119772172.589661,47259.870938,119724912.7187401801348,-5660417416538.0000000000000,0,5.8e-07
1.0021968902688563,0.0,-0.0031083211823572,0.0000000000000000,0.0033930851300866,0.0000000000000000,32.3934423357426695,3.0000923623206290,-121100185.935397,47215.608260,121052970.3270994722843,-5717818943863.0000000000000,0,1.4e-06
1.0021973569201792,0.0,-0.0031079562438467,0.0000000000000000,0.0033924001573127,0.0000000000000000,32.3908577231359800,3.0000923761242571,-122433714.989560,47170.779970,122386544.2095166742802,-5775293839680.0000000000000,0,2.7e-06
1.0021978279515320,0.0,-0.0031075881892385,0.0000000000000000,0.0033917078691748,0.0000000000000000,32.3882484049489179,3.0000923900525889,-123772118.113672,47125.319340,123724992.7943296879530,-5832800591729.0000000000000,0,4.2e-08
1.0021983034070410,0.0,-0.0031072169854982,0.0000000000000000,0.0033910081925357,0.0000000000000000,32.3856141312051165,3.0000924041068808,-125116462.517917,47079.321513,125069383.1963407099247,-5890398173426.0000000000000,0,2.5e-06
1.0021987833312551,0.0,-0.0031068425992345,0.0000000000000000,0.0033903010535737,0.0000000000000000,32.3829546494609133,3.0000924182883977,-126465247.466233,47032.638800,126418214.8274144381285,-5947994307235.0000000000000,0,7.1e-07
1.0021992677691522,0.0,-0.0031064649966936,0.0000000000000000,0.0033895863777772,0.0000000000000000,32.3802697047796073,3.0000924325984175,-127819218.553235,46985.335121,127772233.2180755585432,-6005628823526.0000000000000,0,1.4e-06
1.0021997567661403,0.0,-0.0031060841437543,0.0000000000000000,0.0033888640899416,0.0000000000000000,32.3775590397054387,3.0000924470382313,-129177334.079985,46937.308997,129130396.7710139453411,-6063236441667.0000000000000,0,1.1e-06
1.0022002503680638,0.0,-0.0031057000059220,0.0000000000000000,0.0033881341141635,0.0000000000000000,32.3748223942373485,3.0000924616091420,-130540259.252618,46888.613605,130493370.6390332877636,-6120851773317.0000000000000,0,7.8e-07
1.0022007486212077,0.0,-0.0031053125483243,0.0000000000000000,0.0033873963738356,0.0000000000000000,32.3720595058024614,3.0000924763124641,-131907637.378621,46839.210001,131860798.1685846745968,-6178449532671.0000000000000,0,1.4e-06
1.0022012515723007,0.0,-0.0031049217357047,0.0000000000000000,0.0033866507916439,0.0000000000000000,32.3692701092293547,3.0000924911495281,-133278405.305575,46788.997762,133231616.3078164309263,-6235963007177.0000000000000,0,1.2e-07
1.0022017592685204,0.0,-0.0031045275324178,0.0000000000000000,0.0033858972895618,0.0000000000000000,32.3664539367210224,3.0000925061216748,-134653221.757594,46738.027660,134606483.7299146950245,-6293426005626.0000000000000,0,6.9e-07
1.0022022717574977,0.0,-0.0031041299024233,0.0000000000000000,0.0033851357888447,0.0000000000000000,32.3636107178276333,3.0000925212302580,-136030821.942188,46686.184509,135984135.7577503025532,-6350760042344.0000000000000,0,2.7e-06
1.0022027890873206,0.0,-0.0031037288092806,0.0000000000000000,0.0033843662100277,0.0000000000000000,32.3607401794189684,3.0000925364766462,-137412436.796317,46633.564475,137365803.2318660616875,-6408031727840.0000000000000,0,8.2e-07
1.0022033113065392,0.0,-0.0031033242161424,0.0000000000000000,0.0033835884729200,0.0000000000000000,32.3578420456566462,3.0000925518622199,-138796483.530519,46580.026681,138749903.5038934946060,-6465143898566.0000000000000,0,2.0e-06
1.0022038384641696,0.0,-0.0031029160857501,0.0000000000000000,0.0033828024965984,0.0000000000000000,32.3549160379660350,3.0000925673883736,-140183423.106380,46525.601559,140136897.5048652589321,-6522118082508.0000000000000,0,1.6e-06
1.0022043706096988,0.0,-0.0031025043804268,0.0000000000000000,0.0033820081994060,0.0000000000000000,32.3519618750079232,3.0000925830565150,-141573164.349988,46470.271886,141526694.0780641138554,-6578943444426.0000000000000,0,1.4e-06
1.0022049077930721,0.0,-0.0031020890620845,0.0000000000000000,0.0033812054989712,0.0000000000000000,32.3489792726495935,3.0000925988680653,-142964601.510899,46413.939380,142918187.5714626610279,-6635550356050.0000000000000,0,2.2e-06
1.0022054500647668,0.0,-0.0031016700921652,0.0000000000000000,0.0033803943121005,0.0000000000000000,32.3459679439369623,3.0000926148244629,-144357531.882244,46356.579216,144311175.3029933571815,-6691921367078.0000000000000,0,1.3e-06
1.0022059974756903,0.0,-0.0031012474317164,0.0000000000000000,0.0033795745549319,0.0000000000000000,32.3429275990641187,3.0000926309271545,-145752121.494140,46298.194477,145705823.2996180355549,-6748060073028.0000000000000,0,1.7e-06
1.0022065500772575,0.0,-0.0031008210413281,0.0000000000000000,0.0033787461428233,0.0000000000000000,32.3398579453444981,3.0000926471776057,-147147326.338680,46238.693843,147101087.6448634266853,-6803900168622.0000000000000,0,9.4e-07
1.0022071079213770,0.0,-0.0031003908811421,0.0000000000000000,0.0033779089903749,0.0000000000000000,32.3367586871810460,3.0000926635772944,-148543780.119761,46178.115135,148497602.0046524405479,-6859471777076.0000000000000,0,9.7e-07
1.0022076710604557,0.0,-0.0030999569108444,0.0000000000000000,0.0033770630114253,0.0000000000000000,32.3336295260361339,3.0000926801277132,-149940534.875578,46116.374037,149894418.5015925765038,-6914713781820.0000000000000,0,1.9e-06
1.0022082395474028,0.0,-0.0030995190896591,0.0000000000000000,0.0033762081190475,0.0000000000000000,32.3304701604012266,3.0000926968303689,-151337711.109586,46053.467004,151291657.6426129043102,-6969626280398.0000000000000,0,1.2e-06
1.0022088134356353,0.0,-0.0030990773763419,0.0000000000000000,0.0033753442255443,0.0000000000000000,32.3272802857662356,3.0000927136867848,-152734076.348294,45989.289722,152688087.0586645007133,-7024131673348.0000000000000,0,3.5e-06
1.0022093927791023,0.0,-0.0030986317291572,0.0000000000000000,0.0033744712424139,0.0000000000000000,32.3240595945888884,3.0000927306984986,-154130500.259643,45923.891739,154084576.3679647445679,-7078272398292.0000000000000,0,2.3e-06
1.0022099776322140,0.0,-0.0030981821059306,0.0000000000000000,0.0033735890804603,0.0000000000000000,32.3208077762624200,3.0000927478670598,-155526072.984754,45857.191366,155480215.7933972179890,-7131988889844.0000000000000,0,3.4e-07
1.0022105680499558,0.0,-0.0030977284639569,0.0000000000000000,0.0033726976496252,0.0000000000000000,32.3175245170852037,3.0000927651940388,-156920649.031832,45789.161916,156874859.8698227107525,-7185265021128.0000000000000,0,3.5e-06
1.0022111640878226,0.0,-0.0030972707600480,0.0000000000000000,0.0033717968590882,0.0000000000000000,32.3142095002282801,3.0000927826810173,-158311527.535434,45719.597799,158265807.9377087950706,-7237939354108.0000000000000,0,2.7e-06
1.0022117658018410,0.0,-0.0030968089505121,0.0000000000000000,0.0033708866172393,0.0000000000000000,32.3108624057032472,3.0000928003295932,-159702173.572335,45648.723210,159656524.8490979075432,-7290200321766.0000000000000,0,1.1e-06
1.0022123732485735,0.0,-0.0030963429911459,0.0000000000000000,0.0033699668316745,0.0000000000000000,32.3074829103297105,3.0000928181413826,-161089015.553266,45576.271903,161043439.2813942730427,-7341836768228.0000000000000,0,1.3e-06
1.0022129864851244,0.0,-0.0030958728372280,0.0000000000000000,0.0033690374091897,0.0000000000000000,32.3040706877024490,3.0000928361180148,-162473134.498066,45502.299068,162427632.1990567445755,-7392901146988.0000000000000,0,2.2e-06
1.0022136055691437,0.0,-0.0030953984435107,0.0000000000000000,0.0033680982557801,0.0000000000000000,32.3006254081582185,3.0000928542611369,-163854409.093646,45426.774083,163808982.3195644021034,-7443377224198.0000000000000,0,2.3e-08
1.0022142305588333,0.0,-0.0030949197642123,0.0000000000000000,0.0033671492766353,0.0000000000000000,32.2971467387422138,3.0000928725724103,-165231877.692575,45349.609516,165186528.0829931497574,-7493201144030.0000000000000,0,2.6e-06
1.0022148615129516,0.0,-0.0030944367530100,0.0000000000000000,0.0033661903761323,0.0000000000000000,32.2936343431742188,3.0000928910535150,-166603740.855017,45270.664853,166558470.1901876032352,-7542262111424.0000000000000,0,9.7e-07
1.0022154984908371,0.0,-0.0030939493630152,0.0000000000000000,0.0033652214578091,0.0000000000000000,32.2900878818147277,3.0000929097061468,-167972000.781023,45190.044905,167926810.7360787987709,-7590662264562.0000000000000,0,1.4e-06
1.0022161415523414,0.0,-0.0030934575468243,0.0000000000000000,0.0033642424244661,0.0000000000000000,32.2865070116294248,3.0000929285320175,-169334092.472808,45107.557663,169288984.9151537418365,-7638247338986.0000000000000,0,3.0e-07
1.0022167907579373,0.0,-0.0030929612564283,0.0000000000000000,0.0033632531780091,0.0000000000000000,32.2828913861553133,3.0000929475328570,-170690766.268351,45023.223022,170645743.0453375279903,-7685048436020.0000000000000,0,2.5e-07
1.0022174461686593,0.0,-0.0030924604432560,0.0000000000000000,0.0033622536195439,0.0000000000000000,32.2792406554650029,3.0000929667104117,-172040805.664323,44936.934707,171995868.7296661734581,-7730986442678.0000000000000,0,1.8e-06
1.0022181078461225,0.0,-0.0030919550581536,0.0000000000000000,0.0033612436493497,0.0000000000000000,32.2755544661311689,3.0000929860664463,-173384070.322801,44848.652009,173339221.6708790063858,-7776041818932.0000000000000,0,3.2e-06
1.0022187758525305,0.0,-0.0030914450513754,0.0000000000000000,0.0033602231668756,0.0000000000000000,32.2718324611905558,3.0000930056027415,-174720505.917713,44758.337851,174675747.5799244344234,-7820199422676.0000000000000,0,2.3e-06
1.0022194502506785,0.0,-0.0030909303725754,0.0000000000000000,0.0033591920707380,0.0000000000000000,32.2680742801076477,3.0000930253210956,-176049064.713490,44665.892455,176004398.8210753500462,-7863388584186.0000000000000,0,1.5e-06
1.0022201311039591,0.0,-0.0030904109707980,0.0000000000000000,0.0033581502587181,0.0000000000000000,32.2642795587379396,3.0000930452233270,-177369449.576547,44571.259870,177324878.3166720569134,-7905579830806.0000000000000,0,1.8e-07
1.0022208184763688,0.0,-0.0030898867944693,0.0000000000000000,0.0033570976277570,0.0000000000000000,32.2604479292908479,3.0000930653112698,-178681658.887236,44474.399815,178637184.4872776269913,-7946759562478.0000000000000,0,5.3e-06
1.0022215124325127,0.0,-0.0030893577913866,0.0000000000000000,0.0033560340739535,0.0000000000000000,32.2565790202922571,3.0000930855867769,-179981694.610123,44375.036164,179937319.5739984214306,-7986694200024.0000000000000,0,1.4e-06
1.0022222130376095,0.0,-0.0030888239087100,0.0000000000000000,0.0033549594925634,0.0000000000000000,32.2526724565466552,3.0000931060517213,-181273003.407382,44273.326641,181228730.0808002054691,-8025558880200.0000000000000,0,2.2e-06
1.0022229203574875,0.0,-0.0030882850929604,0.0000000000000000,0.0033538737780099,0.0000000000000000,32.2487278590987358,3.0000931267079918,-182554905.446951,44169.182563,182510736.2643214166164,-8063300958616.0000000000000,0,2.5e-06
1.0022236344586082,0.0,-0.0030877412899948,0.0000000000000000,0.0033527768238538,0.0000000000000000,32.2447448451949157,3.0000931475574988,-183824076.773121,44062.365202,183780014.4078925251961,-8099723608278.0000000000000,0,8.1e-07
1.0022238226222462,0.0,-0.0030875980282079,0.0000000000000000,0.0033524876430277,0.0000000000000000,32.2436952328129536,3.0000931530504955,-184153766.868707,44033.905326,184109732.9634592533112,-8109009521262.0000000000000,0,3.0e-06
1.0022240126501980,0.0,-0.0030874533588584,0.0000000000000000,0.0033521955399270,0.0000000000000000,32.2426351788598851,3.0000931585975859,-184486242.383278,44005.114758,184442237.2685718536377,-8118338258024.0000000000000,0,1.8e-06
1.0022242045579850,0.0,-0.0030873072703186,0.0000000000000000,0.0033519004893609,0.0000000000000000,32.2415645957028616,3.0000931641992157,-184820239.611204,43975.917500,184776263.6937264800072,-8127639605216.0000000000000,0,8.3e-07
1.0022243983640902,0.0,-0.0030871597487054,0.0000000000000000,0.0033516024615669,0.0000000000000000,32.2404833790555898,3.0000931698559161,-185156611.916451,43946.355186,185112665.5611720979214,-8136958249534.0000000000000,0,3.5e-06
1.0022245940871761,0.0,-0.0030870107799979,0.0000000000000000,0.0033513014264860,0.0000000000000000,32.2393914235998480,3.0000931755682232,-185491291.329170,43916.196779,185447375.1325443089008,-8146072022206.0000000000000,0,5.7e-06
1.0022247917460887,0.0,-0.0030868603500352,0.0000000000000000,0.0033509973537586,0.0000000000000000,32.2382886229751691,3.0000931813366805,-185831026.449702,43885.809546,185787140.6401593089104,-8155345033928.0000000000000,0,1.2e-07
1.0022249913598569,0.0,-0.0030867084445153,0.0000000000000000,0.0033506902127228,0.0000000000000000,32.2371748697684950,3.0000931871618337,-186170828.484360,43854.911224,186126973.5731511414051,-8164505152796.0000000000000,0,5.4e-07
1.0022251929476962,0.0,-0.0030865550489935,0.0000000000000000,0.0033503799724095,0.0000000000000000,32.2360500555036751,3.0000931930442354,-186511975.412484,43823.566794,186468151.8457305431366,-8173620004776.0000000000000,0,1.5e-06
1.0022253965290089,0.0,-0.0030864001488810,0.0000000000000000,0.0033500666015420,0.0000000000000000,32.2349140706308717,3.0000931989844446,-186854735.151900,43791.783847,186810943.3680993020535,-8182702163764.0000000000000,0,1.8e-06
1.0022256021233873,0.0,-0.0030862437294433,0.0000000000000000,0.0033497500685308,0.0000000000000000,32.2337668045158665,3.0000932049830231,-187199201.934042,43759.561697,187155442.3723689913750,-8191755021918.0000000000000,0,9.7e-07
1.0022258097506149,0.0,-0.0030860857757982,0.0000000000000000,0.0033494303414730,0.0000000000000000,32.2326081454292392,3.0000932110405412,-187545224.240302,43726.884673,187501497.3556186854839,-8200768393538.0000000000000,0,5.0e-07
1.0022260194306685,0.0,-0.0030859262729149,0.0000000000000000,0.0033491073881459,0.0000000000000000,32.2314379805354676,3.0000932171575712,-187891461.743262,43693.674047,187847768.0692892074585,-8209668271472.0000000000000,0,2.8e-06
1.0022262311837191,0.0,-0.0030857652056119,0.0000000000000000,0.0033487811760086,0.0000000000000000,32.2302561958818785,3.0000932233346944,-188241105.170844,43660.095151,188197445.0756317973137,-8218624574624.0000000000000,0,2.3e-06
1.0022264450301355,0.0,-0.0030856025585554,0.0000000000000000,0.0033484516721947,0.0000000000000000,32.2290626763875139,3.0000932295724949,-188590178.949343,43625.926745,188546553.0226093232632,-8227421329640.0000000000000,0,3.3e-07
1.0022266609904844,0.0,-0.0030854383162576,0.0000000000000000,0.0033481188435125,0.0000000000000000,32.2278573058318685,3.0000932358715651,-188940717.045105,43591.270965,188897125.7742014229298,-8236165981418.0000000000000,0,2.2e-06
1.0022268790855340,0.0,-0.0030852724630756,0.0000000000000000,0.0033477826564393,0.0000000000000000,32.2266399668435284,3.0000932422325013,-189293339.155760,43556.154140,189249783.0016432106495,-8244889853728.0000000000000,0,7.8e-07
1.0022270993362548,0.0,-0.0030851049832086,0.0000000000000000,0.0033474430771207,0.0000000000000000,32.2254105408886815,3.0000932486559053,-189645790.503162,43520.447925,189602270.0553727447987,-8253469723944.0000000000000,0,5.0e-06
1.0022273217638218,0.0,-0.0030849358606975,0.0000000000000000,0.0033471000713653,0.0000000000000000,32.2241689082595002,3.0000932551423865,-190002629.272008,43484.387525,189959144.8843859732151,-8262147980700.0000000000000,0,3.7e-06
1.0022275463896171,0.0,-0.0030847650794217,0.0000000000000000,0.0033467536046432,0.0000000000000000,32.2229149480624244,3.0000932616925584,-190356709.011651,43447.586025,190313261.4257213771343,-8270539471972.0000000000000,0,3.5e-06
1.0022277732352307,0.0,-0.0030845926230987,0.0000000000000000,0.0033464036420827,0.0000000000000000,32.2216485382063382,3.0000932683070420,-190713781.532231,43410.340114,190670371.1921996176243,-8278950104792.0000000000000,0,3.1e-06
1.0022280023224641,0.0,-0.0030844184752813,0.0000000000000000,0.0033460501484661,0.0000000000000000,32.2203695553905689,3.0000932749864631,-191072360.645898,43372.562968,191028988.0829583108425,-8287297988140.0000000000000,0,1.0e-06
1.0022282336733306,0.0,-0.0030842426193563,0.0000000000000000,0.0033456930882271,0.0000000000000000,32.2190778750928359,3.0000932817314543,-191431206.380847,43334.181589,191387872.1993147730827,-8295514648456.0000000000000,0,2.1e-06
1.0022284673100585,0.0,-0.0030840650385424,0.0000000000000000,0.0033453324254487,0.0000000000000000,32.2177733715570298,3.0000932885426543,-191791906.986394,43295.270428,191748611.7159596681595,-8303682479960.0000000000000,0,2.3e-07
1.0022287032550938,0.0,-0.0030838857158886,0.0000000000000000,0.0033449681238570,0.0000000000000000,32.2164559177808627,3.0000932954207067,-192153200.514255,43255.755221,192109944.7590028345585,-8311731812124.0000000000000,0,1.0e-06
1.0022289415311001,0.0,-0.0030837046342718,0.0000000000000000,0.0033446001468214,0.0000000000000000,32.2151253855034270,3.0000933023662641,-192514695.732802,43215.606985,192471480.1258482933044,-8319639423720.0000000000000,0,1.1e-06
1.0022291821609628,0.0,-0.0030835217763957,0.0000000000000000,0.0033442284573493,0.0000000000000000,32.2137816451926113,3.0000933093799826,-192878320.074033,43174.917002,192835145.1569871902466,-8327505469508.0000000000000,0,1.7e-06
1.0022294251677903,0.0,-0.0030833371247880,0.0000000000000000,0.0033438530180832,0.0000000000000000,32.2124245660323609,3.0000933164625256,-193241602.663442,43133.548157,193198469.1152892112732,-8335195973860.0000000000000,0,1.2e-07
1.0022296705749163,0.0,-0.0030831506617987,0.0000000000000000,0.0033434737912972,0.0000000000000000,32.2110540159098591,3.0000933236145642,-193606586.146143,43091.596527,193563494.5495732128620,-8342816903304.0000000000000,0,1.6e-06
1.0022299184059023,0.0,-0.0030829623695987,0.0000000000000000,0.0033430907388945,0.0000000000000000,32.2096698614025243,3.0000933308367741,-193969500.908132,43048.859684,193926452.0486515462399,-8350165787884.0000000000000,0,7.8e-06
1.0022301686845390,0.0,-0.0030827722301766,0.0000000000000000,0.0033427038224030,0.0000000000000000,32.2082719677649152,3.0000933381298394,-194337410.187943,43005.689077,194294404.4988731145859,-8357614237316.0000000000000,0,2.0e-07
1.0022304214348494,0.0,-0.0030825802253379,0.0000000000000000,0.0033423130029719,0.0000000000000000,32.2068601989154928,3.0000933454944496,-194703525.970653,42961.727920,194660564.2427929937840,-8364799896072.0000000000000,0,2.3e-06
1.0022306766810909,0.0,-0.0030823863367020,0.0000000000000000,0.0033419182413694,0.0000000000000000,32.2054344174232128,3.0000933529312999,-195071707.450595,42917.162659,195028790.2878954708576,-8371924206776.0000000000000,0,1.5e-06
1.0022309344477571,0.0,-0.0030821905457003,0.0000000000000000,0.0033415194979778,0.0000000000000000,32.2039944844940180,3.0000933604410953,-195439163.900689,42871.841467,195396292.0592148303986,-8378836852256.0000000000000,0,2.0e-07
1.0022311947595801,0.0,-0.0030819928335747,0.0000000000000000,0.0033411167327918,0.0000000000000000,32.2025402599572104,3.0000933680245452,-195806429.287074,42825.781406,195763603.5057690739632,-8385563318888.0000000000000,0,3.7e-06
1.0022314576415337,0.0,-0.0030817931813742,0.0000000000000000,0.0033407099054133,0.0000000000000000,32.2010716022516164,3.0000933756823658,-196175173.845032,42779.055289,196132394.7898345589638,-8392188590128.0000000000000,0,3.5e-06
1.0022317231188342,0.0,-0.0030815915699538,0.0000000000000000,0.0033402989750488,0.0000000000000000,32.1995883684116677,3.0000933834152823,-196545649.818799,42731.664465,196502918.1542814075947,-8398722770492.0000000000000,0,2.0e-06
1.0022319912169444,0.0,-0.0030813879799721,0.0000000000000000,0.0033398839005054,0.0000000000000000,32.1980904140533184,3.0000933912240257,-196913653.235360,42683.387547,196870969.8479061722755,-8404941756240.0000000000000,0,3.3e-06
1.0022322619615751,0.0,-0.0030811823918881,0.0000000000000000,0.0033394646401882,0.0000000000000000,32.1965775933598195,3.0000933991093337,-197284308.184579,42634.468537,197241673.7160234153271,-8411111633608.0000000000000,0,6.3e-07
1.0022325353786872,0.0,-0.0030809747859603,0.0000000000000000,0.0033390411520958,0.0000000000000000,32.1950497590673450,3.0000934070719505,-197654029.638535,42584.717011,197611444.9215176403522,-8417040919436.0000000000000,0,2.6e-07
1.0022328114944947,0.0,-0.0030807651422433,0.0000000000000000,0.0033386133938165,0.0000000000000000,32.1935067624504825,3.0000934151126302,-198023616.994724,42534.161121,197981082.8336319625378,-8422768425352.0000000000000,0,1.1e-06
1.0022330903354675,0.0,-0.0030805534405860,0.0000000000000000,0.0033381813225256,0.0000000000000000,32.1919484533075462,3.0000934232321326,-198392996.079046,42482.784733,198350513.2944036126137,-8428286926780.0000000000000,0,3.4e-06
1.0022333719283321,0.0,-0.0030803396606289,0.0000000000000000,0.0033377448949821,0.0000000000000000,32.1903746799457835,3.0000934314312238,-198764049.302719,42430.666797,198721618.6359013020992,-8433691151124.0000000000000,0,6.9e-07
1.0022336563000767,0.0,-0.0030801237818019,0.0000000000000000,0.0033373040675227,0.0000000000000000,32.1887852891663826,3.0000934397106795,-199133334.525558,42377.626465,199090956.8991360962391,-8438798058612.0000000000000,0,1.6e-06
1.0022339434779513,0.0,-0.0030799057833219,0.0000000000000000,0.0033368587960612,0.0000000000000000,32.1871801262493662,3.0000934480712820,-199503338.159348,42323.771276,199461014.3880846500397,-8443733650220.0000000000000,0,5.9e-07
1.0022342334894720,0.0,-0.0030796856441899,0.0000000000000000,0.0033364090360823,0.0000000000000000,32.1855590349383007,3.0000934565138202,-199873287.547066,42269.050233,199831018.4968054294586,-8448454037460.0000000000000,0,1.1e-06
1.0022345263624222,0.0,-0.0030794633431889,0.0000000000000000,0.0033359547426397,0.0000000000000000,32.1839218574248633,3.0000934650390922,-200241617.604898,42213.373555,200199404.2314005494118,-8452874193652.0000000000000,0,2.2e-06
1.0022348221248560,0.0,-0.0030792388588811,0.0000000000000000,0.0033354958703517,0.0000000000000000,32.1822684343332455,3.0000934736479046,-200610934.516868,42156.852570,200568777.6643050611019,-8457125589176.0000000000000,0,2.4e-07
1.0022351208051006,0.0,-0.0030790121696053,0.0000000000000000,0.0033350323733969,0.0000000000000000,32.1805986047044001,3.0000934823410681,-200979848.920263,42099.405189,200937749.5150213241577,-8461132105024.0000000000000,0,1.9e-06
1.0022354224317591,0.0,-0.0030787832534745,0.0000000000000000,0.0033345642055111,0.0000000000000000,32.1789122059801116,3.0000934911194053,-201345966.454750,42040.902750,201303925.5521130859852,-8464766171728.0000000000000,0,4.3e-06
1.0022357270337130,0.0,-0.0030785520883730,0.0000000000000000,0.0033340913199830,0.0000000000000000,32.1772090739869370,3.0000934999837456,-201712928.413571,41981.503189,201670946.9105153679848,-8468211920356.0000000000000,0,5.0e-06
1.0022360346401245,0.0,-0.0030783186519536,0.0000000000000000,0.0033336136696517,0.0000000000000000,32.1754890429199278,3.0000935089349259,-202081011.885458,41921.202576,202039090.6828550398350,-8471479041752.0000000000000,0,1.1e-06
1.0022363452804395,0.0,-0.0030780829216352,0.0000000000000000,0.0033331312069010,0.0000000000000000,32.1737519453262593,3.0000935179737906,-202445549.487613,41859.764670,202403689.7230217456818,-8474323044088.0000000000000,0,2.9e-06
1.0022366589843907,0.0,-0.0030778448745997,0.0000000000000000,0.0033326438836567,0.0000000000000000,32.1719976120886031,3.0000935271011948,-202810201.926374,41797.345364,202768404.5811002850533,-8476928035520.0000000000000,0,3.2e-06
1.0022369757820000,0.0,-0.0030776044877891,0.0000000000000000,0.0033321516513835,0.0000000000000000,32.1702258724083947,3.0000935363179999,-203175849.080829,41733.967499,203134115.1132236123085,-8479334303940.0000000000000,0,3.9e-06
1.0022372957035812,0.0,-0.0030773617379032,0.0000000000000000,0.0033316544610782,0.0000000000000000,32.1684365537889079,3.0000935456250759,-203537729.250241,41669.391775,203496059.8584381937981,-8481293387088.0000000000000,0,1.1e-06
1.0022376187797570,0.0,-0.0030771166013851,0.0000000000000000,0.0033311522632479,0.0000000000000000,32.1666294820183296,3.0000935550233017,-203899203.817639,41603.756657,203857600.0609521567822,-8482972864364.0000000000000,0,1.2e-06
1.0022379450413994,0.0,-0.0030768690544664,0.0000000000000000,0.0033306450080001,0.0000000000000000,32.1648044811517551,3.0000935645135649,-204258226.824828,41536.948963,204216689.8759493529797,-8484263526176.0000000000000,0,3.0e-06
1.0022382745197351,0.0,-0.0030766190730858,0.0000000000000000,0.0033301326448802,0.0000000000000000,32.1629613734948023,3.0000935740967614,-204617937.625071,41469.093817,204576468.5312442183495,-8485320454116.0000000000000,0,4.3e-07
1.0022386072462743,0.0,-0.0030763666329428,0.0000000000000000,0.0033296151229841,0.0000000000000000,32.1610999795853019,3.0000935837737956,-204975003.391307,41400.018379,204933603.3729356825352,-8485968905824.0000000000000,0,3.5e-07
1.0022389432528331,0.0,-0.0030761117094793,0.0000000000000000,0.0033290923909211,0.0000000000000000,32.1592201181756323,3.0000935935455826,-205330447.882569,41329.749676,205289118.1329239606857,-8486256005292.0000000000000,0,1.2e-06
1.0022392825715372,0.0,-0.0030758542778766,0.0000000000000000,0.0033285643968117,0.0000000000000000,32.1573216062147296,3.0000936034130437,-205683980.214789,41258.253756,205642721.9611110687256,-8486161833392.0000000000000,0,2.7e-06
1.0022396252348482,0.0,-0.0030755943130332,0.0000000000000000,0.0033280310882454,0.0000000000000000,32.1554042588301883,3.0000936133771110,-206035441.839660,41185.502069,205994256.3377301692963,-8485673087492.0000000000000,0,5.2e-06
1.0022399712754775,0.0,-0.0030753317896306,0.0000000000000000,0.0033274924124168,0.0000000000000000,32.1534678893088852,3.0000936234387261,-206386316.914773,41111.539239,206345205.3756137192249,-8484859149808.0000000000000,0,2.8e-06
1.0022403207265134,0.0,-0.0030750666820352,0.0000000000000000,0.0033269483159262,0.0000000000000000,32.1515123090796635,3.0000936335988371,-206736475.589992,41036.336421,206695439.2534506917000,-8483707587740.0000000000000,0,4.5e-06
1.0022406736213481,0.0,-0.0030747989643525,0.0000000000000000,0.0033263987448965,0.0000000000000000,32.1495373276938992,3.0000936438584045,-207081045.662200,40959.652787,207040086.0094321370125,-8481967725420.0000000000000,0,5.7e-07
1.0022410299936975,0.0,-0.0030745286104113,0.0000000000000000,0.0033258436449415,0.0000000000000000,32.1475427528067002,3.0000936542183965,-207424898.777678,40881.682052,207384017.0956238508224,-8479878761888.0000000000000,0,6.5e-08
1.0022413898776055,0.0,-0.0030742555937593,0.0000000000000000,0.0033252829611613,0.0000000000000000,32.1455283901577431,3.0000936646797904,-207765919.834059,40802.305468,207725117.5286138951778,-8477328522272.0000000000000,0,7.6e-07
1.0022417533074461,0.0,-0.0030739798876607,0.0000000000000000,0.0033247166381379,0.0000000000000000,32.1434940435519394,3.0000936752435754,-208103970.023497,40721.492093,208063248.5314840972424,-8474304152916.0000000000000,0,3.1e-06
1.0022421203179268,0.0,-0.0030737014650916,0.0000000000000000,0.0033241446199329,0.0000000000000000,32.1414395148399024,3.0000936859107488,-208440917.305777,40639.297481,208400278.0082892477512,-8470892446940.0000000000000,0,2.0e-07
1.0022424909440921,0.0,-0.0030734202987373,0.0000000000000000,0.0033235668500810,0.0000000000000000,32.1393646038981942,3.0000936966823160,-208774086.075123,40555.577748,208733530.4973706007004,-8466953680192.0000000000000,0,5.6e-08
1.0022428652213260,0.0,-0.0030731363609879,0.0000000000000000,0.0033229832715889,0.0000000000000000,32.1372691086093738,3.0000937075592953,-209103909.644163,40470.324547,209063439.3196544349194,-8462503079124.0000000000000,0,1.5e-06
1.0022432431853561,0.0,-0.0030728496239353,0.0000000000000000,0.0033223938269280,0.0000000000000000,32.1351528248418603,3.0000937185427126,-209431343.547261,40383.551097,209390959.9961827099323,-8457581359692.0000000000000,0,5.7e-07
1.0022436248722562,0.0,-0.0030725600593692,0.0000000000000000,0.0033217984580336,0.0000000000000000,32.1330155464295473,3.0000937296336061,-209755512.986469,40295.189985,209715217.7964769303799,-8452138247700.0000000000000,0,2.1e-07
1.0022440103184500,0.0,-0.0030722676387729,0.0000000000000000,0.0033211971062978,0.0000000000000000,32.1308570651512539,3.0000937408330226,-210075239.888044,40205.160968,210035034.7271503210068,-8446108819436.0000000000000,0,2.8e-06
1.0022443995607140,0.0,-0.0030719723333200,0.0000000000000000,0.0033205897125669,0.0000000000000000,32.1286771707099206,3.0000937521420199,-210391844.440699,40113.489808,210351730.9510076642036,-8439551082816.0000000000000,0,4.3e-06
1.0022447926361810,0.0,-0.0030716741138704,0.0000000000000000,0.0033199762171382,0.0000000000000000,32.1264756507116260,3.0000937635616642,-210706801.145017,40020.206945,210666780.9380386769772,-8432529793224.0000000000000,0,1.2e-06
1.0022451895823441,0.0,-0.0030713729509658,0.0000000000000000,0.0033193565597542,0.0000000000000000,32.1242522906443497,3.0000937750930357,-211015889.436438,39925.100298,210975964.3361559510231,-8424830546956.0000000000000,0,5.1e-07
1.0022455904370586,0.0,-0.0030710688148263,0.0000000000000000,0.0033187306795995,0.0000000000000000,32.1220068738565416,3.0000937867372226,-211322312.829010,39828.271465,211282484.5574823617935,-8416602455308.0000000000000,0,2.4e-06
1.0022459952385472,0.0,-0.0030707616753458,0.0000000000000000,0.0033180985152959,0.0000000000000000,32.1197391815354720,3.0000937984953233,-211624049.539685,39729.600567,211584319.9390282332897,-8407738977460.0000000000000,0,3.4e-06
1.0022464040254020,0.0,-0.0030704515020883,0.0000000000000000,0.0033174600048996,0.0000000000000000,32.1174489926853468,3.0000938103684494,-211919880.429667,39629.001403,211880251.4282988607883,-8398173231668.0000000000000,0,1.2e-06
1.0022468168365888,0.0,-0.0030701382642832,0.0000000000000000,0.0033168150858962,0.0000000000000000,32.1151360841051812,3.0000938223577229,-212212784.360258,39526.560764,212173257.7995061278343,-8388041513148.0000000000000,0,5.0e-07
1.0022472337114507,0.0,-0.0030698219308215,0.0000000000000000,0.0033161636951966,0.0000000000000000,32.1128002303664744,3.0000938344642751,-212500826.043311,39422.160208,212461403.8831184804440,-8377241605012.0000000000000,0,5.9e-07
1.0022476546897108,0.0,-0.0030695024702508,0.0000000000000000,0.0033155057691333,0.0000000000000000,32.1104412037906357,3.0000938466892486,-212784465.323207,39315.779126,212745149.5440616309643,-8365787044312.0000000000000,0,6.7e-07
1.0022480798114766,0.0,-0.0030691798507714,0.0000000000000000,0.0033148412434564,0.0000000000000000,32.1080587744261834,3.0000938590337993,-213063902.238094,39207.384911,213024694.8530584871769,-8353678452100.0000000000000,0,4.6e-06
